,Datas,59181000
0,2019-09-01,5.619
1,2019-09-02,1.314
2,2019-09-03,1.089
3,2019-09-04,1.347
4,2019-09-05,1.863
5,2019-09-06,1.898
6,2019-09-07,2.116
7,2019-09-08,3.035
8,2019-09-09,3.73
9,2019-09-10,3.563
10,2019-09-11,2.996
11,2019-09-12,3.035
12,2019-09-13,3.855
13,2019-09-14,4.067
14,2019-09-15,3.358
15,2019-09-16,2.916
16,2019-09-17,3.236
17,2019-09-18,4.067
18,2019-09-19,5.436
19,2019-09-20,8.592
20,2019-09-21,12.608
21,2019-09-22,28.027
22,2019-09-23,34.289
23,2019-09-24,33.809
24,2019-09-25,39.226
25,2019-09-26,46.279
26,2019-09-27,35.014
27,2019-09-28,28.027
28,2019-09-29,20.636
29,2019-09-30,13.785
30,2019-08-01,3.358
31,2019-08-02,3.115
32,2019-08-03,2.877
33,2019-08-04,2.643
34,2019-08-05,2.566
35,2019-08-06,2.338
36,2019-08-07,2.263
37,2019-08-08,2.006
38,2019-08-09,1.792
39,2019-08-10,1.583
40,2019-08-11,1.38
41,2019-08-12,2.528
42,2019-08-13,3.772
43,2019-08-14,5.255
44,2019-08-15,8.307
45,2019-08-16,9.172
46,2019-08-17,6.418
47,2019-08-18,5.391
48,2019-08-19,5.03
49,2019-08-20,4.586
50,2019-08-21,3.982
51,2019-08-22,3.522
52,2019-08-23,3.236
53,2019-08-24,3.115
54,2019-08-25,2.916
55,2019-08-26,2.798
56,2019-08-27,2.682
57,2019-08-28,2.414
58,2019-08-29,2.189
59,2019-08-30,1.827
60,2019-08-31,1.652
61,2019-07-01,5.03
62,2019-07-02,4.896
63,2019-07-03,5.574
64,2019-07-04,6.547
65,2019-07-05,8.166
66,2019-07-06,8.449
67,2019-07-07,7.612
68,2019-07-08,6.677
69,2019-07-09,9.616
70,2019-07-10,10.995
71,2019-07-11,9.319
72,2019-07-12,8.026
73,2019-07-13,7.749
74,2019-07-14,7.475
75,2019-07-15,6.939
76,2019-07-16,6.163
77,2019-07-17,5.255
78,2019-07-18,4.325
79,2019-07-19,3.73
80,2019-07-20,3.481
81,2019-07-21,3.317
82,2019-07-22,3.317
83,2019-07-23,3.035
84,2019-07-24,2.916
85,2019-07-25,2.682
86,2019-07-26,2.566
87,2019-07-27,2.376
88,2019-07-28,2.49
89,2019-07-29,2.72
90,2019-07-30,2.72
91,2019-07-31,3.155
92,2019-06-01,11.953
93,2019-06-02,14.301
94,2019-06-03,15.713
95,2019-06-04,13.444
96,2019-06-05,11.47
97,2019-06-06,9.467
98,2019-06-07,8.88
99,2019-06-08,8.166
100,2019-06-09,8.026
101,2019-06-10,7.612
102,2019-06-11,6.939
103,2019-06-12,6.807
104,2019-06-13,9.172
105,2019-06-14,8.307
106,2019-06-15,9.766
107,2019-06-16,15.178
108,2019-06-17,18.112
109,2019-06-18,16.438
110,2019-06-19,13.785
111,2019-06-20,11.153
112,2019-06-21,9.467
113,2019-06-22,8.592
114,2019-06-23,8.307
115,2019-06-24,7.612
116,2019-06-25,6.939
117,2019-06-26,6.418
118,2019-06-27,5.665
119,2019-06-28,5.436
120,2019-06-29,5.3
121,2019-06-30,5.119
122,2019-05-01,8.736
123,2019-05-02,8.449
124,2019-05-03,10.839
125,2019-05-04,15.001
126,2019-05-05,13.956
127,2019-05-06,12.278
128,2019-05-07,11.153
129,2019-05-08,10.528
130,2019-05-09,16.621
131,2019-05-10,21.64
132,2019-05-11,15.713
133,2019-05-12,12.278
134,2019-05-13,11.47
135,2019-05-14,13.107
136,2019-05-15,14.649
137,2019-05-16,12.443
138,2019-05-17,10.995
139,2019-05-18,10.374
140,2019-05-19,9.467
141,2019-05-20,8.307
142,2019-05-21,7.887
143,2019-05-22,7.475
144,2019-05-23,9.172
145,2019-05-24,10.374
146,2019-05-25,9.026
147,2019-05-26,8.736
148,2019-05-27,9.026
149,2019-05-28,7.887
150,2019-05-29,12.443
151,2019-05-30,11.953
152,2019-05-31,10.683
153,2019-04-01,45.207
154,2019-04-02,37.719
155,2019-04-03,30.983
156,2019-04-04,25.398
157,2019-04-05,23.7
158,2019-04-06,30.061
159,2019-04-07,35.5
160,2019-04-08,31.447
161,2019-04-09,36.234
162,2019-04-10,30.983
163,2019-04-11,27.582
164,2019-04-12,25.613
165,2019-04-13,31.447
166,2019-04-14,36.727
167,2019-04-15,47.906
168,2019-04-16,52.344
169,2019-04-17,39.226
170,2019-04-18,30.751
171,2019-04-19,26.046
172,2019-04-20,23.074
173,2019-04-21,25.398
174,2019-04-22,28.027
175,2019-04-23,27.582
176,2019-04-24,21.035
177,2019-04-25,18.112
178,2019-04-26,14.128
179,2019-04-27,11.953
180,2019-04-28,11.47
181,2019-04-29,10.683
182,2019-04-30,9.616
183,2019-03-01,14.128
184,2019-03-02,20.636
185,2019-03-03,29.833
186,2019-03-04,27.804
187,2019-03-05,20.24
188,2019-03-06,25.829
189,2019-03-07,32.856
190,2019-03-08,28.924
191,2019-03-09,21.035
192,2019-03-10,16.804
193,2019-03-11,14.301
194,2019-03-12,15.893
195,2019-03-13,21.035
196,2019-03-14,27.582
197,2019-03-15,26.481
198,2019-03-16,21.843
199,2019-03-17,29.377
200,2019-03-18,33.809
201,2019-03-19,38.722
202,2019-03-20,45.742
203,2019-03-21,49.001
204,2019-03-22,42.829
205,2019-03-23,34.049
206,2019-03-24,28.474
207,2019-03-25,27.582
208,2019-03-26,34.049
209,2019-03-27,40.756
210,2019-03-28,50.384
211,2019-03-29,58.684
212,2019-03-30,51.221
213,2019-03-31,47.906
214,2019-02-01,31.215
215,2019-02-02,40.499
216,2019-02-03,56.058
217,2019-02-04,65.906
218,2019-02-05,46.819
219,2019-02-06,29.15
220,2019-02-07,24.543
221,2019-02-08,28.699
222,2019-02-09,32.62
223,2019-02-10,27.139
224,2019-02-11,23.49
225,2019-02-12,19.456
226,2019-02-13,16.621
227,2019-02-14,17.174
228,2019-02-15,12.773
229,2019-02-16,9.917
230,2019-02-17,10.22
231,2019-02-18,15.001
232,2019-02-19,20.24
233,2019-02-20,27.804
234,2019-02-21,41.013
235,2019-02-22,55.192
236,2019-02-23,78.956
237,2019-02-24,74.08
238,2019-02-25,47.361
239,2019-02-26,28.699
240,2019-02-27,18.492
241,2019-02-28,10.839
242,2019-01-01,28.474
243,2019-01-02,27.582
244,2019-01-03,32.384
245,2019-01-04,39.988
246,2019-01-05,34.049
247,2019-01-06,31.681
248,2019-01-07,33.094
249,2019-01-08,19.651
250,2019-01-09,30.061
251,2019-01-10,31.215
252,2019-01-11,20.24
253,2019-01-12,21.438
254,2019-01-13,31.681
255,2019-01-14,25.183
256,2019-01-15,15.534
257,2019-01-16,11.311
258,2019-01-17,13.614
259,2019-01-18,11.63
260,2019-01-19,8.592
261,2019-01-20,8.449
262,2019-01-21,13.107
263,2019-01-22,25.613
264,2019-01-23,35.744
265,2019-01-24,29.604
266,2019-01-25,24.969
267,2019-01-26,31.914
268,2019-01-27,30.291
269,2019-01-28,27.36
270,2019-01-29,23.91
271,2019-01-30,22.25
272,2019-01-31,25.183
273,2018-12-01,28.25
274,2018-12-02,22.661
275,2018-12-03,23.074
276,2018-12-04,16.804
277,2018-12-05,16.989
278,2018-12-06,20.636
279,2018-12-07,28.699
280,2018-12-08,43.88
281,2018-12-09,40.499
282,2018-12-10,5.788
283,2018-12-11,25.398
284,2018-12-12,13.614
285,2018-12-13,12.773
286,2018-12-14,6.677
287,2018-12-15,6.677
288,2018-12-16,12.773
289,2018-12-17,21.438
290,2018-12-18,16.255
291,2018-12-19,10.683
292,2018-12-20,14.128
293,2018-12-21,21.438
294,2018-12-22,29.833
295,2018-12-23,96.746
296,2018-12-24,65.906
297,2018-12-25,82.941
298,2018-12-26,49.829
299,2018-12-27,33.331
300,2018-12-28,18.302
301,2018-12-29,21.438
302,2018-12-30,30.983
303,2018-12-31,26.481
304,2018-11-01,15.328
305,2018-11-02,11.788
306,2018-11-03,15.328
307,2018-11-04,23.725
308,2018-11-05,54.106
309,2018-11-06,95.237
310,2018-11-07,132.98
311,2018-11-08,210.331
312,2018-11-09,109.097
313,2018-11-10,75.692
314,2018-11-11,56.058
315,2018-11-12,46.549
316,2018-11-13,35.989
317,2018-11-14,20.24
318,2018-11-15,63.161
319,2018-11-16,60.758
320,2018-11-17,46.549
321,2018-11-18,28.474
322,2018-11-19,47.906
323,2018-11-20,44.144
324,2018-11-21,32.149
325,2018-11-22,20.636
326,2018-11-23,11.63
327,2018-11-24,6.807
328,2018-11-25,28.25
329,2018-11-26,73.118
330,2018-11-27,75.369
331,2018-11-28,37.222
332,2018-11-29,33.331
333,2018-11-30,28.924
334,2018-10-01,6.36
335,2018-10-02,11.933
336,2018-10-03,15.982
337,2018-10-04,12.08
338,2018-10-05,9.161
339,2018-10-06,13.896
340,2018-10-07,15.328
341,2018-10-08,10.509
342,2018-10-09,14.844
343,2018-10-10,17.497
344,2018-10-11,19.785
345,2018-10-12,30.291
346,2018-10-13,25.104
347,2018-10-14,19.966
348,2018-10-15,23.92
349,2018-10-16,27.959
350,2018-10-17,16.649
351,2018-10-18,14.367
352,2018-10-19,9.292
353,2018-10-20,9.292
354,2018-10-21,14.684
355,2018-10-22,15.49
356,2018-10-23,10.509
357,2018-10-24,11.788
358,2018-10-25,16.649
359,2018-10-26,22.952
360,2018-10-27,14.209
361,2018-10-28,14.525
362,2018-10-29,15.818
363,2018-10-30,10.371
364,2018-10-31,14.209
365,2018-09-01,4.966
366,2018-09-02,4.738
367,2018-09-03,4.693
368,2018-09-04,5.012
369,2018-09-05,4.648
370,2018-09-06,5.335
371,2018-09-07,5.242
372,2018-09-08,5.242
373,2018-09-09,5.289
374,2018-09-10,6.36
375,2018-09-11,8.39
376,2018-09-12,13.279
377,2018-09-13,12.08
378,2018-09-14,10.233
379,2018-09-15,8.139
380,2018-09-16,6.933
381,2018-09-17,7.647
382,2018-09-18,7.168
383,2018-09-19,6.817
384,2018-09-20,6.137
385,2018-09-21,5.289
386,2018-09-22,8.644
387,2018-09-23,12.227
388,2018-09-24,13.127
389,2018-09-25,9.961
390,2018-09-26,8.015
391,2018-09-27,6.587
392,2018-09-28,5.289
393,2018-09-29,5.15
394,2018-09-30,5.242
395,2018-08-01,15.654
396,2018-08-02,13.127
397,2018-08-03,10.233
398,2018-08-04,9.161
399,2018-08-05,8.139
400,2018-08-06,15.328
401,2018-08-07,14.684
402,2018-08-08,14.209
403,2018-08-09,13.127
404,2018-08-10,13.741
405,2018-08-11,11.498
406,2018-08-12,13.741
407,2018-08-13,15.166
408,2018-08-14,14.052
409,2018-08-15,12.824
410,2018-08-16,15.654
411,2018-08-17,13.896
412,2018-08-18,11.788
413,2018-08-19,9.691
414,2018-08-20,8.015
415,2018-08-21,6.701
416,2018-08-22,6.36
417,2018-08-23,6.248
418,2018-08-24,6.027
419,2018-08-25,5.808
420,2018-08-26,5.382
421,2018-08-27,5.242
422,2018-08-28,5.15
423,2018-08-29,5.196
424,2018-08-30,5.242
425,2018-08-31,5.104
426,2018-07-01,6.248
427,2018-07-02,5.335
428,2018-07-03,5.104
429,2018-07-04,5.15
430,2018-07-05,8.39
431,2018-07-06,11.212
432,2018-07-07,12.975
433,2018-07-08,11.07
434,2018-07-09,9.557
435,2018-07-10,8.39
436,2018-07-11,7.526
437,2018-07-12,6.701
438,2018-07-13,5.335
439,2018-07-14,5.15
440,2018-07-15,6.36
441,2018-07-16,12.375
442,2018-07-17,13.279
443,2018-07-18,11.212
444,2018-07-19,10.788
445,2018-07-20,9.292
446,2018-07-21,8.139
447,2018-07-22,7.405
448,2018-07-23,6.473
449,2018-07-24,5.382
450,2018-07-25,7.891
451,2018-07-26,11.933
452,2018-07-27,14.525
453,2018-07-28,14.052
454,2018-07-29,14.209
455,2018-07-30,12.08
456,2018-07-31,15.654
457,2018-06-01,16.986
458,2018-06-02,14.209
459,2018-06-03,13.279
460,2018-06-04,12.824
461,2018-06-05,12.08
462,2018-06-06,12.375
463,2018-06-07,10.788
464,2018-06-08,11.788
465,2018-06-09,12.227
466,2018-06-10,12.375
467,2018-06-11,10.929
468,2018-06-12,10.233
469,2018-06-13,9.691
470,2018-06-14,9.292
471,2018-06-15,8.901
472,2018-06-16,10.509
473,2018-06-17,12.824
474,2018-06-18,15.328
475,2018-06-19,14.844
476,2018-06-20,13.586
477,2018-06-21,15.328
478,2018-06-22,13.741
479,2018-06-23,12.524
480,2018-06-24,12.08
481,2018-06-25,11.212
482,2018-06-26,10.648
483,2018-06-27,9.691
484,2018-06-28,8.644
485,2018-06-29,7.647
486,2018-06-30,7.168
487,2018-05-01,14.367
488,2018-05-02,13.741
489,2018-05-03,16.481
490,2018-05-04,26.312
491,2018-05-05,28.377
492,2018-05-06,34.274
493,2018-05-07,32.924
494,2018-05-08,29.647
495,2018-05-09,33.821
496,2018-05-10,39.658
497,2018-05-11,36.808
498,2018-05-12,33.821
499,2018-05-13,31.596
500,2018-05-14,34.274
501,2018-05-15,34.047
502,2018-05-16,33.371
503,2018-05-17,31.816
504,2018-05-18,30.507
505,2018-05-19,29.434
506,2018-05-20,32.701
507,2018-05-21,34.729
508,2018-05-22,33.147
509,2018-05-23,31.816
510,2018-05-24,29.861
511,2018-05-25,26.312
512,2018-05-26,19.966
513,2018-05-27,16.481
514,2018-05-28,14.684
515,2018-05-29,13.741
516,2018-05-30,13.741
517,2018-05-31,15.654
518,2018-04-01,17.841
519,2018-04-02,21.251
520,2018-04-03,28.168
521,2018-04-04,34.958
522,2018-04-05,53.832
523,2018-04-06,60.861
524,2018-04-07,60.286
525,2018-04-08,50.054
526,2018-04-09,34.274
527,2018-04-10,30.076
528,2018-04-11,26.515
529,2018-04-12,22.952
530,2018-04-13,22.0
531,2018-04-14,19.425
532,2018-04-15,22.189
533,2018-04-16,29.434
534,2018-04-17,21.624
535,2018-04-18,16.481
536,2018-04-19,24.116
537,2018-04-20,32.924
538,2018-04-21,31.159
539,2018-04-22,25.104
540,2018-04-23,21.812
541,2018-04-24,24.312
542,2018-04-25,21.251
543,2018-04-26,20.147
544,2018-04-27,18.538
545,2018-04-28,18.015
546,2018-04-29,15.982
547,2018-04-30,15.49
548,2018-03-01,67.944
549,2018-03-02,57.161
550,2018-03-03,64.658
551,2018-03-04,75.35
552,2018-03-05,75.981
553,2018-03-06,60.573
554,2018-03-07,64.954
555,2018-03-08,59.142
556,2018-03-09,70.377
557,2018-03-10,164.326
558,2018-03-11,91.446
559,2018-03-12,49.524
560,2018-03-13,48.732
561,2018-03-14,54.657
562,2018-03-15,43.345
563,2018-03-16,33.821
564,2018-03-17,36.808
565,2018-03-18,50.587
566,2018-03-19,57.442
567,2018-03-20,72.535
568,2018-03-21,87.72
569,2018-03-22,110.664
570,2018-03-23,85.715
571,2018-03-24,55.486
572,2018-03-25,32.924
573,2018-03-26,29.434
574,2018-03-27,25.104
575,2018-03-28,18.891
576,2018-03-29,16.986
577,2018-03-30,15.654
578,2018-03-31,14.844
579,2018-02-01,29.647
580,2018-02-02,26.72
581,2018-02-03,23.92
582,2018-02-04,21.624
583,2018-02-05,25.907
584,2018-02-06,27.543
585,2018-02-07,27.336
586,2018-02-08,24.707
587,2018-02-09,19.785
588,2018-02-10,18.538
589,2018-02-11,22.76
590,2018-02-12,26.312
591,2018-02-13,21.437
592,2018-02-14,16.649
593,2018-02-15,15.005
594,2018-02-16,19.069
595,2018-02-17,21.065
596,2018-02-18,20.513
597,2018-02-19,20.147
598,2018-02-20,34.958
599,2018-02-21,100.864
600,2018-02-22,153.995
601,2018-02-23,175.831
602,2018-02-24,127.046
603,2018-02-25,93.161
604,2018-02-26,71.607
605,2018-02-27,60.861
606,2018-02-28,61.439
607,2018-01-01,19.247
608,2018-01-02,14.844
609,2018-01-03,11.643
610,2018-01-04,30.507
611,2018-01-05,21.437
612,2018-01-06,17.841
613,2018-01-07,13.279
614,2018-01-08,10.929
615,2018-01-09,15.005
616,2018-01-10,18.189
617,2018-01-11,13.127
618,2018-01-12,10.929
619,2018-01-13,19.605
620,2018-01-14,16.481
621,2018-01-15,18.189
622,2018-01-16,17.669
623,2018-01-17,19.425
624,2018-01-18,20.513
625,2018-01-19,19.425
626,2018-01-20,15.654
627,2018-01-21,14.684
628,2018-01-22,13.741
629,2018-01-23,12.975
630,2018-01-24,14.052
631,2018-01-25,20.513
632,2018-01-26,48.47
633,2018-01-27,59.999
634,2018-01-28,50.32
635,2018-01-29,43.345
636,2018-01-30,35.647
637,2018-01-31,34.958
638,2017-12-01,13.279
639,2017-12-02,10.648
640,2017-12-03,9.425
641,2017-12-04,14.052
642,2017-12-05,11.933
643,2017-12-06,9.425
644,2017-12-07,13.432
645,2017-12-08,19.605
646,2017-12-09,14.844
647,2017-12-10,10.509
648,2017-12-11,8.264
649,2017-12-12,10.929
650,2017-12-13,17.669
651,2017-12-14,21.437
652,2017-12-15,14.525
653,2017-12-16,10.509
654,2017-12-17,14.525
655,2017-12-18,22.76
656,2017-12-19,25.705
657,2017-12-20,11.788
658,2017-12-21,9.425
659,2017-12-22,15.49
660,2017-12-23,35.647
661,2017-12-24,71.916
662,2017-12-25,74.093
663,2017-12-26,59.142
664,2017-12-27,85.051
665,2017-12-28,90.423
666,2017-12-29,67.342
667,2017-12-30,16.148
668,2017-12-31,35.878
669,2017-11-01,4.158
670,2017-11-02,5.15
671,2017-11-03,4.966
672,2017-11-04,4.335
673,2017-11-05,5.104
674,2017-11-06,9.161
675,2017-11-07,25.705
676,2017-11-08,8.516
677,2017-11-09,5.104
678,2017-11-10,4.784
679,2017-11-11,4.558
680,2017-11-12,4.202
681,2017-11-13,4.07
682,2017-11-14,3.896
683,2017-11-15,3.767
684,2017-11-16,4.027
685,2017-11-17,4.335
686,2017-11-18,10.233
687,2017-11-19,31.159
688,2017-11-20,70.071
689,2017-11-21,45.877
690,2017-11-22,36.808
691,2017-11-23,78.85
692,2017-11-24,49.524
693,2017-11-25,13.127
694,2017-11-26,7.05
695,2017-11-27,6.587
696,2017-11-28,14.525
697,2017-11-29,26.515
698,2017-11-30,16.817
699,2017-10-01,3.853
700,2017-10-02,3.767
701,2017-10-03,3.767
702,2017-10-04,3.596
703,2017-10-05,3.469
704,2017-10-06,3.302
705,2017-10-07,3.26
706,2017-10-08,3.136
707,2017-10-09,2.891
708,2017-10-10,2.691
709,2017-10-11,2.494
710,2017-10-12,2.416
711,2017-10-13,3.302
712,2017-10-14,4.07
713,2017-10-15,3.94
714,2017-10-16,3.81
715,2017-10-17,3.724
716,2017-10-18,3.554
717,2017-10-19,3.681
718,2017-10-20,4.603
719,2017-10-21,5.012
720,2017-10-22,5.701
721,2017-10-23,7.647
722,2017-10-24,9.161
723,2017-10-25,7.286
724,2017-10-26,5.335
725,2017-10-27,4.648
726,2017-10-28,4.513
727,2017-10-29,4.202
728,2017-10-30,3.853
729,2017-10-31,3.853
730,2017-09-01,2.931
731,2017-09-02,3.554
732,2017-09-03,5.242
733,2017-09-04,4.603
734,2017-09-05,3.596
735,2017-09-06,3.26
736,2017-09-07,3.095
737,2017-09-08,3.013
738,2017-09-09,2.81
739,2017-09-10,3.343
740,2017-09-11,3.767
741,2017-09-12,3.596
742,2017-09-13,3.983
743,2017-09-14,4.07
744,2017-09-15,4.158
745,2017-09-16,4.158
746,2017-09-17,4.07
747,2017-09-18,4.027
748,2017-09-19,3.983
749,2017-09-20,3.94
750,2017-09-21,3.81
751,2017-09-22,3.724
752,2017-09-23,3.681
753,2017-09-24,3.853
754,2017-09-25,3.853
755,2017-09-26,3.724
756,2017-09-27,3.639
757,2017-09-28,4.027
758,2017-09-29,3.983
759,2017-09-30,3.853
760,2017-08-01,3.177
761,2017-08-02,4.027
762,2017-08-03,4.829
763,2017-08-04,4.603
764,2017-08-05,4.424
765,2017-08-06,4.202
766,2017-08-07,4.07
767,2017-08-08,3.853
768,2017-08-09,3.767
769,2017-08-10,3.469
770,2017-08-11,3.343
771,2017-08-12,3.302
772,2017-08-13,3.136
773,2017-08-14,2.77
774,2017-08-15,4.291
775,2017-08-16,5.242
776,2017-08-17,5.058
777,2017-08-18,4.829
778,2017-08-19,4.379
779,2017-08-20,4.158
780,2017-08-21,3.94
781,2017-08-22,3.896
782,2017-08-23,3.596
783,2017-08-24,3.385
784,2017-08-25,3.26
785,2017-08-26,3.136
786,2017-08-27,2.851
787,2017-08-28,2.611
788,2017-08-29,2.533
789,2017-08-30,2.455
790,2017-08-31,2.377
791,2017-07-01,8.264
792,2017-07-02,7.647
793,2017-07-03,7.168
794,2017-07-04,6.701
795,2017-07-05,5.289
796,2017-07-06,5.104
797,2017-07-07,4.603
798,2017-07-08,4.513
799,2017-07-09,4.738
800,2017-07-10,4.513
801,2017-07-11,4.202
802,2017-07-12,3.896
803,2017-07-13,3.767
804,2017-07-14,3.054
805,2017-07-15,3.218
806,2017-07-16,3.013
807,2017-07-17,2.931
808,2017-07-18,2.691
809,2017-07-19,2.533
810,2017-07-20,3.095
811,2017-07-21,4.07
812,2017-07-22,4.291
813,2017-07-23,3.81
814,2017-07-24,3.596
815,2017-07-25,3.385
816,2017-07-26,3.26
817,2017-07-27,3.136
818,2017-07-28,2.851
819,2017-07-29,2.77
820,2017-07-30,2.77
821,2017-07-31,2.77
822,2017-06-01,6.36
823,2017-06-02,6.137
824,2017-06-03,5.917
825,2017-06-04,5.594
826,2017-06-05,5.382
827,2017-06-06,5.335
828,2017-06-07,5.242
829,2017-06-08,6.248
830,2017-06-09,6.933
831,2017-06-10,7.769
832,2017-06-11,7.286
833,2017-06-12,6.473
834,2017-06-13,5.382
835,2017-06-14,5.289
836,2017-06-15,5.058
837,2017-06-16,4.92
838,2017-06-17,4.829
839,2017-06-18,4.738
840,2017-06-19,4.738
841,2017-06-20,4.875
842,2017-06-21,15.166
843,2017-06-22,47.426
844,2017-06-23,59.999
845,2017-06-24,32.701
846,2017-06-25,12.824
847,2017-06-26,9.031
848,2017-06-27,8.644
849,2017-06-28,10.233
850,2017-06-29,9.425
851,2017-06-30,8.516
852,2017-05-01,13.741
853,2017-05-02,11.355
854,2017-05-03,10.097
855,2017-05-04,9.161
856,2017-05-05,8.516
857,2017-05-06,13.896
858,2017-05-07,9.161
859,2017-05-08,8.264
860,2017-05-09,8.139
861,2017-05-10,9.031
862,2017-05-11,10.788
863,2017-05-12,10.371
864,2017-05-13,9.961
865,2017-05-14,9.161
866,2017-05-15,7.769
867,2017-05-16,7.168
868,2017-05-17,8.772
869,2017-05-18,9.691
870,2017-05-19,12.227
871,2017-05-20,15.166
872,2017-05-21,21.065
873,2017-05-22,15.818
874,2017-05-23,11.788
875,2017-05-24,10.929
876,2017-05-25,10.371
877,2017-05-26,9.961
878,2017-05-27,9.557
879,2017-05-28,8.39
880,2017-05-29,7.647
881,2017-05-30,7.286
882,2017-05-31,6.701
883,2017-04-01,8.516
884,2017-04-02,6.473
885,2017-04-03,12.08
886,2017-04-04,12.824
887,2017-04-05,14.367
888,2017-04-06,29.647
889,2017-04-07,29.009
890,2017-04-08,32.257
891,2017-04-09,19.605
892,2017-04-10,13.741
893,2017-04-11,9.961
894,2017-04-12,7.168
895,2017-04-13,9.826
896,2017-04-14,15.328
897,2017-04-15,11.643
898,2017-04-16,13.896
899,2017-04-17,10.509
900,2017-04-18,10.371
901,2017-04-19,11.788
902,2017-04-20,13.586
903,2017-04-21,10.097
904,2017-04-22,15.49
905,2017-04-23,16.986
906,2017-04-24,14.844
907,2017-04-25,11.788
908,2017-04-26,10.097
909,2017-04-27,12.824
910,2017-04-28,20.88
911,2017-04-29,16.817
912,2017-04-30,13.741
913,2017-03-01,15.166
914,2017-03-02,12.227
915,2017-03-03,10.929
916,2017-03-04,10.509
917,2017-03-05,16.649
918,2017-03-06,25.104
919,2017-03-07,15.982
920,2017-03-08,26.72
921,2017-03-09,24.116
922,2017-03-10,22.952
923,2017-03-11,27.336
924,2017-03-12,25.705
925,2017-03-13,22.569
926,2017-03-14,26.925
927,2017-03-15,33.371
928,2017-03-16,36.808
929,2017-03-17,29.861
930,2017-03-18,33.371
931,2017-03-19,55.209
932,2017-03-20,131.387
933,2017-03-21,57.161
934,2017-03-22,31.596
935,2017-03-23,26.515
936,2017-03-24,21.437
937,2017-03-25,18.015
938,2017-03-26,18.015
939,2017-03-27,24.509
940,2017-03-28,25.304
941,2017-03-29,17.497
942,2017-03-30,13.432
943,2017-03-31,10.788
944,2017-02-01,9.292
945,2017-02-02,13.127
946,2017-02-03,11.788
947,2017-02-04,9.826
948,2017-02-05,14.367
949,2017-02-06,28.377
950,2017-02-07,35.878
951,2017-02-08,34.501
952,2017-02-09,28.798
953,2017-02-10,20.513
954,2017-02-11,11.643
955,2017-02-12,9.031
956,2017-02-13,8.39
957,2017-02-14,8.264
958,2017-02-15,7.526
959,2017-02-16,7.405
960,2017-02-17,7.168
961,2017-02-18,7.05
962,2017-02-19,6.817
963,2017-02-20,6.701
964,2017-02-21,6.473
965,2017-02-22,6.36
966,2017-02-23,6.248
967,2017-02-24,6.027
968,2017-02-25,5.808
969,2017-02-26,5.594
970,2017-02-27,5.594
971,2017-02-28,9.826
972,2017-01-01,14.844
973,2017-01-02,30.941
974,2017-01-03,30.291
975,2017-01-04,25.304
976,2017-01-05,19.069
977,2017-01-06,17.669
978,2017-01-07,16.986
979,2017-01-08,15.818
980,2017-01-09,14.367
981,2017-01-10,13.279
982,2017-01-11,20.696
983,2017-01-12,27.13
984,2017-01-13,47.426
985,2017-01-14,31.596
986,2017-01-15,30.507
987,2017-01-16,21.812
988,2017-01-17,14.684
989,2017-01-18,16.986
990,2017-01-19,15.005
991,2017-01-20,12.975
992,2017-01-21,11.643
993,2017-01-22,10.648
994,2017-01-23,9.425
995,2017-01-24,8.139
996,2017-01-25,7.891
997,2017-01-26,10.788
998,2017-01-27,9.961
999,2017-01-28,8.901
1000,2017-01-29,8.516
1001,2017-01-30,7.526
1002,2017-01-31,7.286
1003,2016-12-01,25.104
1004,2016-12-02,18.015
1005,2016-12-03,15.654
1006,2016-12-04,13.586
1007,2016-12-05,11.933
1008,2016-12-06,11.355
1009,2016-12-07,12.227
1010,2016-12-08,15.818
1011,2016-12-09,16.481
1012,2016-12-10,15.654
1013,2016-12-11,11.498
1014,2016-12-12,9.425
1015,2016-12-13,9.425
1016,2016-12-14,20.88
1017,2016-12-15,28.798
1018,2016-12-16,38.222
1019,2016-12-17,60.286
1020,2016-12-18,87.049
1021,2016-12-19,103.369
1022,2016-12-20,58.573
1023,2016-12-21,28.587
1024,2016-12-22,15.982
1025,2016-12-23,7.647
1026,2016-12-24,4.829
1027,2016-12-25,3.681
1028,2016-12-26,3.302
1029,2016-12-27,4.693
1030,2016-12-28,4.829
1031,2016-12-29,4.92
1032,2016-12-30,6.027
1033,2016-12-31,9.691
1034,2016-11-01,6.027
1035,2016-11-02,17.156
1036,2016-11-03,65.845
1037,2016-11-04,45.111
1038,2016-11-05,35.647
1039,2016-11-06,21.065
1040,2016-11-07,15.982
1041,2016-11-08,16.649
1042,2016-11-09,14.209
1043,2016-11-10,16.986
1044,2016-11-11,29.009
1045,2016-11-12,36.342
1046,2016-11-13,50.054
1047,2016-11-14,79.816
1048,2016-11-15,67.643
1049,2016-11-16,57.161
1050,2016-11-17,51.39
1051,2016-11-18,45.621
1052,2016-11-19,33.596
1053,2016-11-20,23.337
1054,2016-11-21,15.982
1055,2016-11-22,16.148
1056,2016-11-23,11.212
1057,2016-11-24,7.647
1058,2016-11-25,5.487
1059,2016-11-26,4.648
1060,2016-11-27,10.371
1061,2016-11-28,34.958
1062,2016-11-29,34.047
1063,2016-11-30,12.524
1064,2016-10-01,4.92
1065,2016-10-02,4.158
1066,2016-10-03,4.027
1067,2016-10-04,4.424
1068,2016-10-05,5.196
1069,2016-10-06,8.901
1070,2016-10-07,9.961
1071,2016-10-08,10.097
1072,2016-10-09,10.233
1073,2016-10-10,10.233
1074,2016-10-11,13.279
1075,2016-10-12,9.292
1076,2016-10-13,6.587
1077,2016-10-14,4.784
1078,2016-10-15,3.94
1079,2016-10-16,3.81
1080,2016-10-17,4.558
1081,2016-10-18,5.104
1082,2016-10-19,4.829
1083,2016-10-20,5.335
1084,2016-10-21,6.933
1085,2016-10-22,7.647
1086,2016-10-23,5.058
1087,2016-10-24,4.379
1088,2016-10-25,4.202
1089,2016-10-26,4.114
1090,2016-10-27,4.027
1091,2016-10-28,3.853
1092,2016-10-29,4.424
1093,2016-10-30,4.784
1094,2016-10-31,4.513
1095,2016-09-01,3.767
1096,2016-09-02,4.468
1097,2016-09-03,5.012
1098,2016-09-04,4.335
1099,2016-09-05,4.114
1100,2016-09-06,3.983
1101,2016-09-07,3.896
1102,2016-09-08,3.681
1103,2016-09-09,3.427
1104,2016-09-10,3.302
1105,2016-09-11,3.26
1106,2016-09-12,3.095
1107,2016-09-13,3.681
1108,2016-09-14,5.15
1109,2016-09-15,5.012
1110,2016-09-16,4.291
1111,2016-09-17,3.724
1112,2016-09-18,3.343
1113,2016-09-19,3.136
1114,2016-09-20,3.095
1115,2016-09-21,3.013
1116,2016-09-22,2.851
1117,2016-09-23,3.385
1118,2016-09-24,3.469
1119,2016-09-25,3.596
1120,2016-09-26,4.603
1121,2016-09-27,4.114
1122,2016-09-28,4.875
1123,2016-09-29,10.371
1124,2016-09-30,8.39
1125,2016-08-01,3.427
1126,2016-08-02,4.027
1127,2016-08-03,4.291
1128,2016-08-04,5.012
1129,2016-08-05,4.603
1130,2016-08-06,4.291
1131,2016-08-07,4.158
1132,2016-08-08,5.104
1133,2016-08-09,4.92
1134,2016-08-10,4.468
1135,2016-08-11,4.291
1136,2016-08-12,4.158
1137,2016-08-13,4.027
1138,2016-08-14,3.853
1139,2016-08-15,3.681
1140,2016-08-16,3.639
1141,2016-08-17,3.511
1142,2016-08-18,3.385
1143,2016-08-19,4.966
1144,2016-08-20,4.693
1145,2016-08-21,4.246
1146,2016-08-22,4.379
1147,2016-08-23,4.291
1148,2016-08-24,5.012
1149,2016-08-25,4.738
1150,2016-08-26,4.202
1151,2016-08-27,3.767
1152,2016-08-28,3.639
1153,2016-08-29,3.511
1154,2016-08-30,3.427
1155,2016-08-31,3.343
1156,2016-07-01,3.596
1157,2016-07-02,3.385
1158,2016-07-03,3.427
1159,2016-07-04,4.114
1160,2016-07-05,5.382
1161,2016-07-06,5.104
1162,2016-07-07,4.558
1163,2016-07-08,4.114
1164,2016-07-09,3.94
1165,2016-07-10,3.853
1166,2016-07-11,3.81
1167,2016-07-12,4.158
1168,2016-07-13,3.983
1169,2016-07-14,3.853
1170,2016-07-15,3.511
1171,2016-07-16,3.427
1172,2016-07-17,3.81
1173,2016-07-18,4.246
1174,2016-07-19,4.07
1175,2016-07-20,3.983
1176,2016-07-21,4.335
1177,2016-07-22,4.558
1178,2016-07-23,4.335
1179,2016-07-24,4.202
1180,2016-07-25,4.07
1181,2016-07-26,4.875
1182,2016-07-27,5.242
1183,2016-07-28,4.558
1184,2016-07-29,4.114
1185,2016-07-30,3.94
1186,2016-07-31,3.554
1187,2016-06-01,7.173
1188,2016-06-02,6.819
1189,2016-06-03,6.587
1190,2016-06-04,6.587
1191,2016-06-05,6.358
1192,2016-06-06,6.132
1193,2016-06-07,8.911
1194,2016-06-08,14.939
1195,2016-06-09,8.139
1196,2016-06-10,5.917
1197,2016-06-11,4.603
1198,2016-06-12,4.202
1199,2016-06-13,4.07
1200,2016-06-14,3.94
1201,2016-06-15,3.896
1202,2016-06-16,3.853
1203,2016-06-17,3.681
1204,2016-06-18,4.648
1205,2016-06-19,4.558
1206,2016-06-20,4.114
1207,2016-06-21,3.983
1208,2016-06-22,3.853
1209,2016-06-23,4.603
1210,2016-06-24,5.104
1211,2016-06-25,4.829
1212,2016-06-26,4.379
1213,2016-06-27,4.027
1214,2016-06-28,3.853
1215,2016-06-29,3.81
1216,2016-06-30,3.724
1217,2016-05-01,13.248
1218,2016-05-02,10.929
1219,2016-05-03,10.513
1220,2016-05-04,9.968
1221,2016-05-05,8.654
1222,2016-05-06,8.149
1223,2016-05-07,9.302
1224,2016-05-08,10.513
1225,2016-05-09,7.292
1226,2016-05-10,10.239
1227,2016-05-11,13.399
1228,2016-05-12,17.367
1229,2016-05-13,35.299
1230,2016-05-14,22.995
1231,2016-05-15,16.379
1232,2016-05-16,12.213
1233,2016-05-17,13.248
1234,2016-05-18,14.47
1235,2016-05-19,16.379
1236,2016-05-20,12.8
1237,2016-05-21,12.067
1238,2016-05-22,11.779
1239,2016-05-23,10.929
1240,2016-05-24,10.929
1241,2016-05-25,10.789
1242,2016-05-26,10.376
1243,2016-05-27,9.833
1244,2016-05-28,8.911
1245,2016-05-29,8.274
1246,2016-05-30,7.777
1247,2016-05-31,7.412
1248,2016-04-01,30.017
1249,2016-04-02,25.641
1250,2016-04-03,21.532
1251,2016-04-04,19.234
1252,2016-04-05,17.367
1253,2016-04-06,16.87
1254,2016-04-07,16.217
1255,2016-04-08,19.756
1256,2016-04-09,21.894
1257,2016-04-10,23.18
1258,2016-04-11,19.931
1259,2016-04-12,18.037
1260,2016-04-13,17.869
1261,2016-04-14,16.706
1262,2016-04-15,15.733
1263,2016-04-16,15.733
1264,2016-04-17,15.097
1265,2016-04-18,16.706
1266,2016-04-19,17.201
1267,2016-04-20,15.097
1268,2016-04-21,14.626
1269,2016-04-22,13.702
1270,2016-04-23,13.248
1271,2016-04-24,12.213
1272,2016-04-25,11.923
1273,2016-04-26,11.923
1274,2016-04-27,11.635
1275,2016-04-28,11.209
1276,2016-04-29,10.789
1277,2016-04-30,10.513
1278,2016-03-01,138.104
1279,2016-03-02,77.389
1280,2016-03-03,61.106
1281,2016-03-04,49.255
1282,2016-03-05,37.279
1283,2016-03-06,29.608
1284,2016-03-07,20.637
1285,2016-03-08,15.255
1286,2016-03-09,11.635
1287,2016-03-10,6.819
1288,2016-03-11,8.782
1289,2016-03-12,18.206
1290,2016-03-13,24.874
1291,2016-03-14,31.255
1292,2016-03-15,37.502
1293,2016-03-16,41.13
1294,2016-03-17,38.848
1295,2016-03-18,35.955
1296,2016-03-19,30.427
1297,2016-03-20,31.881
1298,2016-03-21,35.517
1299,2016-03-22,24.494
1300,2016-03-23,18.718
1301,2016-03-24,17.701
1302,2016-03-25,20.637
1303,2016-03-26,17.201
1304,2016-03-27,16.542
1305,2016-03-28,25.449
1306,2016-03-29,27.4
1307,2016-03-30,18.889
1308,2016-03-31,22.076
1309,2016-02-01,25.065
1310,2016-02-02,24.874
1311,2016-02-03,30.84
1312,2016-02-04,40.9
1313,2016-02-05,31.255
1314,2016-02-06,26.613
1315,2016-02-07,22.442
1316,2016-02-08,18.889
1317,2016-02-09,22.995
1318,2016-02-10,37.279
1319,2016-02-11,40.211
1320,2016-02-12,34.432
1321,2016-02-13,29.202
1322,2016-02-14,42.057
1323,2016-02-15,52.506
1324,2016-02-16,44.408
1325,2016-02-17,33.574
1326,2016-02-18,31.047
1327,2016-02-19,38.622
1328,2016-02-20,45.362
1329,2016-02-21,42.757
1330,2016-02-22,37.279
1331,2016-02-23,32.935
1332,2016-02-24,21.894
1333,2016-02-25,29.405
1334,2016-02-26,30.427
1335,2016-02-27,41.361
1336,2016-02-28,51.246
1337,2016-02-29,76.22
1338,2016-01-01,12.949
1339,2016-01-02,16.217
1340,2016-01-03,19.931
1341,2016-01-04,15.414
1342,2016-01-05,16.055
1343,2016-01-06,22.995
1344,2016-01-07,23.366
1345,2016-01-08,17.035
1346,2016-01-09,14.782
1347,2016-01-10,15.255
1348,2016-01-11,13.098
1349,2016-01-12,25.257
1350,2016-01-13,31.255
1351,2016-01-14,56.354
1352,2016-01-15,60.304
1353,2016-01-16,60.037
1354,2016-01-17,29.812
1355,2016-01-18,26.028
1356,2016-01-19,21.713
1357,2016-01-20,18.718
1358,2016-01-21,24.874
1359,2016-01-22,31.255
1360,2016-01-23,60.037
1361,2016-01-24,56.875
1362,2016-01-25,26.613
1363,2016-01-26,24.684
1364,2016-01-27,25.834
1365,2016-01-28,27.005
1366,2016-01-29,30.222
1367,2016-01-30,29.405
1368,2016-01-31,28.798
1369,2015-12-01,28.798
1370,2015-12-02,41.361
1371,2015-12-03,45.602
1372,2015-12-04,60.037
1373,2015-12-05,51.748
1374,2015-12-06,41.825
1375,2015-12-07,33.787
1376,2015-12-08,19.061
1377,2015-12-09,16.542
1378,2015-12-10,29.608
1379,2015-12-11,47.05
1380,2015-12-12,66.833
1381,2015-12-13,30.427
1382,2015-12-14,22.259
1383,2015-12-15,18.547
1384,2015-12-16,18.889
1385,2015-12-17,20.106
1386,2015-12-18,18.547
1387,2015-12-19,14.007
1388,2015-12-20,21.713
1389,2015-12-21,28.596
1390,2015-12-22,21.713
1391,2015-12-23,17.367
1392,2015-12-24,14.315
1393,2015-12-25,22.995
1394,2015-12-26,70.192
1395,2015-12-27,63.537
1396,2015-12-28,37.502
1397,2015-12-29,16.217
1398,2015-12-30,12.359
1399,2015-12-31,9.833
1400,2015-11-01,7.054
1401,2015-11-02,6.702
1402,2015-11-03,6.587
1403,2015-11-04,6.02
1404,2015-11-05,8.654
1405,2015-11-06,12.505
1406,2015-11-07,15.414
1407,2015-11-08,22.442
1408,2015-11-09,33.787
1409,2015-11-10,60.037
1410,2015-11-11,49.998
1411,2015-11-12,33.147
1412,2015-11-13,23.553
1413,2015-11-14,16.706
1414,2015-11-15,12.949
1415,2015-11-16,9.302
1416,2015-11-17,6.587
1417,2015-11-18,7.777
1418,2015-11-19,12.213
1419,2015-11-20,29.812
1420,2015-11-21,58.712
1421,2015-11-22,28.999
1422,2015-11-23,20.637
1423,2015-11-24,15.255
1424,2015-11-25,23.74
1425,2015-11-26,19.407
1426,2015-11-27,23.366
1427,2015-11-28,43.462
1428,2015-11-29,72.181
1429,2015-11-30,57.397
1430,2015-10-01,7.054
1431,2015-10-02,10.239
1432,2015-10-03,9.434
1433,2015-10-04,8.024
1434,2015-10-05,7.655
1435,2015-10-06,7.412
1436,2015-10-07,7.054
1437,2015-10-08,6.819
1438,2015-10-09,6.587
1439,2015-10-10,6.132
1440,2015-10-11,5.689
1441,2015-10-12,5.473
1442,2015-10-13,3.221
1443,2015-10-14,4.843
1444,2015-10-15,10.929
1445,2015-10-16,17.035
1446,2015-10-17,14.007
1447,2015-10-18,28.395
1448,2015-10-19,9.302
1449,2015-10-20,7.533
1450,2015-10-21,7.292
1451,2015-10-22,7.173
1452,2015-10-23,6.819
1453,2015-10-24,6.587
1454,2015-10-25,6.132
1455,2015-10-26,5.909
1456,2015-10-27,5.366
1457,2015-10-28,5.049
1458,2015-10-29,4.639
1459,2015-10-30,6.472
1460,2015-10-31,9.041
1461,2015-09-01,10.239
1462,2015-09-02,9.566
1463,2015-09-03,7.533
1464,2015-09-04,7.173
1465,2015-09-05,10.651
1466,2015-09-06,13.854
1467,2015-09-07,17.869
1468,2015-09-08,14.939
1469,2015-09-09,12.359
1470,2015-09-10,10.651
1471,2015-09-11,10.239
1472,2015-09-12,7.9
1473,2015-09-13,12.949
1474,2015-09-14,20.815
1475,2015-09-15,39.074
1476,2015-09-16,20.815
1477,2015-09-17,8.274
1478,2015-09-18,8.024
1479,2015-09-19,7.9
1480,2015-09-20,7.655
1481,2015-09-21,7.292
1482,2015-09-22,6.819
1483,2015-09-23,9.302
1484,2015-09-24,12.213
1485,2015-09-25,10.239
1486,2015-09-26,8.4
1487,2015-09-27,6.244
1488,2015-09-28,5.154
1489,2015-09-29,4.639
1490,2015-09-30,5.049
1491,2015-08-01,7.533
1492,2015-08-02,8.274
1493,2015-08-03,7.292
1494,2015-08-04,6.936
1495,2015-08-05,6.819
1496,2015-08-06,6.587
1497,2015-08-07,5.799
1498,2015-08-08,5.366
1499,2015-08-09,8.274
1500,2015-08-10,7.533
1501,2015-08-11,6.819
1502,2015-08-12,6.472
1503,2015-08-13,6.587
1504,2015-08-14,6.936
1505,2015-08-15,6.702
1506,2015-08-16,6.358
1507,2015-08-17,6.132
1508,2015-08-18,5.909
1509,2015-08-19,5.473
1510,2015-08-20,5.26
1511,2015-08-21,4.946
1512,2015-08-22,4.639
1513,2015-08-23,4.439
1514,2015-08-24,3.953
1515,2015-08-25,4.74
1516,2015-08-26,5.049
1517,2015-08-27,5.26
1518,2015-08-28,5.26
1519,2015-08-29,5.049
1520,2015-08-30,4.74
1521,2015-08-31,7.777
1522,2015-07-01,7.533
1523,2015-07-02,7.412
1524,2015-07-03,6.936
1525,2015-07-04,6.587
1526,2015-07-05,6.587
1527,2015-07-06,6.244
1528,2015-07-07,6.02
1529,2015-07-08,5.909
1530,2015-07-09,10.103
1531,2015-07-10,18.547
1532,2015-07-11,23.74
1533,2015-07-12,18.206
1534,2015-07-13,13.55
1535,2015-07-14,9.7
1536,2015-07-15,7.292
1537,2015-07-16,6.244
1538,2015-07-17,5.689
1539,2015-07-18,4.843
1540,2015-07-19,4.34
1541,2015-07-20,3.31
1542,2015-07-21,6.244
1543,2015-07-22,9.302
1544,2015-07-23,9.171
1545,2015-07-24,7.9
1546,2015-07-25,7.292
1547,2015-07-26,6.587
1548,2015-07-27,6.358
1549,2015-07-28,6.02
1550,2015-07-29,5.909
1551,2015-07-30,7.292
1552,2015-07-31,6.819
1553,2015-06-01,6.702
1554,2015-06-02,6.587
1555,2015-06-03,6.358
1556,2015-06-04,6.132
1557,2015-06-05,5.366
1558,2015-06-06,6.358
1559,2015-06-07,9.302
1560,2015-06-08,16.217
1561,2015-06-09,19.234
1562,2015-06-10,15.733
1563,2015-06-11,12.8
1564,2015-06-12,9.566
1565,2015-06-13,7.292
1566,2015-06-14,6.587
1567,2015-06-15,6.132
1568,2015-06-16,5.581
1569,2015-06-17,5.049
1570,2015-06-18,4.74
1571,2015-06-19,4.539
1572,2015-06-20,8.527
1573,2015-06-21,9.302
1574,2015-06-22,8.654
1575,2015-06-23,7.533
1576,2015-06-24,6.819
1577,2015-06-25,6.702
1578,2015-06-26,6.472
1579,2015-06-27,6.132
1580,2015-06-28,6.472
1581,2015-06-29,8.911
1582,2015-06-30,10.513
1583,2015-05-01,10.376
1584,2015-05-02,10.103
1585,2015-05-03,9.434
1586,2015-05-04,8.782
1587,2015-05-05,10.103
1588,2015-05-06,10.651
1589,2015-05-07,13.702
1590,2015-05-08,17.367
1591,2015-05-09,15.573
1592,2015-05-10,12.653
1593,2015-05-11,11.351
1594,2015-05-12,10.239
1595,2015-05-13,10.651
1596,2015-05-14,12.653
1597,2015-05-15,17.201
1598,2015-05-16,15.894
1599,2015-05-17,11.779
1600,2015-05-18,9.171
1601,2015-05-19,8.149
1602,2015-05-20,7.054
1603,2015-05-21,6.587
1604,2015-05-22,4.242
1605,2015-05-23,4.049
1606,2015-05-24,3.765
1607,2015-05-25,6.02
1608,2015-05-26,7.777
1609,2015-05-27,9.434
1610,2015-05-28,9.171
1611,2015-05-29,7.777
1612,2015-05-30,7.412
1613,2015-05-31,6.819
1614,2015-04-01,24.874
1615,2015-04-02,17.367
1616,2015-04-03,10.789
1617,2015-04-04,8.4
1618,2015-04-05,6.819
1619,2015-04-06,6.472
1620,2015-04-07,8.654
1621,2015-04-08,10.376
1622,2015-04-09,8.527
1623,2015-04-10,7.533
1624,2015-04-11,7.173
1625,2015-04-12,6.819
1626,2015-04-13,6.587
1627,2015-04-14,6.02
1628,2015-04-15,8.654
1629,2015-04-16,16.542
1630,2015-04-17,25.641
1631,2015-04-18,18.037
1632,2015-04-19,13.399
1633,2015-04-20,9.968
1634,2015-04-21,8.782
1635,2015-04-22,7.777
1636,2015-04-23,7.412
1637,2015-04-24,9.7
1638,2015-04-25,10.929
1639,2015-04-26,13.399
1640,2015-04-27,15.733
1641,2015-04-28,13.248
1642,2015-04-29,9.968
1643,2015-04-30,10.239
1644,2015-03-01,15.573
1645,2015-03-02,11.069
1646,2015-03-03,7.777
1647,2015-03-04,7.777
1648,2015-03-05,14.782
1649,2015-03-06,23.553
1650,2015-03-07,14.47
1651,2015-03-08,10.651
1652,2015-03-09,9.566
1653,2015-03-10,7.533
1654,2015-03-11,6.587
1655,2015-03-12,5.909
1656,2015-03-13,7.533
1657,2015-03-14,12.505
1658,2015-03-15,17.367
1659,2015-03-16,13.399
1660,2015-03-17,11.923
1661,2015-03-18,18.547
1662,2015-03-19,24.494
1663,2015-03-20,17.869
1664,2015-03-21,16.379
1665,2015-03-22,17.701
1666,2015-03-23,22.995
1667,2015-03-24,16.379
1668,2015-03-25,7.9
1669,2015-03-26,5.581
1670,2015-03-27,6.244
1671,2015-03-28,9.968
1672,2015-03-29,18.547
1673,2015-03-30,42.524
1674,2015-03-31,20.815
1675,2015-02-01,19.931
1676,2015-02-02,14.782
1677,2015-02-03,10.929
1678,2015-02-04,16.542
1679,2015-02-05,30.222
1680,2015-02-06,40.67
1681,2015-02-07,18.547
1682,2015-02-08,15.733
1683,2015-02-09,25.641
1684,2015-02-10,19.234
1685,2015-02-11,14.782
1686,2015-02-12,12.653
1687,2015-02-13,10.239
1688,2015-02-14,8.654
1689,2015-02-15,8.149
1690,2015-02-16,7.054
1691,2015-02-17,7.412
1692,2015-02-18,6.587
1693,2015-02-19,10.103
1694,2015-02-20,8.4
1695,2015-02-21,7.054
1696,2015-02-22,6.244
1697,2015-02-23,7.777
1698,2015-02-24,7.173
1699,2015-02-25,6.587
1700,2015-02-26,6.02
1701,2015-02-27,16.542
1702,2015-02-28,22.81
1703,2015-01-01,8.4
1704,2015-01-02,7.9
1705,2015-01-03,7.655
1706,2015-01-04,7.412
1707,2015-01-05,7.054
1708,2015-01-06,7.777
1709,2015-01-07,9.833
1710,2015-01-08,8.024
1711,2015-01-09,7.292
1712,2015-01-10,5.689
1713,2015-01-11,5.26
1714,2015-01-12,4.946
1715,2015-01-13,8.911
1716,2015-01-14,16.542
1717,2015-01-15,9.968
1718,2015-01-16,7.292
1719,2015-01-17,6.132
1720,2015-01-18,5.049
1721,2015-01-19,4.843
1722,2015-01-20,4.539
1723,2015-01-21,5.154
1724,2015-01-22,8.782
1725,2015-01-23,10.239
1726,2015-01-24,7.777
1727,2015-01-25,5.689
1728,2015-01-26,4.843
1729,2015-01-27,4.539
1730,2015-01-28,4.242
1731,2015-01-29,8.527
1732,2015-01-30,11.923
1733,2015-01-31,18.037
1734,2014-12-01,9.099
1735,2014-12-02,27.626
1736,2014-12-03,24.447
1737,2014-12-04,16.993
1738,2014-12-05,13.813
1739,2014-12-06,10.337
1740,2014-12-07,8.802
1741,2014-12-08,7.946
1742,2014-12-09,8.226
1743,2014-12-10,7.402
1744,2014-12-11,7.137
1745,2014-12-12,6.878
1746,2014-12-13,6.376
1747,2014-12-14,5.894
1748,2014-12-15,5.661
1749,2014-12-16,6.376
1750,2014-12-17,8.226
1751,2014-12-18,8.512
1752,2014-12-19,7.402
1753,2014-12-20,6.624
1754,2014-12-21,9.099
1755,2014-12-22,25.483
1756,2014-12-23,23.434
1757,2014-12-24,14.574
1758,2014-12-25,26.543
1759,2014-12-26,14.963
1760,2014-12-27,9.707
1761,2014-12-28,26.01
1762,2014-12-29,4.992
1763,2014-12-30,3.978
1764,2014-12-31,3.79
1765,2014-11-01,7.402
1766,2014-11-02,10.337
1767,2014-11-03,16.164
1768,2014-11-04,21.004
1769,2014-11-05,12.006
1770,2014-11-06,9.099
1771,2014-11-07,7.402
1772,2014-11-08,6.376
1773,2014-11-09,6.376
1774,2014-11-10,5.894
1775,2014-11-11,5.661
1776,2014-11-12,5.433
1777,2014-11-13,4.992
1778,2014-11-14,4.779
1779,2014-11-15,4.571
1780,2014-11-16,5.894
1781,2014-11-17,6.376
1782,2014-11-18,6.878
1783,2014-11-19,6.878
1784,2014-11-20,6.376
1785,2014-11-21,6.132
1786,2014-11-22,7.402
1787,2014-11-23,10.988
1788,2014-11-24,16.164
1789,2014-11-25,16.164
1790,2014-11-26,13.073
1791,2014-11-27,8.512
1792,2014-11-28,7.402
1793,2014-11-29,6.376
1794,2014-11-30,4.992
1795,2014-10-01,5.433
1796,2014-10-02,5.433
1797,2014-10-03,4.992
1798,2014-10-04,4.779
1799,2014-10-05,4.779
1800,2014-10-06,4.571
1801,2014-10-07,4.992
1802,2014-10-08,7.402
1803,2014-10-09,10.988
1804,2014-10-10,13.813
1805,2014-10-11,9.099
1806,2014-10-12,7.402
1807,2014-10-13,6.624
1808,2014-10-14,5.661
1809,2014-10-15,5.433
1810,2014-10-16,4.992
1811,2014-10-17,4.779
1812,2014-10-18,4.571
1813,2014-10-19,3.79
1814,2014-10-20,3.43
1815,2014-10-21,3.088
1816,2014-10-22,4.992
1817,2014-10-23,9.099
1818,2014-10-24,7.946
1819,2014-10-25,6.878
1820,2014-10-26,5.894
1821,2014-10-27,5.433
1822,2014-10-28,4.571
1823,2014-10-29,3.79
1824,2014-10-30,3.608
1825,2014-10-31,5.21
1826,2014-09-01,8.512
1827,2014-09-02,10.337
1828,2014-09-03,16.576
1829,2014-09-04,34.626
1830,2014-09-05,20.536
1831,2014-09-06,14.191
1832,2014-09-07,9.707
1833,2014-09-08,8.226
1834,2014-09-09,7.946
1835,2014-09-10,7.671
1836,2014-09-11,7.402
1837,2014-09-12,7.402
1838,2014-09-13,6.878
1839,2014-09-14,6.624
1840,2014-09-15,6.376
1841,2014-09-16,8.512
1842,2014-09-17,10.66
1843,2014-09-18,8.512
1844,2014-09-19,7.402
1845,2014-09-20,5.894
1846,2014-09-21,4.369
1847,2014-09-22,5.661
1848,2014-09-23,7.402
1849,2014-09-24,10.337
1850,2014-09-25,7.946
1851,2014-09-26,7.137
1852,2014-09-27,6.878
1853,2014-09-28,6.624
1854,2014-09-29,6.376
1855,2014-09-30,5.894
1856,2014-08-01,6.624
1857,2014-08-02,5.433
1858,2014-08-03,5.433
1859,2014-08-04,4.992
1860,2014-08-05,4.779
1861,2014-08-06,7.402
1862,2014-08-07,10.988
1863,2014-08-08,15.758
1864,2014-08-09,22.445
1865,2014-08-10,17.844
1866,2014-08-11,13.813
1867,2014-08-12,9.4
1868,2014-08-13,12.356
1869,2014-08-14,31.018
1870,2014-08-15,19.164
1871,2014-08-16,16.164
1872,2014-08-17,14.191
1873,2014-08-18,11.322
1874,2014-08-19,10.66
1875,2014-08-20,10.337
1876,2014-08-21,9.4
1877,2014-08-22,8.512
1878,2014-08-23,7.946
1879,2014-08-24,10.988
1880,2014-08-25,10.337
1881,2014-08-26,10.988
1882,2014-08-27,14.963
1883,2014-08-28,15.358
1884,2014-08-29,9.099
1885,2014-08-30,7.946
1886,2014-08-31,6.878
1887,2014-07-01,4.992
1888,2014-07-02,7.671
1889,2014-07-03,7.402
1890,2014-07-04,6.624
1891,2014-07-05,5.894
1892,2014-07-06,5.433
1893,2014-07-07,9.707
1894,2014-07-08,18.279
1895,2014-07-09,21.004
1896,2014-07-10,15.358
1897,2014-07-11,12.356
1898,2014-07-12,15.358
1899,2014-07-13,28.177
1900,2014-07-14,15.358
1901,2014-07-15,11.661
1902,2014-07-16,7.946
1903,2014-07-17,6.624
1904,2014-07-18,5.894
1905,2014-07-19,5.894
1906,2014-07-20,6.878
1907,2014-07-21,9.099
1908,2014-07-22,8.512
1909,2014-07-23,7.671
1910,2014-07-24,7.137
1911,2014-07-25,6.878
1912,2014-07-26,11.322
1913,2014-07-27,15.358
1914,2014-07-28,49.312
1915,2014-07-29,22.445
1916,2014-07-30,12.356
1917,2014-07-31,7.402
1918,2014-06-01,5.433
1919,2014-06-02,5.21
1920,2014-06-03,4.992
1921,2014-06-04,7.946
1922,2014-06-05,13.44
1923,2014-06-06,10.337
1924,2014-06-07,7.946
1925,2014-06-08,6.878
1926,2014-06-09,7.402
1927,2014-06-10,13.813
1928,2014-06-11,20.536
1929,2014-06-12,14.963
1930,2014-06-13,11.661
1931,2014-06-14,8.512
1932,2014-06-15,7.671
1933,2014-06-16,6.878
1934,2014-06-17,5.894
1935,2014-06-18,5.21
1936,2014-06-19,4.992
1937,2014-06-20,4.779
1938,2014-06-21,4.369
1939,2014-06-22,3.978
1940,2014-06-23,3.43
1941,2014-06-24,3.79
1942,2014-06-25,7.137
1943,2014-06-26,10.988
1944,2014-06-27,10.337
1945,2014-06-28,7.402
1946,2014-06-29,4.992
1947,2014-06-30,3.608
1948,2014-05-01,11.322
1949,2014-05-02,16.993
1950,2014-05-03,21.004
1951,2014-05-04,15.358
1952,2014-05-05,11.661
1953,2014-05-06,11.322
1954,2014-05-07,10.66
1955,2014-05-08,11.322
1956,2014-05-09,11.322
1957,2014-05-10,10.988
1958,2014-05-11,9.707
1959,2014-05-12,9.099
1960,2014-05-13,15.358
1961,2014-05-14,14.574
1962,2014-05-15,13.813
1963,2014-05-16,13.44
1964,2014-05-17,13.073
1965,2014-05-18,11.661
1966,2014-05-19,10.988
1967,2014-05-20,10.337
1968,2014-05-21,9.707
1969,2014-05-22,7.946
1970,2014-05-23,7.402
1971,2014-05-24,6.878
1972,2014-05-25,6.624
1973,2014-05-26,6.132
1974,2014-05-27,8.802
1975,2014-05-28,10.337
1976,2014-05-29,7.137
1977,2014-05-30,6.624
1978,2014-05-31,5.894
1979,2014-04-01,26.546
1980,2014-04-02,33.967
1981,2014-04-03,41.921
1982,2014-04-04,80.944
1983,2014-04-05,46.0
1984,2014-04-06,26.543
1985,2014-04-07,18.719
1986,2014-04-08,14.963
1987,2014-04-09,35.876
1988,2014-04-10,8.512
1989,2014-04-11,14.574
1990,2014-04-12,34.626
1991,2014-04-13,55.787
1992,2014-04-14,33.399
1993,2014-04-15,12.356
1994,2014-04-16,16.993
1995,2014-04-17,18.719
1996,2014-04-18,16.576
1997,2014-04-19,12.356
1998,2014-04-20,11.322
1999,2014-04-21,18.719
2000,2014-04-22,23.434
2001,2014-04-23,28.733
2002,2014-04-24,25.483
2003,2014-04-25,23.434
2004,2014-04-26,21.004
2005,2014-04-27,17.416
2006,2014-04-28,15.358
2007,2014-04-29,16.164
2008,2014-04-30,14.191
2009,2014-03-01,11.71
2010,2014-03-02,16.666
2011,2014-03-03,15.601
2012,2014-03-04,14.573
2013,2014-03-05,13.34
2014,2014-03-06,13.1
2015,2014-03-07,12.863
2016,2014-03-08,12.628
2017,2014-03-09,12.628
2018,2014-03-10,12.395
2019,2014-03-11,12.165
2020,2014-03-12,11.936
2021,2014-03-13,11.936
2022,2014-03-14,11.71
2023,2014-03-15,11.71
2024,2014-03-16,11.266
2025,2014-03-17,11.047
2026,2014-03-18,13.1
2027,2014-03-19,16.666
2028,2014-03-20,20.69
2029,2014-03-21,27.597
2030,2014-03-22,32.405
2031,2014-03-23,40.606
2032,2014-03-24,48.831
2033,2014-03-25,36.383
2034,2014-03-26,27.953
2035,2014-03-27,22.556
2036,2014-03-28,20.69
2037,2014-03-29,21.302
2038,2014-03-30,21.924
2039,2014-03-31,22.239
2040,2014-02-01,15.34
2041,2014-02-02,15.082
2042,2014-02-03,15.082
2043,2014-02-04,14.826
2044,2014-02-05,14.826
2045,2014-02-06,14.826
2046,2014-02-07,14.573
2047,2014-02-08,14.573
2048,2014-02-09,14.321
2049,2014-02-10,13.826
2050,2014-02-11,13.582
2051,2014-02-12,13.826
2052,2014-02-13,14.072
2053,2014-02-14,13.826
2054,2014-02-15,13.582
2055,2014-02-16,14.573
2056,2014-02-17,16.128
2057,2014-02-18,20.387
2058,2014-02-19,20.086
2059,2014-02-20,18.05
2060,2014-02-21,15.601
2061,2014-02-22,14.072
2062,2014-02-23,13.1
2063,2014-02-24,12.165
2064,2014-02-25,11.936
2065,2014-02-26,11.936
2066,2014-02-27,11.71
2067,2014-02-28,11.266
2068,2014-01-01,55.273
2069,2014-01-02,44.618
2070,2014-01-03,32.405
2071,2014-01-04,26.2
2072,2014-01-05,21.924
2073,2014-01-06,18.62
2074,2014-01-07,16.128
2075,2014-01-08,16.128
2076,2014-01-09,15.601
2077,2014-01-10,15.34
2078,2014-01-11,14.573
2079,2014-01-12,13.582
2080,2014-01-13,13.1
2081,2014-01-14,12.628
2082,2014-01-15,15.601
2083,2014-01-16,18.62
2084,2014-01-17,17.212
2085,2014-01-18,16.128
2086,2014-01-19,14.573
2087,2014-01-20,13.582
2088,2014-01-21,13.1
2089,2014-01-22,12.628
2090,2014-01-23,11.936
2091,2014-01-24,15.34
2092,2014-01-25,18.05
2093,2014-01-26,16.938
2094,2014-01-27,16.128
2095,2014-01-28,15.082
2096,2014-01-29,15.863
2097,2014-01-30,15.863
2098,2014-01-31,15.601
2099,2013-12-01,99.201
2100,2013-12-02,64.34
2101,2013-12-03,41.48
2102,2013-12-04,24.841
2103,2013-12-05,47.877
2104,2013-12-06,35.974
2105,2013-12-07,56.302
2106,2013-12-08,37.208
2107,2013-12-09,79.144
2108,2013-12-10,71.768
2109,2013-12-11,51.752
2110,2013-12-12,30.882
2111,2013-12-13,46.0
2112,2013-12-14,55.787
2113,2013-12-15,40.173
2114,2013-12-16,26.546
2115,2013-12-17,33.967
2116,2013-12-18,45.076
2117,2013-12-19,74.739
2118,2013-12-20,63.235
2119,2013-12-21,37.208
2120,2013-12-22,36.794
2121,2013-12-23,27.244
2122,2013-12-24,25.516
2123,2013-12-25,40.173
2124,2013-12-26,55.273
2125,2013-12-27,41.48
2126,2013-12-28,37.208
2127,2013-12-29,30.135
2128,2013-12-30,27.953
2129,2013-12-31,38.043
2130,2013-11-01,14.826
2131,2013-11-02,14.573
2132,2013-11-03,13.1
2133,2013-11-04,18.334
2134,2013-11-05,41.48
2135,2013-11-06,25.516
2136,2013-11-07,20.995
2137,2013-11-08,16.666
2138,2013-11-09,14.072
2139,2013-11-10,12.628
2140,2013-11-11,12.165
2141,2013-11-12,11.71
2142,2013-11-13,11.71
2143,2013-11-14,11.266
2144,2013-11-15,11.71
2145,2013-11-16,13.582
2146,2013-11-17,24.841
2147,2013-11-18,23.847
2148,2013-11-19,15.082
2149,2013-11-20,18.334
2150,2013-11-21,19.199
2151,2013-11-22,33.181
2152,2013-11-23,97.18
2153,2013-11-24,84.614
2154,2013-11-25,51.752
2155,2013-11-26,41.48
2156,2013-11-27,23.847
2157,2013-11-28,16.666
2158,2013-11-29,30.882
2159,2013-11-30,63.235
2160,2013-10-01,12.165
2161,2013-10-02,11.936
2162,2013-10-03,11.936
2163,2013-10-04,11.936
2164,2013-10-05,11.71
2165,2013-10-06,15.082
2166,2013-10-07,12.395
2167,2013-10-08,12.165
2168,2013-10-09,11.936
2169,2013-10-10,11.936
2170,2013-10-11,11.71
2171,2013-10-12,11.71
2172,2013-10-13,11.487
2173,2013-10-14,11.266
2174,2013-10-15,12.628
2175,2013-10-16,16.666
2176,2013-10-17,22.556
2177,2013-10-18,15.863
2178,2013-10-19,13.582
2179,2013-10-20,12.863
2180,2013-10-21,12.628
2181,2013-10-22,12.395
2182,2013-10-23,11.71
2183,2013-10-24,14.072
2184,2013-10-25,16.666
2185,2013-10-26,13.1
2186,2013-10-27,11.936
2187,2013-10-28,10.83
2188,2013-10-29,10.615
2189,2013-10-30,12.863
2190,2013-10-31,14.072
2191,2013-09-01,12.628
2192,2013-09-02,12.395
2193,2013-09-03,13.1
2194,2013-09-04,16.666
2195,2013-09-05,21.924
2196,2013-09-06,24.841
2197,2013-09-07,17.768
2198,2013-09-08,15.082
2199,2013-09-09,14.072
2200,2013-09-10,13.1
2201,2013-09-11,12.863
2202,2013-09-12,23.847
2203,2013-09-13,47.404
2204,2013-09-14,49.795
2205,2013-09-15,14.573
2206,2013-09-16,18.334
2207,2013-09-17,26.546
2208,2013-09-18,21.924
2209,2013-09-19,15.082
2210,2013-09-20,12.628
2211,2013-09-21,12.395
2212,2013-09-22,12.165
2213,2013-09-23,11.487
2214,2013-09-24,16.128
2215,2013-09-25,16.666
2216,2013-09-26,14.826
2217,2013-09-27,13.34
2218,2013-09-28,12.628
2219,2013-09-29,12.628
2220,2013-09-30,12.165
2221,2013-08-01,14.573
2222,2013-08-02,14.573
2223,2013-08-03,14.321
2224,2013-08-04,14.072
2225,2013-08-05,14.072
2226,2013-08-06,13.826
2227,2013-08-07,13.582
2228,2013-08-08,13.1
2229,2013-08-09,13.1
2230,2013-08-10,12.863
2231,2013-08-11,12.863
2232,2013-08-12,12.628
2233,2013-08-13,12.628
2234,2013-08-14,12.628
2235,2013-08-15,18.334
2236,2013-08-16,14.072
2237,2013-08-17,14.573
2238,2013-08-18,18.05
2239,2013-08-19,16.396
2240,2013-08-20,14.826
2241,2013-08-21,14.321
2242,2013-08-22,14.072
2243,2013-08-23,13.34
2244,2013-08-24,13.582
2245,2013-08-25,13.582
2246,2013-08-26,13.34
2247,2013-08-27,19.493
2248,2013-08-28,16.666
2249,2013-08-29,13.582
2250,2013-08-30,13.34
2251,2013-08-31,13.1
2252,2013-07-01,23.197
2253,2013-07-02,28.31
2254,2013-07-03,23.197
2255,2013-07-04,16.938
2256,2013-07-05,14.072
2257,2013-07-06,12.395
2258,2013-07-07,11.71
2259,2013-07-08,11.266
2260,2013-07-09,11.047
2261,2013-07-10,10.403
2262,2013-07-11,13.34
2263,2013-07-12,17.768
2264,2013-07-13,16.396
2265,2013-07-14,14.573
2266,2013-07-15,13.582
2267,2013-07-16,12.863
2268,2013-07-17,15.601
2269,2013-07-18,22.556
2270,2013-07-19,33.967
2271,2013-07-20,38.043
2272,2013-07-21,28.31
2273,2013-07-22,19.493
2274,2013-07-23,15.082
2275,2013-07-24,12.863
2276,2013-07-25,12.165
2277,2013-07-26,11.487
2278,2013-07-27,11.266
2279,2013-07-28,10.193
2280,2013-07-29,14.072
2281,2013-07-30,17.489
2282,2013-07-31,15.082
2283,2013-06-01,12.628
2284,2013-06-02,15.082
2285,2013-06-03,16.666
2286,2013-06-04,19.493
2287,2013-06-05,16.666
2288,2013-06-06,13.826
2289,2013-06-07,12.863
2290,2013-06-08,12.628
2291,2013-06-09,15.082
2292,2013-06-10,14.321
2293,2013-06-11,13.582
2294,2013-06-12,12.165
2295,2013-06-13,12.165
2296,2013-06-14,11.266
2297,2013-06-15,11.047
2298,2013-06-16,10.615
2299,2013-06-17,11.71
2300,2013-06-18,16.396
2301,2013-06-19,18.334
2302,2013-06-20,16.128
2303,2013-06-21,14.072
2304,2013-06-22,12.628
2305,2013-06-23,11.266
2306,2013-06-24,10.83
2307,2013-06-25,10.403
2308,2013-06-26,9.78
2309,2013-06-27,12.165
2310,2013-06-28,15.601
2311,2013-06-29,18.62
2312,2013-06-30,20.086
2313,2013-05-01,17.212
2314,2013-05-02,13.582
2315,2013-05-03,13.34
2316,2013-05-04,18.05
2317,2013-05-05,16.666
2318,2013-05-06,14.573
2319,2013-05-07,12.863
2320,2013-05-08,12.628
2321,2013-05-09,15.082
2322,2013-05-10,17.768
2323,2013-05-11,15.601
2324,2013-05-12,14.072
2325,2013-05-13,25.177
2326,2013-05-14,36.383
2327,2013-05-15,91.258
2328,2013-05-16,80.041
2329,2013-05-17,43.258
2330,2013-05-18,23.197
2331,2013-05-19,18.909
2332,2013-05-20,20.69
2333,2013-05-21,21.302
2334,2013-05-22,20.995
2335,2013-05-23,20.387
2336,2013-05-24,18.909
2337,2013-05-25,18.05
2338,2013-05-26,23.197
2339,2013-05-27,25.177
2340,2013-05-28,20.995
2341,2013-05-29,17.212
2342,2013-05-30,13.34
2343,2013-05-31,11.266
2344,2013-04-01,26.894
2345,2013-04-02,21.924
2346,2013-04-03,18.909
2347,2013-04-04,15.082
2348,2013-04-05,12.628
2349,2013-04-06,16.128
2350,2013-04-07,30.135
2351,2013-04-08,36.383
2352,2013-04-09,51.259
2353,2013-04-10,46.466
2354,2013-04-11,28.67
2355,2013-04-12,22.239
2356,2013-04-13,15.863
2357,2013-04-14,12.628
2358,2013-04-15,20.69
2359,2013-04-16,24.841
2360,2013-04-17,20.69
2361,2013-04-18,16.666
2362,2013-04-19,13.582
2363,2013-04-20,17.489
2364,2013-04-21,22.875
2365,2013-04-22,23.197
2366,2013-04-23,21.612
2367,2013-04-24,28.67
2368,2013-04-25,23.197
2369,2013-04-26,20.086
2370,2013-04-27,16.396
2371,2013-04-28,14.072
2372,2013-04-29,16.128
2373,2013-04-30,20.086
2374,2013-03-01,20.69
2375,2013-03-02,29.765
2376,2013-03-03,25.177
2377,2013-03-04,20.69
2378,2013-03-05,17.768
2379,2013-03-06,15.601
2380,2013-03-07,14.321
2381,2013-03-08,16.396
2382,2013-03-09,17.768
2383,2013-03-10,15.601
2384,2013-03-11,20.086
2385,2013-03-12,32.405
2386,2013-03-13,47.877
2387,2013-03-14,85.546
2388,2013-03-15,43.709
2389,2013-03-16,38.043
2390,2013-03-17,39.742
2391,2013-03-18,86.483
2392,2013-03-19,175.22
2393,2013-03-20,143.388
2394,2013-03-21,122.997
2395,2013-03-22,87.426
2396,2013-03-23,70.015
2397,2013-03-24,59.982
2398,2013-03-25,51.752
2399,2013-03-26,41.921
2400,2013-03-27,32.792
2401,2013-03-28,26.546
2402,2013-03-29,21.924
2403,2013-03-30,33.181
2404,2013-03-31,32.405
2405,2013-02-01,28.67
2406,2013-02-02,30.882
2407,2013-02-03,36.794
2408,2013-02-04,30.135
2409,2013-02-05,25.177
2410,2013-02-06,22.239
2411,2013-02-07,18.909
2412,2013-02-08,18.05
2413,2013-02-09,18.05
2414,2013-02-10,17.489
2415,2013-02-11,17.212
2416,2013-02-12,16.666
2417,2013-02-13,16.396
2418,2013-02-14,16.396
2419,2013-02-15,16.666
2420,2013-02-16,16.938
2421,2013-02-17,16.666
2422,2013-02-18,16.396
2423,2013-02-19,16.128
2424,2013-02-20,16.666
2425,2013-02-21,17.212
2426,2013-02-22,16.666
2427,2013-02-23,16.128
2428,2013-02-24,16.128
2429,2013-02-25,16.128
2430,2013-02-26,16.666
2431,2013-02-27,17.768
2432,2013-02-28,23.521
2433,2013-01-01,26.546
2434,2013-01-02,37.208
2435,2013-01-03,79.144
2436,2013-01-04,98.187
2437,2013-01-05,70.015
2438,2013-01-06,49.795
2439,2013-01-07,28.67
2440,2013-01-08,20.995
2441,2013-01-09,16.666
2442,2013-01-10,13.582
2443,2013-01-11,16.938
2444,2013-01-12,18.909
2445,2013-01-13,40.606
2446,2013-01-14,30.882
2447,2013-01-15,22.556
2448,2013-01-16,17.212
2449,2013-01-17,14.072
2450,2013-01-18,20.69
2451,2013-01-19,33.181
2452,2013-01-20,71.181
2453,2013-01-21,47.404
2454,2013-01-22,30.135
2455,2013-01-23,21.924
2456,2013-01-24,55.787
2457,2013-01-25,71.181
2458,2013-01-26,83.227
2459,2013-01-27,168.291
2460,2013-01-28,138.431
2461,2013-01-29,94.193
2462,2013-01-30,70.015
2463,2013-01-31,45.076
2464,2012-12-01,15.601
2465,2012-12-02,15.34
2466,2012-12-03,21.302
2467,2012-12-04,18.909
2468,2012-12-05,32.792
2469,2012-12-06,36.383
2470,2012-12-07,15.082
2471,2012-12-08,13.1
2472,2012-12-09,11.936
2473,2012-12-10,12.863
2474,2012-12-11,14.573
2475,2012-12-12,15.601
2476,2012-12-13,16.666
2477,2012-12-14,16.666
2478,2012-12-15,23.847
2479,2012-12-16,30.135
2480,2012-12-17,24.176
2481,2012-12-18,20.086
2482,2012-12-19,18.05
2483,2012-12-20,15.082
2484,2012-12-21,13.582
2485,2012-12-22,15.082
2486,2012-12-23,16.666
2487,2012-12-24,16.938
2488,2012-12-25,14.321
2489,2012-12-26,12.628
2490,2012-12-27,11.71
2491,2012-12-28,13.582
2492,2012-12-29,14.072
2493,2012-12-30,18.334
2494,2012-12-31,19.788
2495,2012-11-01,9.577
2496,2012-11-02,11.047
2497,2012-11-03,12.863
2498,2012-11-04,15.863
2499,2012-11-05,14.573
2500,2012-11-06,12.628
2501,2012-11-07,13.582
2502,2012-11-08,13.1
2503,2012-11-09,11.936
2504,2012-11-10,10.193
2505,2012-11-11,9.376
2506,2012-11-12,10.403
2507,2012-11-13,21.302
2508,2012-11-14,36.794
2509,2012-11-15,11.266
2510,2012-11-16,10.403
2511,2012-11-17,9.178
2512,2012-11-18,8.406
2513,2012-11-19,8.033
2514,2012-11-20,11.266
2515,2012-11-21,15.082
2516,2012-11-22,17.768
2517,2012-11-23,29.398
2518,2012-11-24,46.934
2519,2012-11-25,64.896
2520,2012-11-26,100.732
2521,2012-11-27,30.135
2522,2012-11-28,16.666
2523,2012-11-29,16.128
2524,2012-11-30,12.395
2525,2012-10-01,8.787
2526,2012-10-02,8.406
2527,2012-10-03,8.033
2528,2012-10-04,7.315
2529,2012-10-05,6.97
2530,2012-10-06,8.406
2531,2012-10-07,10.403
2532,2012-10-08,10.615
2533,2012-10-09,9.986
2534,2012-10-10,9.178
2535,2012-10-11,8.033
2536,2012-10-12,21.924
2537,2012-10-13,38.043
2538,2012-10-14,28.67
2539,2012-10-15,20.69
2540,2012-10-16,17.212
2541,2012-10-17,13.34
2542,2012-10-18,11.71
2543,2012-10-19,9.986
2544,2012-10-20,8.406
2545,2012-10-21,8.033
2546,2012-10-22,6.97
2547,2012-10-23,6.633
2548,2012-10-24,6.468
2549,2012-10-25,7.67
2550,2012-10-26,9.986
2551,2012-10-27,9.577
2552,2012-10-28,8.406
2553,2012-10-29,7.67
2554,2012-10-30,7.315
2555,2012-10-31,6.633
2556,2012-09-01,10.83
2557,2012-09-02,10.83
2558,2012-09-03,10.615
2559,2012-09-04,11.487
2560,2012-09-05,10.83
2561,2012-09-06,10.615
2562,2012-09-07,11.266
2563,2012-09-08,10.403
2564,2012-09-09,9.78
2565,2012-09-10,10.403
2566,2012-09-11,8.787
2567,2012-09-12,8.406
2568,2012-09-13,8.033
2569,2012-09-14,7.315
2570,2012-09-15,6.97
2571,2012-09-16,6.97
2572,2012-09-17,7.67
2573,2012-09-18,9.376
2574,2012-09-19,11.71
2575,2012-09-20,10.615
2576,2012-09-21,9.986
2577,2012-09-22,8.981
2578,2012-09-23,8.219
2579,2012-09-24,7.851
2580,2012-09-25,8.981
2581,2012-09-26,16.128
2582,2012-09-27,25.177
2583,2012-09-28,26.546
2584,2012-09-29,14.573
2585,2012-09-30,10.83
2586,2012-08-01,10.615
2587,2012-08-02,13.582
2588,2012-08-03,13.1
2589,2012-08-04,12.628
2590,2012-08-05,10.83
2591,2012-08-06,9.986
2592,2012-08-07,9.986
2593,2012-08-08,9.577
2594,2012-08-09,9.986
2595,2012-08-10,13.34
2596,2012-08-11,12.165
2597,2012-08-12,10.193
2598,2012-08-13,9.376
2599,2012-08-14,9.178
2600,2012-08-15,9.577
2601,2012-08-16,9.577
2602,2012-08-17,9.986
2603,2012-08-18,9.577
2604,2012-08-19,9.178
2605,2012-08-20,9.178
2606,2012-08-21,9.178
2607,2012-08-22,8.981
2608,2012-08-23,8.787
2609,2012-08-24,8.787
2610,2012-08-25,8.787
2611,2012-08-26,8.787
2612,2012-08-27,8.981
2613,2012-08-28,8.787
2614,2012-08-29,8.787
2615,2012-08-30,8.596
2616,2012-08-31,8.596
2617,2012-07-01,11.487
2618,2012-07-02,11.266
2619,2012-07-03,10.83
2620,2012-07-04,10.403
2621,2012-07-05,10.403
2622,2012-07-06,9.986
2623,2012-07-07,9.178
2624,2012-07-08,8.787
2625,2012-07-09,8.787
2626,2012-07-10,11.71
2627,2012-07-11,13.1
2628,2012-07-12,14.072
2629,2012-07-13,26.546
2630,2012-07-14,18.334
2631,2012-07-15,16.396
2632,2012-07-16,15.082
2633,2012-07-17,14.072
2634,2012-07-18,13.826
2635,2012-07-19,13.34
2636,2012-07-20,12.628
2637,2012-07-21,12.165
2638,2012-07-22,11.266
2639,2012-07-23,11.266
2640,2012-07-24,10.83
2641,2012-07-25,10.403
2642,2012-07-26,12.165
2643,2012-07-27,12.165
2644,2012-07-28,11.266
2645,2012-07-29,10.403
2646,2012-07-30,9.986
2647,2012-07-31,9.78
2648,2012-06-01,16.666
2649,2012-06-02,14.826
2650,2012-06-03,13.582
2651,2012-06-04,12.628
2652,2012-06-05,14.321
2653,2012-06-06,20.086
2654,2012-06-07,29.033
2655,2012-06-08,33.181
2656,2012-06-09,23.521
2657,2012-06-10,39.313
2658,2012-06-11,30.135
2659,2012-06-12,21.924
2660,2012-06-13,21.924
2661,2012-06-14,18.334
2662,2012-06-15,15.34
2663,2012-06-16,14.826
2664,2012-06-17,14.573
2665,2012-06-18,14.072
2666,2012-06-19,13.1
2667,2012-06-20,13.582
2668,2012-06-21,16.938
2669,2012-06-22,15.34
2670,2012-06-23,13.582
2671,2012-06-24,12.863
2672,2012-06-25,12.628
2673,2012-06-26,12.165
2674,2012-06-27,12.165
2675,2012-06-28,11.71
2676,2012-06-29,11.266
2677,2012-06-30,11.047
2678,2012-05-01,18.909
2679,2012-05-02,17.489
2680,2012-05-03,15.601
2681,2012-05-04,14.573
2682,2012-05-05,13.582
2683,2012-05-06,12.395
2684,2012-05-07,11.266
2685,2012-05-08,12.863
2686,2012-05-09,12.165
2687,2012-05-10,12.165
2688,2012-05-11,11.71
2689,2012-05-12,10.403
2690,2012-05-13,9.577
2691,2012-05-14,20.69
2692,2012-05-15,32.405
2693,2012-05-16,16.396
2694,2012-05-17,14.573
2695,2012-05-18,17.768
2696,2012-05-19,25.177
2697,2012-05-20,18.909
2698,2012-05-21,15.082
2699,2012-05-22,16.128
2700,2012-05-23,27.953
2701,2012-05-24,27.597
2702,2012-05-25,22.239
2703,2012-05-26,17.768
2704,2012-05-27,14.072
2705,2012-05-28,12.863
2706,2012-05-29,15.082
2707,2012-05-30,18.05
2708,2012-05-31,18.334
2709,2012-04-01,11.487
2710,2012-04-02,18.334
2711,2012-04-03,15.601
2712,2012-04-04,13.34
2713,2012-04-05,11.266
2714,2012-04-06,10.193
2715,2012-04-07,10.403
2716,2012-04-08,8.981
2717,2012-04-09,23.521
2718,2012-04-10,24.508
2719,2012-04-11,20.69
2720,2012-04-12,17.768
2721,2012-04-13,15.601
2722,2012-04-14,14.072
2723,2012-04-15,12.863
2724,2012-04-16,12.165
2725,2012-04-17,11.266
2726,2012-04-18,16.128
2727,2012-04-19,18.334
2728,2012-04-20,26.546
2729,2012-04-21,24.508
2730,2012-04-22,22.556
2731,2012-04-23,19.493
2732,2012-04-24,17.212
2733,2012-04-25,24.508
2734,2012-04-26,29.398
2735,2012-04-27,25.857
2736,2012-04-28,22.556
2737,2012-04-29,20.69
2738,2012-04-30,16.128
2739,2012-03-01,38.464
2740,2012-03-02,36.383
2741,2012-03-03,24.176
2742,2012-03-04,27.597
2743,2012-03-05,30.882
2744,2012-03-06,33.181
2745,2012-03-07,29.398
2746,2012-03-08,25.177
2747,2012-03-09,27.597
2748,2012-03-10,33.967
2749,2012-03-11,33.181
2750,2012-03-12,30.882
2751,2012-03-13,35.568
2752,2012-03-14,73.543
2753,2012-03-15,41.48
2754,2012-03-16,34.763
2755,2012-03-17,42.365
2756,2012-03-18,46.0
2757,2012-03-19,31.639
2758,2012-03-20,28.67
2759,2012-03-21,27.244
2760,2012-03-22,28.67
2761,2012-03-23,27.244
2762,2012-03-24,25.857
2763,2012-03-25,24.508
2764,2012-03-26,23.521
2765,2012-03-27,21.924
2766,2012-03-28,20.69
2767,2012-03-29,24.508
2768,2012-03-30,28.67
2769,2012-03-31,32.405
2770,2012-02-01,32.405
2771,2012-02-02,20.69
2772,2012-02-03,17.768
2773,2012-02-04,14.072
2774,2012-02-05,11.71
2775,2012-02-06,10.403
2776,2012-02-07,8.787
2777,2012-02-08,7.67
2778,2012-02-09,6.633
2779,2012-02-10,7.141
2780,2012-02-11,14.573
2781,2012-02-12,15.863
2782,2012-02-13,15.601
2783,2012-02-14,13.1
2784,2012-02-15,9.178
2785,2012-02-16,8.219
2786,2012-02-17,8.787
2787,2012-02-18,8.033
2788,2012-02-19,7.492
2789,2012-02-20,7.141
2790,2012-02-21,7.315
2791,2012-02-22,6.97
2792,2012-02-23,7.67
2793,2012-02-24,7.315
2794,2012-02-25,6.97
2795,2012-02-26,6.97
2796,2012-02-27,6.633
2797,2012-02-28,8.219
2798,2012-02-29,7.141
2799,2012-01-01,23.197
2800,2012-01-02,34.364
2801,2012-01-03,32.405
2802,2012-01-04,29.398
2803,2012-01-05,25.857
2804,2012-01-06,22.875
2805,2012-01-07,20.086
2806,2012-01-08,17.768
2807,2012-01-09,15.601
2808,2012-01-10,14.072
2809,2012-01-11,12.165
2810,2012-01-12,21.302
2811,2012-01-13,30.882
2812,2012-01-14,19.493
2813,2012-01-15,26.546
2814,2012-01-16,22.556
2815,2012-01-17,19.199
2816,2012-01-18,16.666
2817,2012-01-19,14.573
2818,2012-01-20,13.1
2819,2012-01-21,11.266
2820,2012-01-22,9.577
2821,2012-01-23,8.406
2822,2012-01-24,7.67
2823,2012-01-25,6.97
2824,2012-01-26,11.936
2825,2012-01-27,15.082
2826,2012-01-28,17.768
2827,2012-01-29,23.847
2828,2012-01-30,25.177
2829,2012-01-31,28.67
2830,2011-12-01,14.826
2831,2011-12-02,14.072
2832,2011-12-03,13.1
2833,2011-12-04,12.628
2834,2011-12-05,11.936
2835,2011-12-06,11.487
2836,2011-12-07,10.83
2837,2011-12-08,10.403
2838,2011-12-09,12.395
2839,2011-12-10,14.072
2840,2011-12-11,15.863
2841,2011-12-12,17.768
2842,2011-12-13,17.489
2843,2011-12-14,16.396
2844,2011-12-15,15.082
2845,2011-12-16,13.826
2846,2011-12-17,12.863
2847,2011-12-18,12.165
2848,2011-12-19,11.266
2849,2011-12-20,10.83
2850,2011-12-21,10.83
2851,2011-12-22,12.165
2852,2011-12-23,14.573
2853,2011-12-24,18.334
2854,2011-12-25,9.577
2855,2011-12-26,22.556
2856,2011-12-27,20.69
2857,2011-12-28,17.212
2858,2011-12-29,17.768
2859,2011-12-30,16.666
2860,2011-12-31,18.334
2861,2011-11-01,8.033
2862,2011-11-02,7.315
2863,2011-11-03,9.577
2864,2011-11-04,12.863
2865,2011-11-05,15.863
2866,2011-11-06,15.082
2867,2011-11-07,13.34
2868,2011-11-08,12.165
2869,2011-11-09,11.266
2870,2011-11-10,10.403
2871,2011-11-11,9.986
2872,2011-11-12,9.178
2873,2011-11-13,11.047
2874,2011-11-14,15.082
2875,2011-11-15,18.334
2876,2011-11-16,16.396
2877,2011-11-17,15.082
2878,2011-11-18,14.072
2879,2011-11-19,12.628
2880,2011-11-20,12.395
2881,2011-11-21,11.71
2882,2011-11-22,9.986
2883,2011-11-23,11.71
2884,2011-11-24,15.863
2885,2011-11-25,21.924
2886,2011-11-26,17.212
2887,2011-11-27,14.072
2888,2011-11-28,16.666
2889,2011-11-29,17.768
2890,2011-11-30,16.128
2891,2011-10-01,8.219
2892,2011-10-02,8.981
2893,2011-10-03,8.406
2894,2011-10-04,9.577
2895,2011-10-05,11.266
2896,2011-10-06,12.628
2897,2011-10-07,11.266
2898,2011-10-08,9.986
2899,2011-10-09,9.178
2900,2011-10-10,8.596
2901,2011-10-11,8.033
2902,2011-10-12,7.315
2903,2011-10-13,9.986
2904,2011-10-14,16.128
2905,2011-10-15,15.082
2906,2011-10-16,15.601
2907,2011-10-17,17.768
2908,2011-10-18,30.882
2909,2011-10-19,32.405
2910,2011-10-20,25.177
2911,2011-10-21,18.334
2912,2011-10-22,15.34
2913,2011-10-23,13.826
2914,2011-10-24,12.628
2915,2011-10-25,11.71
2916,2011-10-26,10.83
2917,2011-10-27,10.403
2918,2011-10-28,9.577
2919,2011-10-29,8.787
2920,2011-10-30,8.406
2921,2011-10-31,8.033
2922,2011-09-01,8.787
2923,2011-09-02,8.406
2924,2011-09-03,8.219
2925,2011-09-04,8.033
2926,2011-09-05,7.315
2927,2011-09-06,8.406
2928,2011-09-07,11.71
2929,2011-09-08,13.582
2930,2011-09-09,16.128
2931,2011-09-10,19.493
2932,2011-09-11,15.082
2933,2011-09-12,12.863
2934,2011-09-13,12.165
2935,2011-09-14,11.047
2936,2011-09-15,9.178
2937,2011-09-16,8.787
2938,2011-09-17,8.033
2939,2011-09-18,11.047
2940,2011-09-19,14.573
2941,2011-09-20,15.863
2942,2011-09-21,14.573
2943,2011-09-22,13.1
2944,2011-09-23,12.628
2945,2011-09-24,11.266
2946,2011-09-25,10.193
2947,2011-09-26,9.577
2948,2011-09-27,8.787
2949,2011-09-28,8.406
2950,2011-09-29,8.033
2951,2011-09-30,7.851
2952,2011-08-01,10.83
2953,2011-08-02,12.165
2954,2011-08-03,14.573
2955,2011-08-04,15.863
2956,2011-08-05,15.082
2957,2011-08-06,13.582
2958,2011-08-07,12.165
2959,2011-08-08,11.487
2960,2011-08-09,10.83
2961,2011-08-10,10.403
2962,2011-08-11,16.666
2963,2011-08-12,24.508
2964,2011-08-13,22.239
2965,2011-08-14,17.212
2966,2011-08-15,14.573
2967,2011-08-16,12.628
2968,2011-08-17,11.71
2969,2011-08-18,10.403
2970,2011-08-19,10.83
2971,2011-08-20,10.83
2972,2011-08-21,12.395
2973,2011-08-22,13.34
2974,2011-08-23,14.573
2975,2011-08-24,17.489
2976,2011-08-25,15.601
2977,2011-08-26,14.072
2978,2011-08-27,6.633
2979,2011-08-28,11.266
2980,2011-08-29,9.986
2981,2011-08-30,9.577
2982,2011-08-31,9.178
2983,2011-07-01,15.863
2984,2011-07-02,15.082
2985,2011-07-03,14.072
2986,2011-07-04,13.1
2987,2011-07-05,12.628
2988,2011-07-06,12.165
2989,2011-07-07,11.71
2990,2011-07-08,13.582
2991,2011-07-09,10.83
2992,2011-07-10,9.986
2993,2011-07-11,9.178
2994,2011-07-12,8.787
2995,2011-07-13,8.406
2996,2011-07-14,8.033
2997,2011-07-15,7.492
2998,2011-07-16,7.315
2999,2011-07-17,6.97
3000,2011-07-18,6.633
3001,2011-07-19,6.305
3002,2011-07-20,6.97
3003,2011-07-21,7.67
3004,2011-07-22,11.047
3005,2011-07-23,43.258
3006,2011-07-24,17.212
3007,2011-07-25,15.863
3008,2011-07-26,14.321
3009,2011-07-27,13.1
3010,2011-07-28,12.395
3011,2011-07-29,11.266
3012,2011-07-30,10.83
3013,2011-07-31,9.986
3014,2011-06-01,15.601
3015,2011-06-02,14.826
3016,2011-06-03,14.573
3017,2011-06-04,5.675
3018,2011-06-05,5.374
3019,2011-06-06,9.577
3020,2011-06-07,15.34
3021,2011-06-08,9.577
3022,2011-06-09,5.226
3023,2011-06-10,5.081
3024,2011-06-11,15.601
3025,2011-06-12,17.768
3026,2011-06-13,23.521
3027,2011-06-14,26.546
3028,2011-06-15,25.177
3029,2011-06-16,22.239
3030,2011-06-17,17.768
3031,2011-06-18,14.826
3032,2011-06-19,8.787
3033,2011-06-20,6.97
3034,2011-06-21,6.633
3035,2011-06-22,6.305
3036,2011-06-23,4.796
3037,2011-06-24,10.83
3038,2011-06-25,9.178
3039,2011-06-26,6.305
3040,2011-06-27,9.178
3041,2011-06-28,9.986
3042,2011-06-29,8.033
3043,2011-06-30,8.596
3044,2011-05-01,17.768
3045,2011-05-02,17.768
3046,2011-05-03,20.995
3047,2011-05-04,17.768
3048,2011-05-05,17.768
3049,2011-05-06,16.938
3050,2011-05-07,15.601
3051,2011-05-08,15.601
3052,2011-05-09,18.909
3053,2011-05-10,18.334
3054,2011-05-11,18.05
3055,2011-05-12,17.212
3056,2011-05-13,17.212
3057,2011-05-14,18.334
3058,2011-05-15,17.212
3059,2011-05-16,15.601
3060,2011-05-17,15.082
3061,2011-05-18,14.573
3062,2011-05-19,4.657
3063,2011-05-20,11.266
3064,2011-05-21,16.666
3065,2011-05-22,17.212
3066,2011-05-23,16.128
3067,2011-05-24,14.826
3068,2011-05-25,14.573
3069,2011-05-26,5.675
3070,2011-05-27,5.226
3071,2011-05-28,9.78
3072,2011-05-29,16.128
3073,2011-05-30,18.334
3074,2011-05-31,17.212
3075,2011-04-01,66.58
3076,2011-04-02,35.568
3077,2011-04-03,25.177
3078,2011-04-04,21.924
3079,2011-04-05,28.67
3080,2011-04-06,33.967
3081,2011-04-07,30.882
3082,2011-04-08,28.31
3083,2011-04-09,27.244
3084,2011-04-10,26.546
3085,2011-04-11,24.508
3086,2011-04-12,23.847
3087,2011-04-13,22.556
3088,2011-04-14,21.302
3089,2011-04-15,20.086
3090,2011-04-16,18.05
3091,2011-04-17,17.212
3092,2011-04-18,16.128
3093,2011-04-19,15.082
3094,2011-04-20,14.573
3095,2011-04-21,8.981
3096,2011-04-22,8.787
3097,2011-04-23,8.406
3098,2011-04-24,8.033
3099,2011-04-25,11.71
3100,2011-04-26,74.739
3101,2011-04-27,48.831
3102,2011-04-28,36.383
3103,2011-04-29,27.597
3104,2011-04-30,23.521
3105,2011-03-01,38.464
3106,2011-03-02,36.383
3107,2011-03-03,29.398
3108,2011-03-04,27.953
3109,2011-03-05,30.882
3110,2011-03-06,33.181
3111,2011-03-07,29.398
3112,2011-03-08,25.177
3113,2011-03-09,27.597
3114,2011-03-10,33.967
3115,2011-03-11,33.181
3116,2011-03-12,30.882
3117,2011-03-13,35.568
3118,2011-03-14,73.543
3119,2011-03-15,41.48
3120,2011-03-16,34.763
3121,2011-03-17,42.365
3122,2011-03-18,46.0
3123,2011-03-19,31.639
3124,2011-03-20,28.31
3125,2011-03-21,27.244
3126,2011-03-22,28.67
3127,2011-03-23,27.244
3128,2011-03-24,25.857
3129,2011-03-25,24.508
3130,2011-03-26,23.521
3131,2011-03-27,21.924
3132,2011-03-28,20.69
3133,2011-03-29,22.875
3134,2011-03-30,31.259
3135,2011-03-31,71.768
3136,2011-02-01,12.165
3137,2011-02-02,12.165
3138,2011-02-03,13.34
3139,2011-02-04,15.082
3140,2011-02-05,16.396
3141,2011-02-06,15.34
3142,2011-02-07,14.072
3143,2011-02-08,13.34
3144,2011-02-09,12.628
3145,2011-02-10,12.165
3146,2011-02-11,11.71
3147,2011-02-12,10.83
3148,2011-02-13,10.403
3149,2011-02-14,9.986
3150,2011-02-15,10.403
3151,2011-02-16,11.266
3152,2011-02-17,12.165
3153,2011-02-18,13.582
3154,2011-02-19,13.582
3155,2011-02-20,12.165
3156,2011-02-21,11.047
3157,2011-02-22,10.403
3158,2011-02-23,16.396
3159,2011-02-24,12.863
3160,2011-02-25,12.628
3161,2011-02-26,14.573
3162,2011-02-27,17.212
3163,2011-02-28,26.546
3164,2011-01-01,24.508
3165,2011-01-02,26.546
3166,2011-01-03,30.882
3167,2011-01-04,32.405
3168,2011-01-05,25.857
3169,2011-01-06,22.875
3170,2011-01-07,21.302
3171,2011-01-08,18.62
3172,2011-01-09,17.768
3173,2011-01-10,16.666
3174,2011-01-11,23.521
3175,2011-01-12,22.556
3176,2011-01-13,20.69
3177,2011-01-14,18.62
3178,2011-01-15,23.197
3179,2011-01-16,22.556
3180,2011-01-17,25.177
3181,2011-01-18,23.847
3182,2011-01-19,22.556
3183,2011-01-20,20.69
3184,2011-01-21,20.086
3185,2011-01-22,18.62
3186,2011-01-23,17.768
3187,2011-01-24,15.863
3188,2011-01-25,15.601
3189,2011-01-26,16.128
3190,2011-01-27,14.573
3191,2011-01-28,14.321
3192,2011-01-29,13.1
3193,2011-01-30,12.628
3194,2011-01-31,12.628
3195,2010-12-01,23.847
3196,2010-12-02,21.302
3197,2010-12-03,17.768
3198,2010-12-04,22.239
3199,2010-12-05,20.086
3200,2010-12-06,19.493
3201,2010-12-07,22.875
3202,2010-12-08,22.239
3203,2010-12-09,15.082
3204,2010-12-10,30.135
3205,2010-12-11,23.847
3206,2010-12-12,20.086
3207,2010-12-13,18.62
3208,2010-12-14,15.082
3209,2010-12-15,74.739
3210,2010-12-16,97.18
3211,2010-12-17,73.543
3212,2010-12-18,50.768
3213,2010-12-19,26.894
3214,2010-12-20,19.788
3215,2010-12-21,17.768
3216,2010-12-22,16.128
3217,2010-12-23,51.752
3218,2010-12-24,27.953
3219,2010-12-25,24.508
3220,2010-12-26,31.639
3221,2010-12-27,67.715
3222,2010-12-28,39.742
3223,2010-12-29,31.259
3224,2010-12-30,25.177
3225,2010-12-31,26.894
3226,2010-11-01,14.321
3227,2010-11-02,10.83
3228,2010-11-03,9.577
3229,2010-11-04,8.787
3230,2010-11-05,7.315
3231,2010-11-06,34.763
3232,2010-11-07,10.403
3233,2010-11-08,9.178
3234,2010-11-09,33.967
3235,2010-11-10,115.112
3236,2010-11-11,38.888
3237,2010-11-12,23.847
3238,2010-11-13,21.302
3239,2010-11-14,17.212
3240,2010-11-15,30.882
3241,2010-11-16,20.086
3242,2010-11-17,21.924
3243,2010-11-18,27.244
3244,2010-11-19,22.556
3245,2010-11-20,27.953
3246,2010-11-21,36.383
3247,2010-11-22,23.197
3248,2010-11-23,16.666
3249,2010-11-24,23.197
3250,2010-11-25,22.556
3251,2010-11-26,30.135
3252,2010-11-27,24.176
3253,2010-11-28,20.995
3254,2010-11-29,20.387
3255,2010-11-30,19.493
3256,2010-10-01,7.67
3257,2010-10-02,7.67
3258,2010-10-03,7.492
3259,2010-10-04,7.492
3260,2010-10-05,7.315
3261,2010-10-06,7.315
3262,2010-10-07,7.315
3263,2010-10-08,6.97
3264,2010-10-09,6.97
3265,2010-10-10,6.8
3266,2010-10-11,6.8
3267,2010-10-12,6.633
3268,2010-10-13,6.468
3269,2010-10-14,6.305
3270,2010-10-15,6.305
3271,2010-10-16,6.144
3272,2010-10-17,5.986
3273,2010-10-18,5.829
3274,2010-10-19,11.266
3275,2010-10-20,11.266
3276,2010-10-21,11.266
3277,2010-10-22,10.83
3278,2010-10-23,10.403
3279,2010-10-24,5.986
3280,2010-10-25,9.376
3281,2010-10-26,17.212
3282,2010-10-27,31.259
3283,2010-10-28,20.995
3284,2010-10-29,13.1
3285,2010-10-30,10.83
3286,2010-10-31,9.178
3287,2010-09-01,
3288,2010-09-02,
3289,2010-09-03,
3290,2010-09-04,
3291,2010-09-05,
3292,2010-09-06,
3293,2010-09-07,
3294,2010-09-08,
3295,2010-09-09,
3296,2010-09-10,
3297,2010-09-11,
3298,2010-09-12,
3299,2010-09-13,
3300,2010-09-14,
3301,2010-09-15,
3302,2010-09-16,
3303,2010-09-17,
3304,2010-09-18,
3305,2010-09-19,
3306,2010-09-20,
3307,2010-09-21,7.67
3308,2010-09-22,7.67
3309,2010-09-23,7.315
3310,2010-09-24,7.315
3311,2010-09-25,7.315
3312,2010-09-26,7.141
3313,2010-09-27,6.633
3314,2010-09-28,7.315
3315,2010-09-29,6.97
3316,2010-09-30,6.8
3317,2010-08-01,
3318,2010-08-02,
3319,2010-08-03,
3320,2010-08-04,
3321,2010-08-05,
3322,2010-08-06,
3323,2010-08-07,
3324,2010-08-08,
3325,2010-08-09,
3326,2010-08-10,
3327,2010-08-11,
3328,2010-08-12,
3329,2010-08-13,
3330,2010-08-14,
3331,2010-08-15,
3332,2010-08-16,
3333,2010-08-17,
3334,2010-08-18,
3335,2010-08-19,
3336,2010-08-20,
3337,2010-08-21,
3338,2010-08-22,
3339,2010-08-23,
3340,2010-08-24,
3341,2010-08-25,
3342,2010-08-26,
3343,2010-08-27,
3344,2010-08-28,
3345,2010-08-29,
3346,2010-08-30,
3347,2010-08-31,
3348,2010-07-01,
3349,2010-07-02,
3350,2010-07-03,
3351,2010-07-04,
3352,2010-07-05,
3353,2010-07-06,
3354,2010-07-07,
3355,2010-07-08,
3356,2010-07-09,
3357,2010-07-10,
3358,2010-07-11,
3359,2010-07-12,
3360,2010-07-13,
3361,2010-07-14,
3362,2010-07-15,
3363,2010-07-16,
3364,2010-07-17,
3365,2010-07-18,
3366,2010-07-19,
3367,2010-07-20,
3368,2010-07-21,
3369,2010-07-22,
3370,2010-07-23,
3371,2010-07-24,
3372,2010-07-25,
3373,2010-07-26,
3374,2010-07-27,
3375,2010-07-28,
3376,2010-07-29,
3377,2010-07-30,
3378,2010-07-31,
3379,2010-06-01,
3380,2010-06-02,
3381,2010-06-03,
3382,2010-06-04,
3383,2010-06-05,
3384,2010-06-06,
3385,2010-06-07,
3386,2010-06-08,
3387,2010-06-09,
3388,2010-06-10,
3389,2010-06-11,
3390,2010-06-12,
3391,2010-06-13,
3392,2010-06-14,
3393,2010-06-15,
3394,2010-06-16,
3395,2010-06-17,
3396,2010-06-18,
3397,2010-06-19,
3398,2010-06-20,
3399,2010-06-21,
3400,2010-06-22,
3401,2010-06-23,
3402,2010-06-24,
3403,2010-06-25,
3404,2010-06-26,
3405,2010-06-27,
3406,2010-06-28,
3407,2010-06-29,
3408,2010-06-30,
3409,2010-05-01,10.615
3410,2010-05-02,15.34
3411,2010-05-03,20.995
3412,2010-05-04,27.597
3413,2010-05-05,110.198
3414,2010-05-06,82.767
3415,2010-05-07,63.786
3416,2010-05-08,48.353
3417,2010-05-09,99.201
3418,2010-05-10,82.767
3419,2010-05-11,69.436
3420,2010-05-12,46.0
3421,2010-05-13,29.398
3422,2010-05-14,25.857
3423,2010-05-15,18.909
3424,2010-05-16,18.62
3425,2010-05-17,14.321
3426,2010-05-18,13.1
3427,2010-05-19,12.863
3428,2010-05-20,11.936
3429,2010-05-21,11.266
3430,2010-05-22,9.78
3431,2010-05-23,9.178
3432,2010-05-24,8.787
3433,2010-05-25,8.033
3434,2010-05-26,7.315
3435,2010-05-27,6.305
3436,2010-05-28,5.986
3437,2010-05-29,6.633
3438,2010-05-30,5.675
3439,2010-05-31,10.615
3440,2010-04-01,22.239
3441,2010-04-02,59.982
3442,2010-04-03,54.763
3443,2010-04-04,50.768
3444,2010-04-05,66.58
3445,2010-04-06,46.934
3446,2010-04-07,55.787
3447,2010-04-08,25.177
3448,2010-04-09,24.176
3449,2010-04-10,40.606
3450,2010-04-11,18.05
3451,2010-04-12,16.666
3452,2010-04-13,15.601
3453,2010-04-14,101.245
3454,2010-04-15,53.749
3455,2010-04-16,25.857
3456,2010-04-17,16.666
3457,2010-04-18,12.165
3458,2010-04-19,9.986
3459,2010-04-20,7.492
3460,2010-04-21,14.072
3461,2010-04-22,22.875
3462,2010-04-23,34.364
3463,2010-04-24,47.877
3464,2010-04-25,63.786
3465,2010-04-26,55.787
3466,2010-04-27,45.537
3467,2010-04-28,37.208
3468,2010-04-29,27.597
3469,2010-04-30,16.938
3470,2010-03-01,9.577
3471,2010-03-02,9.178
3472,2010-03-03,7.67
3473,2010-03-04,8.406
3474,2010-03-05,9.178
3475,2010-03-06,8.406
3476,2010-03-07,8.033
3477,2010-03-08,7.67
3478,2010-03-09,7.67
3479,2010-03-10,9.577
3480,2010-03-11,8.981
3481,2010-03-12,7.67
3482,2010-03-13,7.315
3483,2010-03-14,6.97
3484,2010-03-15,6.633
3485,2010-03-16,6.305
3486,2010-03-17,5.986
3487,2010-03-18,8.787
3488,2010-03-19,8.981
3489,2010-03-20,10.83
3490,2010-03-21,9.986
3491,2010-03-22,9.178
3492,2010-03-23,8.787
3493,2010-03-24,8.787
3494,2010-03-25,8.787
3495,2010-03-26,8.787
3496,2010-03-27,48.831
3497,2010-03-28,54.255
3498,2010-03-29,20.086
3499,2010-03-30,14.072
3500,2010-03-31,47.877
3501,2010-02-01,9.577
3502,2010-02-02,9.178
3503,2010-02-03,8.033
3504,2010-02-04,8.787
3505,2010-02-05,8.787
3506,2010-02-06,8.406
3507,2010-02-07,8.033
3508,2010-02-08,7.67
3509,2010-02-09,8.787
3510,2010-02-10,8.981
3511,2010-02-11,7.67
3512,2010-02-12,7.315
3513,2010-02-13,6.97
3514,2010-02-14,6.633
3515,2010-02-15,6.305
3516,2010-02-16,5.986
3517,2010-02-17,8.787
3518,2010-02-18,10.83
3519,2010-02-19,9.986
3520,2010-02-20,9.178
3521,2010-02-21,9.178
3522,2010-02-22,8.787
3523,2010-02-23,8.787
3524,2010-02-24,9.986
3525,2010-02-25,9.577
3526,2010-02-26,109.122
3527,2010-02-27,18.05
3528,2010-02-28,8.596
3529,2010-01-01,47.877
3530,2010-01-02,29.398
3531,2010-01-03,23.521
3532,2010-01-04,21.302
3533,2010-01-05,21.302
3534,2010-01-06,33.967
3535,2010-01-07,22.556
3536,2010-01-08,18.62
3537,2010-01-09,19.493
3538,2010-01-10,15.601
3539,2010-01-11,14.072
3540,2010-01-12,13.1
3541,2010-01-13,12.628
3542,2010-01-14,12.165
3543,2010-01-15,11.266
3544,2010-01-16,10.83
3545,2010-01-17,36.383
3546,2010-01-18,56.82
3547,2010-01-19,12.863
3548,2010-01-20,12.165
3549,2010-01-21,11.266
3550,2010-01-22,15.082
3551,2010-01-23,17.212
3552,2010-01-24,19.788
3553,2010-01-25,23.197
3554,2010-01-26,14.321
3555,2010-01-27,12.395
3556,2010-01-28,10.403
3557,2010-01-29,9.986
3558,2010-01-30,9.986
3559,2010-01-31,9.986
3560,2009-12-01,18.909
3561,2009-12-02,15.34
3562,2009-12-03,13.826
3563,2009-12-04,62.687
3564,2009-12-05,85.546
3565,2009-12-06,36.383
3566,2009-12-07,25.857
3567,2009-12-08,25.177
3568,2009-12-09,45.537
3569,2009-12-10,39.742
3570,2009-12-11,26.546
3571,2009-12-12,24.508
3572,2009-12-13,21.302
3573,2009-12-14,19.199
3574,2009-12-15,17.768
3575,2009-12-16,17.212
3576,2009-12-17,15.082
3577,2009-12-18,15.34
3578,2009-12-19,14.573
3579,2009-12-20,15.082
3580,2009-12-21,15.34
3581,2009-12-22,15.601
3582,2009-12-23,21.924
3583,2009-12-24,29.398
3584,2009-12-25,21.924
3585,2009-12-26,29.765
3586,2009-12-27,62.687
3587,2009-12-28,63.235
3588,2009-12-29,27.953
3589,2009-12-30,110.198
3590,2009-12-31,67.146
3591,2009-11-01,64.896
3592,2009-11-02,54.255
3593,2009-11-03,26.546
3594,2009-11-04,17.212
3595,2009-11-05,15.082
3596,2009-11-06,14.072
3597,2009-11-07,13.34
3598,2009-11-08,12.628
3599,2009-11-09,32.405
3600,2009-11-10,20.69
3601,2009-11-11,52.745
3602,2009-11-12,87.9
3603,2009-11-13,43.258
3604,2009-11-14,34.763
3605,2009-11-15,47.877
3606,2009-11-16,26.546
3607,2009-11-17,32.792
3608,2009-11-18,23.197
3609,2009-11-19,36.794
3610,2009-11-20,33.967
3611,2009-11-21,19.199
3612,2009-11-22,20.387
3613,2009-11-23,16.128
3614,2009-11-24,14.826
3615,2009-11-25,14.072
3616,2009-11-26,13.34
3617,2009-11-27,12.628
3618,2009-11-28,15.34
3619,2009-11-29,13.582
3620,2009-11-30,63.786
3621,2009-10-01,16.666
3622,2009-10-02,9.78
3623,2009-10-03,8.596
3624,2009-10-04,8.787
3625,2009-10-05,10.83
3626,2009-10-06,7.67
3627,2009-10-07,10.403
3628,2009-10-08,25.177
3629,2009-10-09,80.944
3630,2009-10-10,57.864
3631,2009-10-11,15.34
3632,2009-10-12,14.072
3633,2009-10-13,12.628
3634,2009-10-14,10.83
3635,2009-10-15,14.573
3636,2009-10-16,18.05
3637,2009-10-17,25.177
3638,2009-10-18,23.197
3639,2009-10-19,38.888
3640,2009-10-20,30.135
3641,2009-10-21,22.556
3642,2009-10-22,18.909
3643,2009-10-23,18.909
3644,2009-10-24,26.2
3645,2009-10-25,32.405
3646,2009-10-26,47.877
3647,2009-10-27,29.398
3648,2009-10-28,25.177
3649,2009-10-29,20.69
3650,2009-10-30,16.396
3651,2009-10-31,14.573
3652,2009-09-01,5.226
3653,2009-09-02,5.986
3654,2009-09-03,7.141
3655,2009-09-04,9.986
3656,2009-09-05,11.71
3657,2009-09-06,9.78
3658,2009-09-07,8.406
3659,2009-09-08,7.315
3660,2009-09-09,6.633
3661,2009-09-10,5.675
3662,2009-09-11,5.374
3663,2009-09-12,5.374
3664,2009-09-13,8.406
3665,2009-09-14,6.468
3666,2009-09-15,6.8
3667,2009-09-16,6.633
3668,2009-09-17,5.675
3669,2009-09-18,31.259
3670,2009-09-19,29.398
3671,2009-09-20,38.888
3672,2009-09-21,25.177
3673,2009-09-22,21.924
3674,2009-09-23,29.765
3675,2009-09-24,11.266
3676,2009-09-25,10.193
3677,2009-09-26,8.787
3678,2009-09-27,8.219
3679,2009-09-28,9.577
3680,2009-09-29,10.403
3681,2009-09-30,10.403
3682,2009-08-01,9.178
3683,2009-08-02,8.219
3684,2009-08-03,7.67
3685,2009-08-04,8.787
3686,2009-08-05,11.047
3687,2009-08-06,14.321
3688,2009-08-07,12.395
3689,2009-08-08,10.83
3690,2009-08-09,8.981
3691,2009-08-10,7.67
3692,2009-08-11,6.468
3693,2009-08-12,5.986
3694,2009-08-13,5.675
3695,2009-08-14,5.374
3696,2009-08-15,4.796
3697,2009-08-16,4.796
3698,2009-08-17,6.468
3699,2009-08-18,8.219
3700,2009-08-19,10.83
3701,2009-08-20,9.178
3702,2009-08-21,7.67
3703,2009-08-22,7.141
3704,2009-08-23,6.633
3705,2009-08-24,7.67
3706,2009-08-25,12.165
3707,2009-08-26,13.34
3708,2009-08-27,9.986
3709,2009-08-28,8.033
3710,2009-08-29,6.144
3711,2009-08-30,5.675
3712,2009-08-31,5.986
3713,2009-07-01,8.033
3714,2009-07-02,8.219
3715,2009-07-03,13.1
3716,2009-07-04,10.403
3717,2009-07-05,8.596
3718,2009-07-06,8.406
3719,2009-07-07,12.628
3720,2009-07-08,11.266
3721,2009-07-09,8.033
3722,2009-07-10,7.315
3723,2009-07-11,8.406
3724,2009-07-12,7.492
3725,2009-07-13,6.97
3726,2009-07-14,6.633
3727,2009-07-15,7.492
3728,2009-07-16,10.403
3729,2009-07-17,12.628
3730,2009-07-18,10.83
3731,2009-07-19,8.787
3732,2009-07-20,8.787
3733,2009-07-21,7.67
3734,2009-07-22,6.633
3735,2009-07-23,5.986
3736,2009-07-24,7.141
3737,2009-07-25,9.376
3738,2009-07-26,11.71
3739,2009-07-27,13.582
3740,2009-07-28,13.1
3741,2009-07-29,12.863
3742,2009-07-30,11.266
3743,2009-07-31,10.403
3744,2009-06-01,14.321
3745,2009-06-02,12.395
3746,2009-06-03,11.047
3747,2009-06-04,10.403
3748,2009-06-05,9.986
3749,2009-06-06,8.787
3750,2009-06-07,9.178
3751,2009-06-08,11.266
3752,2009-06-09,16.666
3753,2009-06-10,21.302
3754,2009-06-11,25.857
3755,2009-06-12,28.67
3756,2009-06-13,25.857
3757,2009-06-14,16.128
3758,2009-06-15,11.487
3759,2009-06-16,9.178
3760,2009-06-17,8.787
3761,2009-06-18,8.406
3762,2009-06-19,8.406
3763,2009-06-20,8.033
3764,2009-06-21,7.315
3765,2009-06-22,8.406
3766,2009-06-23,10.615
3767,2009-06-24,11.71
3768,2009-06-25,12.628
3769,2009-06-26,21.924
3770,2009-06-27,13.826
3771,2009-06-28,9.986
3772,2009-06-29,8.219
3773,2009-06-30,8.406
3774,2009-05-01,14.321
3775,2009-05-02,12.395
3776,2009-05-03,11.487
3777,2009-05-04,10.615
3778,2009-05-05,9.986
3779,2009-05-06,9.577
3780,2009-05-07,9.178
3781,2009-05-08,11.266
3782,2009-05-09,16.666
3783,2009-05-10,21.302
3784,2009-05-11,25.857
3785,2009-05-12,28.67
3786,2009-05-13,25.857
3787,2009-05-14,16.128
3788,2009-05-15,11.487
3789,2009-05-16,9.178
3790,2009-05-17,8.787
3791,2009-05-18,8.406
3792,2009-05-19,8.033
3793,2009-05-20,7.67
3794,2009-05-21,7.315
3795,2009-05-22,8.596
3796,2009-05-23,10.615
3797,2009-05-24,11.71
3798,2009-05-25,12.628
3799,2009-05-26,21.924
3800,2009-05-27,13.826
3801,2009-05-28,9.178
3802,2009-05-29,8.033
3803,2009-05-30,8.406
3804,2009-05-31,8.033
3805,2009-04-01,79.144
3806,2009-04-02,79.144
3807,2009-04-03,75.341
3808,2009-04-04,59.449
3809,2009-04-05,40.173
3810,2009-04-06,30.882
3811,2009-04-07,24.176
3812,2009-04-08,33.181
3813,2009-04-09,25.857
3814,2009-04-10,21.302
3815,2009-04-11,20.69
3816,2009-04-12,27.953
3817,2009-04-13,41.48
3818,2009-04-14,49.312
3819,2009-04-15,41.48
3820,2009-04-16,35.568
3821,2009-04-17,29.398
3822,2009-04-18,24.508
3823,2009-04-19,21.924
3824,2009-04-20,19.493
3825,2009-04-21,17.212
3826,2009-04-22,14.826
3827,2009-04-23,18.334
3828,2009-04-24,15.082
3829,2009-04-25,11.047
3830,2009-04-26,13.1
3831,2009-04-27,15.601
3832,2009-04-28,12.863
3833,2009-04-29,12.628
3834,2009-04-30,12.165
3835,2009-03-01,27.244
3836,2009-03-02,24.841
3837,2009-03-03,22.556
3838,2009-03-04,20.086
3839,2009-03-05,25.177
3840,2009-03-06,30.135
3841,2009-03-07,22.556
3842,2009-03-08,21.302
3843,2009-03-09,18.334
3844,2009-03-10,17.212
3845,2009-03-11,23.197
3846,2009-03-12,32.405
3847,2009-03-13,46.0
3848,2009-03-14,50.768
3849,2009-03-15,45.076
3850,2009-03-16,41.48
3851,2009-03-17,37.624
3852,2009-03-18,34.763
3853,2009-03-19,32.405
3854,2009-03-20,42.365
3855,2009-03-21,50.28
3856,2009-03-22,67.715
3857,2009-03-23,90.774
3858,2009-03-24,93.209
3859,2009-03-25,72.357
3860,2009-03-26,59.982
3861,2009-03-27,50.768
3862,2009-03-28,44.162
3863,2009-03-29,52.745
3864,2009-03-30,57.864
3865,2009-03-31,78.39
3866,2009-02-01,27.244
3867,2009-02-02,23.847
3868,2009-02-03,19.493
3869,2009-02-04,15.601
3870,2009-02-05,25.516
3871,2009-02-06,25.177
3872,2009-02-07,21.924
3873,2009-02-08,16.666
3874,2009-02-09,15.34
3875,2009-02-10,27.244
3876,2009-02-11,49.795
3877,2009-02-12,97.18
3878,2009-02-13,152.301
3879,2009-02-14,124.148
3880,2009-02-15,109.659
3881,2009-02-16,92.719
3882,2009-02-17,71.181
3883,2009-02-18,36.383
3884,2009-02-19,26.546
3885,2009-02-20,37.208
3886,2009-02-21,68.86
3887,2009-02-22,84.15
3888,2009-02-23,82.309
3889,2009-02-24,75.946
3890,2009-02-25,66.016
3891,2009-02-26,50.28
3892,2009-02-27,36.794
3893,2009-02-28,30.882
3894,2009-01-01,32.123
3895,2009-01-02,31.058
3896,2009-01-03,28.99
3897,2009-01-04,37.166
3898,2009-01-05,52.33
3899,2009-01-06,42.628
3900,2009-01-07,28.737
3901,2009-01-08,41.688
3902,2009-01-09,32.392
3903,2009-01-10,28.737
3904,2009-01-11,26.394
3905,2009-01-12,29.244
3906,2009-01-13,26.935
3907,2009-01-14,25.859
3908,2009-01-15,22.529
3909,2009-01-16,21.076
3910,2009-01-17,22.776
3911,2009-01-18,22.776
3912,2009-01-19,26.126
3913,2009-01-20,38.343
3914,2009-01-21,47.842
3915,2009-01-22,80.041
3916,2009-01-23,162.189
3917,2009-01-24,109.659
3918,2009-01-25,101.76
3919,2009-01-26,71.181
3920,2009-01-27,86.954
3921,2009-01-28,85.546
3922,2009-01-29,80.944
3923,2009-01-30,73.543
3924,2009-01-31,52.247
3925,2008-12-01,49.885
3926,2008-12-02,49.885
3927,2008-12-03,60.832
3928,2008-12-04,52.685
3929,2008-12-05,30.534
3930,2008-12-06,48.518
3931,2008-12-07,37.752
3932,2008-12-08,40.76
3933,2008-12-09,20.369
3934,2008-12-10,26.126
3935,2008-12-11,28.235
3936,2008-12-12,24.808
3937,2008-12-13,22.038
3938,2008-12-14,25.859
3939,2008-12-15,42.0
3940,2008-12-16,33.758
3941,2008-12-17,27.986
3942,2008-12-18,26.394
3943,2008-12-19,29.756
3944,2008-12-20,48.518
3945,2008-12-21,51.274
3946,2008-12-22,37.752
3947,2008-12-23,30.014
3948,2008-12-24,26.935
3949,2008-12-25,33.208
3950,2008-12-26,70.483
3951,2008-12-27,47.172
3952,2008-12-28,40.454
3953,2008-12-29,36.009
3954,2008-12-30,29.499
3955,2008-12-31,25.594
3956,2008-11-01,13.452
3957,2008-11-02,13.452
3958,2008-11-03,13.082
3959,2008-11-04,15.585
3960,2008-11-05,21.314
3961,2008-11-06,26.935
3962,2008-11-07,19.22
3963,2008-11-08,16.611
3964,2008-11-09,18.108
3965,2008-11-10,14.017
3966,2008-11-11,16.196
3967,2008-11-12,14.594
3968,2008-11-13,20.136
3969,2008-11-14,36.296
3970,2008-11-15,20.136
3971,2008-11-16,16.82
3972,2008-11-17,29.499
3973,2008-11-18,59.682
3974,2008-11-19,127.637
3975,2008-11-20,85.546
3976,2008-11-21,43.261
3977,2008-11-22,32.392
3978,2008-11-23,38.047
3979,2008-11-24,41.378
3980,2008-11-25,48.179
3981,2008-11-26,73.879
3982,2008-11-27,74.31
3983,2008-11-28,65.156
3984,2008-11-29,56.676
3985,2008-11-30,56.676
3986,2008-10-01,13.827
3987,2008-10-02,15.991
3988,2008-10-03,16.403
3989,2008-10-04,14.594
3990,2008-10-05,13.639
3991,2008-10-06,14.017
3992,2008-10-07,13.827
3993,2008-10-08,38.343
3994,2008-10-09,48.518
3995,2008-10-10,43.261
3996,2008-10-11,39.844
3997,2008-10-12,36.296
3998,2008-10-13,34.035
3999,2008-10-14,31.058
4000,2008-10-15,27.986
4001,2008-10-16,25.594
4002,2008-10-17,23.275
4003,2008-10-18,20.136
4004,2008-10-19,15.184
4005,2008-10-20,15.787
4006,2008-10-21,32.392
4007,2008-10-22,24.291
4008,2008-10-23,23.78
4009,2008-10-24,20.839
4010,2008-10-25,18.548
4011,2008-10-26,20.369
4012,2008-10-27,18.108
4013,2008-10-28,15.787
4014,2008-10-29,14.4
4015,2008-10-30,13.639
4016,2008-10-31,12.539
4017,2008-09-01,10.652
4018,2008-09-02,10.489
4019,2008-09-03,9.85
4020,2008-09-04,9.233
4021,2008-09-05,8.932
4022,2008-09-06,10.652
4023,2008-09-07,12.183
4024,2008-09-08,14.4
4025,2008-09-09,14.789
4026,2008-09-10,13.266
4027,2008-09-11,12.36
4028,2008-09-12,13.266
4029,2008-09-13,14.4
4030,2008-09-14,15.585
4031,2008-09-15,17.244
4032,2008-09-16,17.673
4033,2008-09-17,14.789
4034,2008-09-18,16.611
4035,2008-09-19,17.244
4036,2008-09-20,16.196
4037,2008-09-21,14.4
4038,2008-09-22,12.9
4039,2008-09-23,12.008
4040,2008-09-24,10.817
4041,2008-09-25,11.15
4042,2008-09-26,14.789
4043,2008-09-27,18.108
4044,2008-09-28,15.991
4045,2008-09-29,14.017
4046,2008-09-30,13.452
4047,2008-08-01,10.652
4048,2008-08-02,11.15
4049,2008-08-03,10.489
4050,2008-08-04,10.167
4051,2008-08-05,9.539
4052,2008-08-06,9.539
4053,2008-08-07,10.983
4054,2008-08-08,10.817
4055,2008-08-09,10.327
4056,2008-08-10,16.611
4057,2008-08-11,17.244
4058,2008-08-12,16.403
4059,2008-08-13,15.184
4060,2008-08-14,14.017
4061,2008-08-15,13.082
4062,2008-08-16,12.36
4063,2008-08-17,11.15
4064,2008-08-18,10.489
4065,2008-08-19,9.85
4066,2008-08-20,9.85
4067,2008-08-21,10.652
4068,2008-08-22,10.817
4069,2008-08-23,14.986
4070,2008-08-24,16.82
4071,2008-08-25,11.833
4072,2008-08-26,10.652
4073,2008-08-27,10.167
4074,2008-08-28,9.539
4075,2008-08-29,10.489
4076,2008-08-30,11.15
4077,2008-08-31,11.833
4078,2008-07-01,13.639
4079,2008-07-02,15.384
4080,2008-07-03,13.827
4081,2008-07-04,14.017
4082,2008-07-05,13.827
4083,2008-07-06,13.082
4084,2008-07-07,12.36
4085,2008-07-08,12.183
4086,2008-07-09,12.9
4087,2008-07-10,12.36
4088,2008-07-11,13.082
4089,2008-07-12,12.36
4090,2008-07-13,11.833
4091,2008-07-14,11.15
4092,2008-07-15,11.15
4093,2008-07-16,12.719
4094,2008-07-17,14.208
4095,2008-07-18,13.827
4096,2008-07-19,12.719
4097,2008-07-20,12.008
4098,2008-07-21,11.489
4099,2008-07-22,11.15
4100,2008-07-23,10.817
4101,2008-07-24,11.489
4102,2008-07-25,11.15
4103,2008-07-26,10.817
4104,2008-07-27,10.167
4105,2008-07-28,10.167
4106,2008-07-29,11.833
4107,2008-07-30,13.266
4108,2008-07-31,11.15
4109,2008-06-01,18.995
4110,2008-06-02,21.314
4111,2008-06-03,24.035
4112,2008-06-04,22.776
4113,2008-06-05,20.839
4114,2008-06-06,19.447
4115,2008-06-07,18.108
4116,2008-06-08,16.82
4117,2008-06-09,15.384
4118,2008-06-10,14.017
4119,2008-06-11,13.266
4120,2008-06-12,14.4
4121,2008-06-13,13.639
4122,2008-06-14,12.36
4123,2008-06-15,13.266
4124,2008-06-16,16.82
4125,2008-06-17,16.611
4126,2008-06-18,17.889
4127,2008-06-19,15.991
4128,2008-06-20,14.4
4129,2008-06-21,13.639
4130,2008-06-22,13.266
4131,2008-06-23,13.266
4132,2008-06-24,14.017
4133,2008-06-25,15.585
4134,2008-06-26,15.585
4135,2008-06-27,14.789
4136,2008-06-28,14.017
4137,2008-06-29,13.266
4138,2008-06-30,12.008
4139,2008-05-01,42.628
4140,2008-05-02,40.76
4141,2008-05-03,24.808
4142,2008-05-04,22.776
4143,2008-05-05,22.776
4144,2008-05-06,23.275
4145,2008-05-07,22.038
4146,2008-05-08,20.369
4147,2008-05-09,19.905
4148,2008-05-10,21.076
4149,2008-05-11,20.839
4150,2008-05-12,21.076
4151,2008-05-13,19.905
4152,2008-05-14,19.905
4153,2008-05-15,18.995
4154,2008-05-16,18.108
4155,2008-05-17,17.673
4156,2008-05-18,17.673
4157,2008-05-19,18.771
4158,2008-05-20,17.673
4159,2008-05-21,17.031
4160,2008-05-22,16.611
4161,2008-05-23,15.991
4162,2008-05-24,15.585
4163,2008-05-25,14.4
4164,2008-05-26,13.827
4165,2008-05-27,14.208
4166,2008-05-28,15.384
4167,2008-05-29,17.244
4168,2008-05-30,17.673
4169,2008-05-31,18.995
4170,2008-04-01,36.585
4171,2008-04-02,32.123
4172,2008-04-03,26.663
4173,2008-04-04,25.859
4174,2008-04-05,33.482
4175,2008-04-06,37.458
4176,2008-04-07,38.641
4177,2008-04-08,36.585
4178,2008-04-09,30.534
4179,2008-04-10,27.481
4180,2008-04-11,36.296
4181,2008-04-12,53.398
4182,2008-04-13,66.77
4183,2008-04-14,93.7
4184,2008-04-15,80.944
4185,2008-04-16,53.041
4186,2008-04-17,41.378
4187,2008-04-18,37.166
4188,2008-04-19,32.935
4189,2008-04-20,31.323
4190,2008-04-21,28.737
4191,2008-04-22,28.99
4192,2008-04-23,28.99
4193,2008-04-24,26.126
4194,2008-04-25,25.331
4195,2008-04-26,24.035
4196,2008-04-27,23.025
4197,2008-04-28,22.283
4198,2008-04-29,21.554
4199,2008-04-30,24.549
4200,2008-03-01,30.014
4201,2008-03-02,27.986
4202,2008-03-03,25.594
4203,2008-03-04,24.035
4204,2008-03-05,22.776
4205,2008-03-06,22.776
4206,2008-03-07,21.796
4207,2008-03-08,21.314
4208,2008-03-09,20.839
4209,2008-03-10,20.839
4210,2008-03-11,20.839
4211,2008-03-12,24.808
4212,2008-03-13,34.313
4213,2008-03-14,40.76
4214,2008-03-15,38.641
4215,2008-03-16,36.009
4216,2008-03-17,33.208
4217,2008-03-18,27.481
4218,2008-03-19,24.808
4219,2008-03-20,27.207
4220,2008-03-21,28.737
4221,2008-03-22,30.534
4222,2008-03-23,25.859
4223,2008-03-24,50.23
4224,2008-03-25,58.544
4225,2008-03-26,87.426
4226,2008-03-27,51.625
4227,2008-03-28,38.343
4228,2008-03-29,38.343
4229,2008-03-30,49.885
4230,2008-03-31,42.314
4231,2008-02-01,32.123
4232,2008-02-02,28.737
4233,2008-02-03,26.394
4234,2008-02-04,26.935
4235,2008-02-05,37.458
4236,2008-02-06,46.838
4237,2008-02-07,49.199
4238,2008-02-08,39.541
4239,2008-02-09,51.625
4240,2008-02-10,49.885
4241,2008-02-11,37.752
4242,2008-02-12,30.014
4243,2008-02-13,26.935
4244,2008-02-14,25.331
4245,2008-02-15,28.235
4246,2008-02-16,26.126
4247,2008-02-17,23.275
4248,2008-02-18,28.485
4249,2008-02-19,41.378
4250,2008-02-20,30.534
4251,2008-02-21,24.035
4252,2008-02-22,45.519
4253,2008-02-23,57.047
4254,2008-02-24,51.274
4255,2008-02-25,44.543
4256,2008-02-26,52.685
4257,2008-02-27,68.406
4258,2008-02-28,41.378
4259,2008-02-29,33.208
4260,2008-01-01,15.184
4261,2008-01-02,15.787
4262,2008-01-03,14.017
4263,2008-01-04,13.639
4264,2008-01-05,14.208
4265,2008-01-06,18.995
4266,2008-01-07,24.808
4267,2008-01-08,21.314
4268,2008-01-09,20.136
4269,2008-01-10,17.031
4270,2008-01-11,16.196
4271,2008-01-12,19.905
4272,2008-01-13,18.108
4273,2008-01-14,16.611
4274,2008-01-15,15.585
4275,2008-01-16,16.196
4276,2008-01-17,14.4
4277,2008-01-18,16.403
4278,2008-01-19,17.031
4279,2008-01-20,39.541
4280,2008-01-21,131.18
4281,2008-01-22,73.022
4282,2008-01-23,48.518
4283,2008-01-24,42.0
4284,2008-01-25,34.313
4285,2008-01-26,31.058
4286,2008-01-27,27.757
4287,2008-01-28,27.986
4288,2008-01-29,36.009
4289,2008-01-30,62.777
4290,2008-01-31,39.844
4291,2007-12-01,27.481
4292,2007-12-02,28.485
4293,2007-12-03,13.639
4294,2007-12-04,15.991
4295,2007-12-05,18.995
4296,2007-12-06,18.995
4297,2007-12-07,18.995
4298,2007-12-08,23.275
4299,2007-12-09,35.155
4300,2007-12-10,21.076
4301,2007-12-11,44.221
4302,2007-12-12,20.839
4303,2007-12-13,67.177
4304,2007-12-14,113.46
4305,2007-12-15,86.483
4306,2007-12-16,34.313
4307,2007-12-17,28.99
4308,2007-12-18,26.394
4309,2007-12-19,28.235
4310,2007-12-20,45.193
4311,2007-12-21,30.014
4312,2007-12-22,36.875
4313,2007-12-23,47.172
4314,2007-12-24,32.663
4315,2007-12-25,25.859
4316,2007-12-26,22.283
4317,2007-12-27,20.603
4318,2007-12-28,18.995
4319,2007-12-29,24.808
4320,2007-12-30,15.991
4321,2007-12-31,15.585
4322,2007-11-01,7.243
4323,2007-11-02,7.785
4324,2007-11-03,10.167
4325,2007-11-04,14.017
4326,2007-11-05,24.291
4327,2007-11-06,13.639
4328,2007-11-07,12.719
4329,2007-11-08,10.167
4330,2007-11-09,7.923
4331,2007-11-10,8.492
4332,2007-11-11,84.614
4333,2007-11-12,63.96
4334,2007-11-13,51.977
4335,2007-11-14,28.99
4336,2007-11-15,27.481
4337,2007-11-16,40.76
4338,2007-11-17,27.481
4339,2007-11-18,19.905
4340,2007-11-19,16.403
4341,2007-11-20,13.639
4342,2007-11-21,13.082
4343,2007-11-22,12.183
4344,2007-11-23,11.833
4345,2007-11-24,11.833
4346,2007-11-25,10.489
4347,2007-11-26,10.652
4348,2007-11-27,25.594
4349,2007-11-28,27.757
4350,2007-11-29,21.554
4351,2007-11-30,20.839
4352,2007-10-01,8.492
4353,2007-10-02,6.722
4354,2007-10-03,6.346
4355,2007-10-04,6.223
4356,2007-10-05,5.981
4357,2007-10-06,5.744
4358,2007-10-07,5.513
4359,2007-10-08,5.744
4360,2007-10-09,6.595
4361,2007-10-10,5.981
4362,2007-10-11,5.744
4363,2007-10-12,5.628
4364,2007-10-13,6.101
4365,2007-10-14,5.513
4366,2007-10-15,5.981
4367,2007-10-16,6.47
4368,2007-10-17,5.744
4369,2007-10-18,6.101
4370,2007-10-19,6.722
4371,2007-10-20,6.98
4372,2007-10-21,6.595
4373,2007-10-22,6.98
4374,2007-10-23,31.588
4375,2007-10-24,26.394
4376,2007-10-25,14.789
4377,2007-10-26,11.833
4378,2007-10-27,9.539
4379,2007-10-28,8.348
4380,2007-10-29,7.785
4381,2007-10-30,7.511
4382,2007-10-31,7.111
4383,2007-09-01,6.223
4384,2007-09-02,6.722
4385,2007-09-03,6.722
4386,2007-09-04,6.722
4387,2007-09-05,6.47
4388,2007-09-06,6.47
4389,2007-09-07,6.346
4390,2007-09-08,5.981
4391,2007-09-09,5.981
4392,2007-09-10,5.744
4393,2007-09-11,5.744
4394,2007-09-12,5.744
4395,2007-09-13,5.862
4396,2007-09-14,6.223
4397,2007-09-15,5.628
4398,2007-09-16,5.981
4399,2007-09-17,8.205
4400,2007-09-18,6.47
4401,2007-09-19,6.223
4402,2007-09-20,5.981
4403,2007-09-21,5.744
4404,2007-09-22,5.744
4405,2007-09-23,5.981
4406,2007-09-24,6.223
4407,2007-09-25,8.637
4408,2007-09-26,6.722
4409,2007-09-27,5.981
4410,2007-09-28,5.628
4411,2007-09-29,9.082
4412,2007-09-30,13.266
4413,2007-08-01,7.511
4414,2007-08-02,6.595
4415,2007-08-03,7.785
4416,2007-08-04,6.98
4417,2007-08-05,6.223
4418,2007-08-06,5.513
4419,2007-08-07,4.957
4420,2007-08-08,4.639
4421,2007-08-09,4.037
4422,2007-08-10,3.661
4423,2007-08-11,8.348
4424,2007-08-12,7.376
4425,2007-08-13,6.722
4426,2007-08-14,5.981
4427,2007-08-15,5.065
4428,2007-08-16,4.433
4429,2007-08-17,4.037
4430,2007-08-18,3.661
4431,2007-08-19,3.305
4432,2007-08-20,2.968
4433,2007-08-21,10.167
4434,2007-08-22,8.637
4435,2007-08-23,7.785
4436,2007-08-24,7.243
4437,2007-08-25,6.346
4438,2007-08-26,5.513
4439,2007-08-27,4.85
4440,2007-08-28,4.433
4441,2007-08-29,4.037
4442,2007-08-30,14.4
4443,2007-08-31,8.932
4444,2007-07-01,5.981
4445,2007-07-02,5.175
4446,2007-07-03,4.639
4447,2007-07-04,4.037
4448,2007-07-05,3.661
4449,2007-07-06,3.219
4450,2007-07-07,9.233
4451,2007-07-08,9.082
4452,2007-07-09,8.348
4453,2007-07-10,6.722
4454,2007-07-11,5.862
4455,2007-07-12,5.287
4456,2007-07-13,4.535
4457,2007-07-14,9.082
4458,2007-07-15,7.647
4459,2007-07-16,6.98
4460,2007-07-17,8.932
4461,2007-07-18,7.511
4462,2007-07-19,7.243
4463,2007-07-20,7.111
4464,2007-07-21,6.98
4465,2007-07-22,6.722
4466,2007-07-23,6.722
4467,2007-07-24,7.243
4468,2007-07-25,8.064
4469,2007-07-26,8.348
4470,2007-07-27,7.243
4471,2007-07-28,11.489
4472,2007-07-29,10.817
4473,2007-07-30,10.167
4474,2007-07-31,9.694
4475,2007-06-01,14.208
4476,2007-06-02,12.9
4477,2007-06-03,11.66
4478,2007-06-04,10.327
4479,2007-06-05,24.291
4480,2007-06-06,21.554
4481,2007-06-07,19.447
4482,2007-06-08,17.889
4483,2007-06-09,16.611
4484,2007-06-10,15.787
4485,2007-06-11,14.594
4486,2007-06-12,13.639
4487,2007-06-13,12.36
4488,2007-06-14,11.489
4489,2007-06-15,10.817
4490,2007-06-16,10.167
4491,2007-06-17,9.233
4492,2007-06-18,8.205
4493,2007-06-19,7.243
4494,2007-06-20,6.722
4495,2007-06-21,6.101
4496,2007-06-22,5.065
4497,2007-06-23,6.101
4498,2007-06-24,5.287
4499,2007-06-25,4.535
4500,2007-06-26,3.846
4501,2007-06-27,4.232
4502,2007-06-28,9.082
4503,2007-06-29,7.785
4504,2007-06-30,6.85
4505,2007-05-01,18.995
4506,2007-05-02,16.611
4507,2007-05-03,14.208
4508,2007-05-04,12.719
4509,2007-05-05,29.499
4510,2007-05-06,28.485
4511,2007-05-07,26.394
4512,2007-05-08,24.549
4513,2007-05-09,22.283
4514,2007-05-10,20.369
4515,2007-05-11,18.995
4516,2007-05-12,16.82
4517,2007-05-13,14.986
4518,2007-05-14,14.017
4519,2007-05-15,12.539
4520,2007-05-16,11.319
4521,2007-05-17,10.167
4522,2007-05-18,16.611
4523,2007-05-19,18.108
4524,2007-05-20,15.991
4525,2007-05-21,14.4
4526,2007-05-22,11.489
4527,2007-05-23,10.167
4528,2007-05-24,8.784
4529,2007-05-25,7.923
4530,2007-05-26,6.98
4531,2007-05-27,12.9
4532,2007-05-28,19.905
4533,2007-05-29,17.673
4534,2007-05-30,15.585
4535,2007-05-31,14.017
4536,2007-04-01,12.719
4537,2007-04-02,11.66
4538,2007-04-03,10.817
4539,2007-04-04,9.85
4540,2007-04-05,8.637
4541,2007-04-06,7.785
4542,2007-04-07,15.384
4543,2007-04-08,17.031
4544,2007-04-09,15.787
4545,2007-04-10,14.017
4546,2007-04-11,12.36
4547,2007-04-12,10.817
4548,2007-04-13,9.85
4549,2007-04-14,8.784
4550,2007-04-15,7.785
4551,2007-04-16,6.85
4552,2007-04-17,6.101
4553,2007-04-18,5.628
4554,2007-04-19,5.065
4555,2007-04-20,4.639
4556,2007-04-21,15.787
4557,2007-04-22,29.499
4558,2007-04-23,26.935
4559,2007-04-24,24.291
4560,2007-04-25,21.796
4561,2007-04-26,20.369
4562,2007-04-27,18.548
4563,2007-04-28,16.82
4564,2007-04-29,18.548
4565,2007-04-30,23.527
4566,2007-03-01,6.85
4567,2007-03-02,23.527
4568,2007-03-03,22.283
4569,2007-03-04,20.839
4570,2007-03-05,19.22
4571,2007-03-06,18.108
4572,2007-03-07,17.244
4573,2007-03-08,15.991
4574,2007-03-09,15.184
4575,2007-03-10,14.017
4576,2007-03-11,12.9
4577,2007-03-12,11.833
4578,2007-03-13,11.15
4579,2007-03-14,14.208
4580,2007-03-15,29.499
4581,2007-03-16,26.663
4582,2007-03-17,24.291
4583,2007-03-18,22.283
4584,2007-03-19,19.905
4585,2007-03-20,27.481
4586,2007-03-21,25.331
4587,2007-03-22,23.275
4588,2007-03-23,21.314
4589,2007-03-24,18.995
4590,2007-03-25,17.244
4591,2007-03-26,19.905
4592,2007-03-27,21.554
4593,2007-03-28,19.447
4594,2007-03-29,17.458
4595,2007-03-30,15.787
4596,2007-03-31,14.017
4597,2007-02-01,14.4
4598,2007-02-02,12.9
4599,2007-02-03,11.833
4600,2007-02-04,10.008
4601,2007-02-05,8.348
4602,2007-02-06,6.98
4603,2007-02-07,8.637
4604,2007-02-08,23.78
4605,2007-02-09,19.905
4606,2007-02-10,17.031
4607,2007-02-11,15.184
4608,2007-02-12,13.639
4609,2007-02-13,11.833
4610,2007-02-14,14.594
4611,2007-02-15,29.244
4612,2007-02-16,26.663
4613,2007-02-17,23.275
4614,2007-02-18,20.369
4615,2007-02-19,18.108
4616,2007-02-20,15.991
4617,2007-02-21,13.639
4618,2007-02-22,11.66
4619,2007-02-23,9.85
4620,2007-02-24,8.784
4621,2007-02-25,7.376
4622,2007-02-26,6.223
4623,2007-02-27,8.064
4624,2007-02-28,6.595
4625,2007-01-01,23.025
4626,2007-01-02,20.136
4627,2007-01-03,17.673
4628,2007-01-04,15.184
4629,2007-01-05,13.082
4630,2007-01-06,10.652
4631,2007-01-07,8.637
4632,2007-01-08,6.85
4633,2007-01-09,5.513
4634,2007-01-10,11.319
4635,2007-01-11,52.685
4636,2007-01-12,46.507
4637,2007-01-13,42.0
4638,2007-01-14,37.458
4639,2007-01-15,33.758
4640,2007-01-16,31.058
4641,2007-01-17,27.757
4642,2007-01-18,25.859
4643,2007-01-19,28.485
4644,2007-01-20,24.808
4645,2007-01-21,21.554
4646,2007-01-22,18.548
4647,2007-01-23,16.403
4648,2007-01-24,14.594
4649,2007-01-25,12.539
4650,2007-01-26,10.652
4651,2007-01-27,17.673
4652,2007-01-28,25.594
4653,2007-01-29,22.529
4654,2007-01-30,19.905
4655,2007-01-31,16.82
4656,2006-12-01,14.208
4657,2006-12-02,12.36
4658,2006-12-03,17.673
4659,2006-12-04,29.499
4660,2006-12-05,24.291
4661,2006-12-06,19.905
4662,2006-12-07,48.518
4663,2006-12-08,38.94
4664,2006-12-09,32.663
4665,2006-12-10,28.737
4666,2006-12-11,25.859
4667,2006-12-12,22.529
4668,2006-12-13,19.905
4669,2006-12-14,22.529
4670,2006-12-15,30.014
4671,2006-12-16,25.331
4672,2006-12-17,22.776
4673,2006-12-18,20.603
4674,2006-12-19,18.548
4675,2006-12-20,16.82
4676,2006-12-21,14.789
4677,2006-12-22,12.719
4678,2006-12-23,41.378
4679,2006-12-24,51.977
4680,2006-12-25,47.172
4681,2006-12-26,43.261
4682,2006-12-27,38.94
4683,2006-12-28,36.009
4684,2006-12-29,33.208
4685,2006-12-30,29.499
4686,2006-12-31,25.331
4687,2006-11-01,23.467
4688,2006-11-02,22.164
4689,2006-11-03,20.893
4690,2006-11-04,19.656
4691,2006-11-05,17.982
4692,2006-11-06,25.075
4693,2006-11-07,23.732
4694,2006-11-08,22.164
4695,2006-11-09,20.395
4696,2006-11-10,19.171
4697,2006-11-11,18.217
4698,2006-11-12,22.164
4699,2006-11-13,38.343
4700,2006-11-14,90.291
4701,2006-11-15,65.96
4702,2006-11-16,55.571
4703,2006-11-17,43.261
4704,2006-11-18,32.392
4705,2006-11-19,25.859
4706,2006-11-20,18.548
4707,2006-11-21,15.184
4708,2006-11-22,28.485
4709,2006-11-23,25.859
4710,2006-11-24,20.136
4711,2006-11-25,16.403
4712,2006-11-26,14.017
4713,2006-11-27,14.986
4714,2006-11-28,19.905
4715,2006-11-29,21.314
4716,2006-11-30,16.82
4717,2006-10-01,19.656
4718,2006-10-02,18.453
4719,2006-10-03,17.284
4720,2006-10-04,16.826
4721,2006-10-05,19.171
4722,2006-10-06,19.171
4723,2006-10-07,17.748
4724,2006-10-08,25.075
4725,2006-10-09,29.491
4726,2006-10-10,25.905
4727,2006-10-11,23.732
4728,2006-10-12,21.651
4729,2006-10-13,20.643
4730,2006-10-14,19.656
4731,2006-10-15,18.453
4732,2006-10-16,21.145
4733,2006-10-17,20.893
4734,2006-10-18,19.656
4735,2006-10-19,21.145
4736,2006-10-20,44.543
4737,2006-10-21,47.172
4738,2006-10-22,44.543
4739,2006-10-23,42.628
4740,2006-10-24,41.068
4741,2006-10-25,39.541
4742,2006-10-26,37.152
4743,2006-10-27,33.382
4744,2006-10-28,31.01
4745,2006-10-29,28.75
4746,2006-10-30,26.598
4747,2006-10-31,25.075
4748,2006-09-01,21.145
4749,2006-09-02,20.147
4750,2006-09-03,19.171
4751,2006-09-04,17.748
4752,2006-09-05,16.826
4753,2006-09-06,15.926
4754,2006-09-07,15.484
4755,2006-09-08,32.979
4756,2006-09-09,29.866
4757,2006-09-10,44.543
4758,2006-09-11,23.998
4759,2006-09-12,22.422
4760,2006-09-13,21.651
4761,2006-09-14,19.656
4762,2006-09-15,17.748
4763,2006-09-16,16.373
4764,2006-09-17,19.171
4765,2006-09-18,31.01
4766,2006-09-19,28.75
4767,2006-09-20,26.25
4768,2006-09-21,25.075
4769,2006-09-22,23.204
4770,2006-09-23,21.907
4771,2006-09-24,20.643
4772,2006-09-25,19.413
4773,2006-09-26,18.217
4774,2006-09-27,16.599
4775,2006-09-28,19.656
4776,2006-09-29,22.164
4777,2006-09-30,20.893
4778,2006-08-01,21.145
4779,2006-08-02,19.656
4780,2006-08-03,18.691
4781,2006-08-04,17.284
4782,2006-08-05,16.373
4783,2006-08-06,15.926
4784,2006-08-07,15.484
4785,2006-08-08,14.617
4786,2006-08-09,14.192
4787,2006-08-10,24.265
4788,2006-08-11,23.732
4789,2006-08-12,22.681
4790,2006-08-13,21.145
4791,2006-08-14,20.147
4792,2006-08-15,19.901
4793,2006-08-16,20.893
4794,2006-08-17,18.691
4795,2006-08-18,17.748
4796,2006-08-19,16.373
4797,2006-08-20,15.484
4798,2006-08-21,21.651
4799,2006-08-22,21.145
4800,2006-08-23,19.171
4801,2006-08-24,17.748
4802,2006-08-25,16.826
4803,2006-08-26,15.704
4804,2006-08-27,14.617
4805,2006-08-28,14.404
4806,2006-08-29,25.905
4807,2006-08-30,26.598
4808,2006-08-31,23.204
4809,2006-07-01,17.748
4810,2006-07-02,19.656
4811,2006-07-03,21.651
4812,2006-07-04,20.147
4813,2006-07-05,19.171
4814,2006-07-06,18.453
4815,2006-07-07,19.171
4816,2006-07-08,19.656
4817,2006-07-09,18.691
4818,2006-07-10,17.748
4819,2006-07-11,16.826
4820,2006-07-12,16.373
4821,2006-07-13,15.926
4822,2006-07-14,21.907
4823,2006-07-15,20.643
4824,2006-07-16,19.656
4825,2006-07-17,18.691
4826,2006-07-18,18.217
4827,2006-07-19,17.748
4828,2006-07-20,17.054
4829,2006-07-21,16.373
4830,2006-07-22,15.926
4831,2006-07-23,15.484
4832,2006-07-24,15.048
4833,2006-07-25,19.901
4834,2006-07-26,18.691
4835,2006-07-27,18.217
4836,2006-07-28,17.748
4837,2006-07-29,16.826
4838,2006-07-30,20.643
4839,2006-07-31,26.598
4840,2006-06-01,25.905
4841,2006-06-02,24.803
4842,2006-06-03,23.732
4843,2006-06-04,24.803
4844,2006-06-05,37.587
4845,2006-06-06,32.979
4846,2006-06-07,30.626
4847,2006-06-08,28.75
4848,2006-06-09,26.598
4849,2006-06-10,25.347
4850,2006-06-11,28.021
4851,2006-06-12,32.979
4852,2006-06-13,30.245
4853,2006-06-14,27.304
4854,2006-06-15,25.905
4855,2006-06-16,24.534
4856,2006-06-17,25.905
4857,2006-06-18,24.534
4858,2006-06-19,25.905
4859,2006-06-20,22.164
4860,2006-06-21,21.145
4861,2006-06-22,20.147
4862,2006-06-23,19.171
4863,2006-06-24,18.217
4864,2006-06-25,17.284
4865,2006-06-26,16.373
4866,2006-06-27,23.204
4867,2006-06-28,21.397
4868,2006-06-29,19.901
4869,2006-06-30,18.691
4870,2006-05-01,33.788
4871,2006-05-02,31.01
4872,2006-05-03,28.75
4873,2006-05-04,54.841
4874,2006-05-05,50.925
4875,2006-05-06,48.518
4876,2006-05-07,45.193
4877,2006-05-08,41.688
4878,2006-05-09,39.844
4879,2006-05-10,41.688
4880,2006-05-11,39.24
4881,2006-05-12,37.587
4882,2006-05-13,34.197
4883,2006-05-14,31.01
4884,2006-05-15,28.75
4885,2006-05-16,26.598
4886,2006-05-17,25.347
4887,2006-05-18,24.803
4888,2006-05-19,23.732
4889,2006-05-20,22.681
4890,2006-05-21,21.651
4891,2006-05-22,21.145
4892,2006-05-23,31.788
4893,2006-05-24,37.152
4894,2006-05-25,34.61
4895,2006-05-26,31.01
4896,2006-05-27,28.021
4897,2006-05-28,25.905
4898,2006-05-29,24.803
4899,2006-05-30,23.467
4900,2006-05-31,26.598
4901,2006-04-01,31.398
4902,2006-04-02,27.304
4903,2006-04-03,51.977
4904,2006-04-04,54.841
4905,2006-04-05,48.179
4906,2006-04-06,43.9
4907,2006-04-07,39.541
4908,2006-04-08,35.026
4909,2006-04-09,32.979
4910,2006-04-10,44.867
4911,2006-04-11,39.844
4912,2006-04-12,35.867
4913,2006-04-13,31.788
4914,2006-04-14,36.721
4915,2006-04-15,31.01
4916,2006-04-16,56.306
4917,2006-04-17,47.842
4918,2006-04-18,102.276
4919,2006-04-19,89.81
4920,2006-04-20,83.227
4921,2006-04-21,74.742
4922,2006-04-22,64.756
4923,2006-04-23,54.478
4924,2006-04-24,46.507
4925,2006-04-25,53.398
4926,2006-04-26,47.842
4927,2006-04-27,42.628
4928,2006-04-28,38.343
4929,2006-04-29,32.979
4930,2006-04-30,29.491
4931,2006-03-01,32.182
4932,2006-03-02,28.75
4933,2006-03-03,25.905
4934,2006-03-04,23.998
4935,2006-03-05,22.164
4936,2006-03-06,22.681
4937,2006-03-07,20.147
4938,2006-03-08,18.691
4939,2006-03-09,43.261
4940,2006-03-10,39.24
4941,2006-03-11,34.61
4942,2006-03-12,31.01
4943,2006-03-13,42.0
4944,2006-03-14,65.557
4945,2006-03-15,51.977
4946,2006-03-16,46.507
4947,2006-03-17,42.628
4948,2006-03-18,38.94
4949,2006-03-19,32.579
4950,2006-03-20,29.491
4951,2006-03-21,27.304
4952,2006-03-22,47.172
4953,2006-03-23,43.9
4954,2006-03-24,41.068
4955,2006-03-25,37.587
4956,2006-03-26,35.444
4957,2006-03-27,59.301
4958,2006-03-28,51.274
4959,2006-03-29,43.261
4960,2006-03-30,39.541
4961,2006-03-31,35.026
4962,2006-02-01,40.76
4963,2006-02-02,37.587
4964,2006-02-03,32.979
4965,2006-02-04,29.491
4966,2006-02-05,27.304
4967,2006-02-06,24.803
4968,2006-02-07,22.681
4969,2006-02-08,22.681
4970,2006-02-09,32.979
4971,2006-02-10,32.579
4972,2006-02-11,49.199
4973,2006-02-12,38.343
4974,2006-02-13,95.183
4975,2006-02-14,56.306
4976,2006-02-15,34.61
4977,2006-02-16,31.01
4978,2006-02-17,28.021
4979,2006-02-18,26.25
4980,2006-02-19,24.803
4981,2006-02-20,46.176
4982,2006-02-21,42.628
4983,2006-02-22,38.94
4984,2006-02-23,34.197
4985,2006-02-24,31.01
4986,2006-02-25,52.685
4987,2006-02-26,47.842
4988,2006-02-27,44.543
4989,2006-02-28,40.148
4990,2006-01-01,39.541
4991,2006-01-02,41.378
4992,2006-01-03,56.306
4993,2006-01-04,61.606
4994,2006-01-05,54.841
4995,2006-01-06,47.506
4996,2006-01-07,43.9
4997,2006-01-08,44.543
4998,2006-01-09,54.841
4999,2006-01-10,51.274
5000,2006-01-11,47.842
5001,2006-01-12,45.193
5002,2006-01-13,42.314
5003,2006-01-14,38.343
5004,2006-01-15,34.197
5005,2006-01-16,31.01
5006,2006-01-17,27.304
5007,2006-01-18,25.347
5008,2006-01-19,23.732
5009,2006-01-20,24.803
5010,2006-01-21,49.885
5011,2006-01-22,45.193
5012,2006-01-23,41.378
5013,2006-01-24,37.152
5014,2006-01-25,57.047
5015,2006-01-26,87.426
5016,2006-01-27,65.557
5017,2006-01-28,58.168
5018,2006-01-29,54.478
5019,2006-01-30,51.274
5020,2006-01-31,47.506
5021,2005-12-01,22.681
5022,2005-12-02,41.378
5023,2005-12-03,120.714
5024,2005-12-04,93.209
5025,2005-12-05,49.541
5026,2005-12-06,28.75
5027,2005-12-07,52.685
5028,2005-12-08,49.199
5029,2005-12-09,38.94
5030,2005-12-10,53.757
5031,2005-12-11,77.366
5032,2005-12-12,120.147
5033,2005-12-13,88.376
5034,2005-12-14,66.364
5035,2005-12-15,59.682
5036,2005-12-16,54.117
5037,2005-12-17,51.274
5038,2005-12-18,48.857
5039,2005-12-19,46.507
5040,2005-12-20,44.867
5041,2005-12-21,42.628
5042,2005-12-22,40.76
5043,2005-12-23,49.885
5044,2005-12-24,46.838
5045,2005-12-25,61.218
5046,2005-12-26,93.209
5047,2005-12-27,72.17
5048,2005-12-28,57.419
5049,2005-12-29,53.398
5050,2005-12-30,47.172
5051,2005-12-31,43.261
5052,2005-11-01,45.193
5053,2005-11-02,47.172
5054,2005-11-03,53.398
5055,2005-11-04,43.261
5056,2005-11-05,25.347
5057,2005-11-06,32.182
5058,2005-11-07,62.385
5059,2005-11-08,186.638
5060,2005-11-09,76.048
5061,2005-11-10,59.682
5062,2005-11-11,49.541
5063,2005-11-12,42.314
5064,2005-11-13,36.292
5065,2005-11-14,29.491
5066,2005-11-15,25.905
5067,2005-11-16,23.467
5068,2005-11-17,21.397
5069,2005-11-18,19.656
5070,2005-11-19,18.217
5071,2005-11-20,20.643
5072,2005-11-21,19.171
5073,2005-11-22,17.982
5074,2005-11-23,16.373
5075,2005-11-24,17.054
5076,2005-11-25,24.803
5077,2005-11-26,101.245
5078,2005-11-27,48.518
5079,2005-11-28,24.265
5080,2005-11-29,21.145
5081,2005-11-30,20.147
5082,2005-10-01,20.643
5083,2005-10-02,18.931
5084,2005-10-03,17.748
5085,2005-10-04,16.599
5086,2005-10-05,16.826
5087,2005-10-06,19.656
5088,2005-10-07,17.748
5089,2005-10-08,16.373
5090,2005-10-09,15.484
5091,2005-10-10,24.534
5092,2005-10-11,21.145
5093,2005-10-12,22.164
5094,2005-10-13,21.907
5095,2005-10-14,20.147
5096,2005-10-15,18.691
5097,2005-10-16,17.284
5098,2005-10-17,15.704
5099,2005-10-18,14.617
5100,2005-10-19,14.192
5101,2005-10-20,13.154
5102,2005-10-21,19.171
5103,2005-10-22,25.347
5104,2005-10-23,23.732
5105,2005-10-24,22.164
5106,2005-10-25,20.147
5107,2005-10-26,18.931
5108,2005-10-27,17.284
5109,2005-10-28,20.643
5110,2005-10-29,18.217
5111,2005-10-30,16.826
5112,2005-10-31,17.748
5113,2005-09-01,16.826
5114,2005-09-02,21.651
5115,2005-09-03,20.147
5116,2005-09-04,18.931
5117,2005-09-05,18.217
5118,2005-09-06,17.284
5119,2005-09-07,18.931
5120,2005-09-08,20.643
5121,2005-09-09,19.656
5122,2005-09-10,17.748
5123,2005-09-11,16.599
5124,2005-09-12,15.484
5125,2005-09-13,14.192
5126,2005-09-14,13.359
5127,2005-09-15,12.548
5128,2005-09-16,11.567
5129,2005-09-17,22.681
5130,2005-09-18,21.397
5131,2005-09-19,19.656
5132,2005-09-20,18.691
5133,2005-09-21,17.748
5134,2005-09-22,16.826
5135,2005-09-23,15.926
5136,2005-09-24,15.484
5137,2005-09-25,14.404
5138,2005-09-26,32.979
5139,2005-09-27,52.685
5140,2005-09-28,51.274
5141,2005-09-29,26.25
5142,2005-09-30,22.942
5143,2005-08-01,16.373
5144,2005-08-02,16.826
5145,2005-08-03,15.926
5146,2005-08-04,15.265
5147,2005-08-05,14.617
5148,2005-08-06,14.192
5149,2005-08-07,13.359
5150,2005-08-08,25.905
5151,2005-08-09,23.467
5152,2005-08-10,21.145
5153,2005-08-11,19.171
5154,2005-08-12,17.515
5155,2005-08-13,16.826
5156,2005-08-14,15.484
5157,2005-08-15,14.617
5158,2005-08-16,14.192
5159,2005-08-17,13.773
5160,2005-08-18,17.748
5161,2005-08-19,16.373
5162,2005-08-20,15.048
5163,2005-08-21,14.617
5164,2005-08-22,13.565
5165,2005-08-23,12.951
5166,2005-08-24,12.548
5167,2005-08-25,17.748
5168,2005-08-26,16.373
5169,2005-08-27,15.048
5170,2005-08-28,13.565
5171,2005-08-29,12.951
5172,2005-08-30,12.151
5173,2005-08-31,11.76
5174,2005-07-01,17.284
5175,2005-07-02,16.826
5176,2005-07-03,16.373
5177,2005-07-04,15.926
5178,2005-07-05,14.404
5179,2005-07-06,15.265
5180,2005-07-07,36.721
5181,2005-07-08,32.979
5182,2005-07-09,27.304
5183,2005-07-10,23.732
5184,2005-07-11,21.651
5185,2005-07-12,20.147
5186,2005-07-13,19.171
5187,2005-07-14,18.217
5188,2005-07-15,24.803
5189,2005-07-16,22.164
5190,2005-07-17,20.147
5191,2005-07-18,17.982
5192,2005-07-19,16.599
5193,2005-07-20,23.732
5194,2005-07-21,23.467
5195,2005-07-22,19.901
5196,2005-07-23,18.217
5197,2005-07-24,16.826
5198,2005-07-25,24.803
5199,2005-07-26,23.732
5200,2005-07-27,21.145
5201,2005-07-28,19.171
5202,2005-07-29,17.515
5203,2005-07-30,16.373
5204,2005-07-31,15.484
5205,2005-06-01,21.145
5206,2005-06-02,20.643
5207,2005-06-03,21.145
5208,2005-06-04,21.651
5209,2005-06-05,20.643
5210,2005-06-06,20.147
5211,2005-06-07,19.656
5212,2005-06-08,19.171
5213,2005-06-09,22.681
5214,2005-06-10,21.397
5215,2005-06-11,20.395
5216,2005-06-12,19.656
5217,2005-06-13,18.691
5218,2005-06-14,18.453
5219,2005-06-15,18.217
5220,2005-06-16,17.284
5221,2005-06-17,16.826
5222,2005-06-18,15.926
5223,2005-06-19,15.484
5224,2005-06-20,15.048
5225,2005-06-21,15.926
5226,2005-06-22,41.688
5227,2005-06-23,28.75
5228,2005-06-24,23.732
5229,2005-06-25,21.145
5230,2005-06-26,18.931
5231,2005-06-27,23.467
5232,2005-06-28,21.145
5233,2005-06-29,19.413
5234,2005-06-30,18.217
5235,2005-05-01,43.9
5236,2005-05-02,49.199
5237,2005-05-03,43.261
5238,2005-05-04,35.444
5239,2005-05-05,31.01
5240,2005-05-06,32.979
5241,2005-05-07,30.245
5242,2005-05-08,28.021
5243,2005-05-09,26.598
5244,2005-05-10,25.347
5245,2005-05-11,34.61
5246,2005-05-12,31.01
5247,2005-05-13,28.75
5248,2005-05-14,25.905
5249,2005-05-15,23.998
5250,2005-05-16,23.204
5251,2005-05-17,22.164
5252,2005-05-18,21.145
5253,2005-05-19,20.147
5254,2005-05-20,18.691
5255,2005-05-21,22.942
5256,2005-05-22,26.598
5257,2005-05-23,31.788
5258,2005-05-24,26.598
5259,2005-05-25,32.182
5260,2005-05-26,28.75
5261,2005-05-27,26.598
5262,2005-05-28,23.732
5263,2005-05-29,22.681
5264,2005-05-30,21.397
5265,2005-05-31,20.147
5266,2005-04-01,43.261
5267,2005-04-02,39.541
5268,2005-04-03,36.292
5269,2005-04-04,33.788
5270,2005-04-05,33.382
5271,2005-04-06,96.178
5272,2005-04-07,59.301
5273,2005-04-08,45.519
5274,2005-04-09,42.314
5275,2005-04-10,39.844
5276,2005-04-11,37.587
5277,2005-04-12,33.788
5278,2005-04-13,31.01
5279,2005-04-14,28.021
5280,2005-04-15,25.347
5281,2005-04-16,23.204
5282,2005-04-17,28.75
5283,2005-04-18,156.214
5284,2005-04-19,60.832
5285,2005-04-20,45.519
5286,2005-04-21,42.944
5287,2005-04-22,60.447
5288,2005-04-23,54.841
5289,2005-04-24,45.519
5290,2005-04-25,40.76
5291,2005-04-26,67.585
5292,2005-04-27,63.96
5293,2005-04-28,54.841
5294,2005-04-29,51.274
5295,2005-04-30,47.842
5296,2005-03-01,49.199
5297,2005-03-02,46.507
5298,2005-03-03,85.546
5299,2005-03-04,156.214
5300,2005-03-05,97.18
5301,2005-03-06,70.483
5302,2005-03-07,60.832
5303,2005-03-08,75.611
5304,2005-03-09,59.682
5305,2005-03-10,54.117
5306,2005-03-11,53.757
5307,2005-03-12,53.398
5308,2005-03-13,49.199
5309,2005-03-14,41.378
5310,2005-03-15,38.94
5311,2005-03-16,35.867
5312,2005-03-17,38.026
5313,2005-03-18,52.685
5314,2005-03-19,50.577
5315,2005-03-20,67.995
5316,2005-03-21,54.117
5317,2005-03-22,45.193
5318,2005-03-23,40.148
5319,2005-03-24,42.314
5320,2005-03-25,59.682
5321,2005-03-26,54.841
5322,2005-03-27,108.053
5323,2005-03-28,88.376
5324,2005-03-29,82.767
5325,2005-03-30,49.885
5326,2005-03-31,47.172
5327,2005-02-01,105.405
5328,2005-02-02,75.176
5329,2005-02-03,50.577
5330,2005-02-04,148.444
5331,2005-02-05,97.18
5332,2005-02-06,53.041
5333,2005-02-07,41.688
5334,2005-02-08,34.61
5335,2005-02-09,85.546
5336,2005-02-10,80.492
5337,2005-02-11,57.793
5338,2005-02-12,53.398
5339,2005-02-13,52.685
5340,2005-02-14,73.022
5341,2005-02-15,61.995
5342,2005-02-16,48.857
5343,2005-02-17,38.343
5344,2005-02-18,33.382
5345,2005-02-19,24.265
5346,2005-02-20,53.398
5347,2005-02-21,57.047
5348,2005-02-22,53.398
5349,2005-02-23,47.172
5350,2005-02-24,43.261
5351,2005-02-25,43.261
5352,2005-02-26,53.041
5353,2005-02-27,49.199
5354,2005-02-28,44.221
5355,2005-01-01,24.265
5356,2005-01-02,20.893
5357,2005-01-03,18.691
5358,2005-01-04,24.534
5359,2005-01-05,24.265
5360,2005-01-06,20.893
5361,2005-01-07,18.453
5362,2005-01-08,16.373
5363,2005-01-09,31.398
5364,2005-01-10,28.75
5365,2005-01-11,20.147
5366,2005-01-12,16.373
5367,2005-01-13,22.681
5368,2005-01-14,19.656
5369,2005-01-15,16.599
5370,2005-01-16,14.192
5371,2005-01-17,20.147
5372,2005-01-18,20.893
5373,2005-01-19,66.364
5374,2005-01-20,57.793
5375,2005-01-21,54.117
5376,2005-01-22,53.398
5377,2005-01-23,91.258
5378,2005-01-24,102.794
5379,2005-01-25,95.183
5380,2005-01-26,86.014
5381,2005-01-27,85.546
5382,2005-01-28,60.832
5383,2005-01-29,46.838
5384,2005-01-30,45.847
5385,2005-01-31,106.989
5386,2004-12-01,9.89
5387,2004-12-02,16.826
5388,2004-12-03,12.951
5389,2004-12-04,11.184
5390,2004-12-05,9.89
5391,2004-12-06,8.837
5392,2004-12-07,15.926
5393,2004-12-08,22.681
5394,2004-12-09,18.217
5395,2004-12-10,25.347
5396,2004-12-11,20.643
5397,2004-12-12,23.998
5398,2004-12-13,20.643
5399,2004-12-14,18.217
5400,2004-12-15,16.373
5401,2004-12-16,25.347
5402,2004-12-17,31.788
5403,2004-12-18,25.347
5404,2004-12-19,22.164
5405,2004-12-20,22.164
5406,2004-12-21,19.656
5407,2004-12-22,41.068
5408,2004-12-23,95.183
5409,2004-12-24,82.309
5410,2004-12-25,56.306
5411,2004-12-26,41.378
5412,2004-12-27,56.306
5413,2004-12-28,38.641
5414,2004-12-29,31.01
5415,2004-12-30,31.01
5416,2004-12-31,25.075
5417,2004-11-01,9.009
5418,2004-11-02,10.252
5419,2004-11-03,8.837
5420,2004-11-04,7.838
5421,2004-11-05,7.201
5422,2004-11-06,6.588
5423,2004-11-07,180.165
5424,2004-11-08,75.611
5425,2004-11-09,49.885
5426,2004-11-10,29.491
5427,2004-11-11,23.204
5428,2004-11-12,21.145
5429,2004-11-13,19.413
5430,2004-11-14,17.748
5431,2004-11-15,15.926
5432,2004-11-16,14.192
5433,2004-11-17,16.599
5434,2004-11-18,25.905
5435,2004-11-19,20.643
5436,2004-11-20,18.217
5437,2004-11-21,16.373
5438,2004-11-22,14.404
5439,2004-11-23,12.749
5440,2004-11-24,11.375
5441,2004-11-25,10.07
5442,2004-11-26,8.667
5443,2004-11-27,7.516
5444,2004-11-28,20.147
5445,2004-11-29,15.048
5446,2004-11-30,12.951
5447,2004-10-01,18.217
5448,2004-10-02,25.347
5449,2004-10-03,22.681
5450,2004-10-04,20.643
5451,2004-10-05,15.048
5452,2004-10-06,15.926
5453,2004-10-07,13.773
5454,2004-10-08,12.151
5455,2004-10-09,10.995
5456,2004-10-10,10.07
5457,2004-10-11,8.837
5458,2004-10-12,8.165
5459,2004-10-13,7.358
5460,2004-10-14,6.891
5461,2004-10-15,18.217
5462,2004-10-16,17.284
5463,2004-10-17,15.484
5464,2004-10-18,13.773
5465,2004-10-19,12.548
5466,2004-10-20,10.436
5467,2004-10-21,10.436
5468,2004-10-22,13.773
5469,2004-10-23,11.955
5470,2004-10-24,10.252
5471,2004-10-25,9.009
5472,2004-10-26,8.0
5473,2004-10-27,8.0
5474,2004-10-28,17.748
5475,2004-10-29,14.192
5476,2004-10-30,12.349
5477,2004-10-31,10.07
5478,2004-09-01,10.995
5479,2004-09-02,9.711
5480,2004-09-03,8.498
5481,2004-09-04,7.838
5482,2004-09-05,7.516
5483,2004-09-06,8.165
5484,2004-09-07,7.516
5485,2004-09-08,7.201
5486,2004-09-09,8.331
5487,2004-09-10,7.516
5488,2004-09-11,6.891
5489,2004-09-12,6.891
5490,2004-09-13,8.165
5491,2004-09-14,7.838
5492,2004-09-15,7.516
5493,2004-09-16,6.891
5494,2004-09-17,16.149
5495,2004-09-18,13.359
5496,2004-09-19,10.807
5497,2004-09-20,9.009
5498,2004-09-21,7.516
5499,2004-09-22,6.891
5500,2004-09-23,6.739
5501,2004-09-24,7.201
5502,2004-09-25,6.588
5503,2004-09-26,6.291
5504,2004-09-27,5.715
5505,2004-09-28,5.03
5506,2004-09-29,5.164
5507,2004-09-30,9.182
5508,2004-08-01,12.951
5509,2004-08-02,11.76
5510,2004-08-03,17.284
5511,2004-08-04,14.192
5512,2004-08-05,12.548
5513,2004-08-06,10.621
5514,2004-08-07,9.89
5515,2004-08-08,16.149
5516,2004-08-09,13.773
5517,2004-08-10,11.375
5518,2004-08-11,10.07
5519,2004-08-12,9.533
5520,2004-08-13,8.837
5521,2004-08-14,17.982
5522,2004-08-15,15.484
5523,2004-08-16,14.192
5524,2004-08-17,12.349
5525,2004-08-18,10.995
5526,2004-08-19,10.07
5527,2004-08-20,9.711
5528,2004-08-21,8.837
5529,2004-08-22,8.498
5530,2004-08-23,8.165
5531,2004-08-24,7.516
5532,2004-08-25,17.284
5533,2004-08-26,13.773
5534,2004-08-27,12.349
5535,2004-08-28,11.184
5536,2004-08-29,10.252
5537,2004-08-30,8.837
5538,2004-08-31,7.838
5539,2004-07-01,16.826
5540,2004-07-02,19.171
5541,2004-07-03,17.284
5542,2004-07-04,19.171
5543,2004-07-05,14.404
5544,2004-07-06,13.359
5545,2004-07-07,12.151
5546,2004-07-08,11.375
5547,2004-07-09,10.621
5548,2004-07-10,15.926
5549,2004-07-11,24.534
5550,2004-07-12,20.643
5551,2004-07-13,13.359
5552,2004-07-14,10.252
5553,2004-07-15,11.955
5554,2004-07-16,26.598
5555,2004-07-17,32.579
5556,2004-07-18,51.274
5557,2004-07-19,26.25
5558,2004-07-20,38.94
5559,2004-07-21,32.979
5560,2004-07-22,24.803
5561,2004-07-23,21.397
5562,2004-07-24,18.691
5563,2004-07-25,18.453
5564,2004-07-26,17.982
5565,2004-07-27,16.149
5566,2004-07-28,13.565
5567,2004-07-29,12.349
5568,2004-07-30,11.375
5569,2004-07-31,10.436
5570,2004-06-01,12.548
5571,2004-06-02,12.151
5572,2004-06-03,24.803
5573,2004-06-04,22.681
5574,2004-06-05,20.147
5575,2004-06-06,18.691
5576,2004-06-07,16.826
5577,2004-06-08,14.404
5578,2004-06-09,13.359
5579,2004-06-10,12.548
5580,2004-06-11,11.567
5581,2004-06-12,10.807
5582,2004-06-13,10.07
5583,2004-06-14,9.533
5584,2004-06-15,15.265
5585,2004-06-16,13.773
5586,2004-06-17,12.151
5587,2004-06-18,11.375
5588,2004-06-19,10.621
5589,2004-06-20,10.07
5590,2004-06-21,9.533
5591,2004-06-22,19.656
5592,2004-06-23,21.397
5593,2004-06-24,18.453
5594,2004-06-25,16.373
5595,2004-06-26,15.048
5596,2004-06-27,30.245
5597,2004-06-28,23.204
5598,2004-06-29,20.643
5599,2004-06-30,18.691
5600,2004-05-01,21.145
5601,2004-05-02,19.901
5602,2004-05-03,18.691
5603,2004-05-04,17.515
5604,2004-05-05,23.732
5605,2004-05-06,19.656
5606,2004-05-07,17.982
5607,2004-05-08,16.599
5608,2004-05-09,15.484
5609,2004-05-10,13.773
5610,2004-05-11,22.164
5611,2004-05-12,24.803
5612,2004-05-13,23.204
5613,2004-05-14,21.145
5614,2004-05-15,19.413
5615,2004-05-16,20.147
5616,2004-05-17,19.656
5617,2004-05-18,17.982
5618,2004-05-19,16.373
5619,2004-05-20,14.617
5620,2004-05-21,21.651
5621,2004-05-22,20.147
5622,2004-05-23,18.691
5623,2004-05-24,17.284
5624,2004-05-25,15.704
5625,2004-05-26,14.617
5626,2004-05-27,22.164
5627,2004-05-28,19.171
5628,2004-05-29,17.054
5629,2004-05-30,15.704
5630,2004-05-31,14.617
5631,2004-04-01,32.579
5632,2004-04-02,25.347
5633,2004-04-03,23.204
5634,2004-04-04,20.643
5635,2004-04-05,17.982
5636,2004-04-06,16.373
5637,2004-04-07,22.164
5638,2004-04-08,18.691
5639,2004-04-09,32.579
5640,2004-04-10,25.905
5641,2004-04-11,60.447
5642,2004-04-12,54.841
5643,2004-04-13,60.832
5644,2004-04-14,22.681
5645,2004-04-15,18.691
5646,2004-04-16,16.826
5647,2004-04-17,15.484
5648,2004-04-18,13.982
5649,2004-04-19,24.534
5650,2004-04-20,20.893
5651,2004-04-21,49.199
5652,2004-04-22,45.519
5653,2004-04-23,25.905
5654,2004-04-24,23.732
5655,2004-04-25,21.397
5656,2004-04-26,56.676
5657,2004-04-27,40.76
5658,2004-04-28,32.579
5659,2004-04-29,25.075
5660,2004-04-30,23.204
5661,2004-03-01,35.026
5662,2004-03-02,31.01
5663,2004-03-03,31.788
5664,2004-03-04,29.491
5665,2004-03-05,23.732
5666,2004-03-06,33.382
5667,2004-03-07,29.491
5668,2004-03-08,25.905
5669,2004-03-09,23.732
5670,2004-03-10,35.026
5671,2004-03-11,31.01
5672,2004-03-12,24.803
5673,2004-03-13,23.204
5674,2004-03-14,21.145
5675,2004-03-15,19.413
5676,2004-03-16,21.651
5677,2004-03-17,23.732
5678,2004-03-18,20.643
5679,2004-03-19,18.691
5680,2004-03-20,16.826
5681,2004-03-21,24.803
5682,2004-03-22,20.893
5683,2004-03-23,18.453
5684,2004-03-24,16.373
5685,2004-03-25,13.773
5686,2004-03-26,20.147
5687,2004-03-27,17.284
5688,2004-03-28,15.926
5689,2004-03-29,14.192
5690,2004-03-30,15.926
5691,2004-03-31,22.164
5692,2004-02-01,14.617
5693,2004-02-02,12.951
5694,2004-02-03,13.565
5695,2004-02-04,14.617
5696,2004-02-05,12.548
5697,2004-02-06,23.204
5698,2004-02-07,124.148
5699,2004-02-08,45.847
5700,2004-02-09,31.788
5701,2004-02-10,30.245
5702,2004-02-11,46.507
5703,2004-02-12,47.506
5704,2004-02-13,47.506
5705,2004-02-14,46.507
5706,2004-02-15,31.788
5707,2004-02-16,35.444
5708,2004-02-17,44.867
5709,2004-02-18,45.847
5710,2004-02-19,50.577
5711,2004-02-20,44.543
5712,2004-02-21,34.61
5713,2004-02-22,30.245
5714,2004-02-23,56.676
5715,2004-02-24,58.168
5716,2004-02-25,89.331
5717,2004-02-26,53.398
5718,2004-02-27,42.628
5719,2004-02-28,49.885
5720,2004-02-29,43.9
5721,2004-01-01,49.199
5722,2004-01-02,170.353
5723,2004-01-03,111.822
5724,2004-01-04,85.546
5725,2004-01-05,60.064
5726,2004-01-06,53.398
5727,2004-01-07,45.193
5728,2004-01-08,49.199
5729,2004-01-09,44.543
5730,2004-01-10,37.587
5731,2004-01-11,32.182
5732,2004-01-12,31.788
5733,2004-01-13,57.793
5734,2004-01-14,53.398
5735,2004-01-15,41.068
5736,2004-01-16,55.571
5737,2004-01-17,171.736
5738,2004-01-18,111.822
5739,2004-01-19,61.606
5740,2004-01-20,48.518
5741,2004-01-21,39.541
5742,2004-01-22,36.721
5743,2004-01-23,32.579
5744,2004-01-24,30.245
5745,2004-01-25,25.347
5746,2004-01-26,20.147
5747,2004-01-27,15.926
5748,2004-01-28,13.773
5749,2004-01-29,15.704
5750,2004-01-30,16.149
5751,2004-01-31,13.773
5752,2003-12-01,55.571
5753,2003-12-02,26.598
5754,2003-12-03,20.643
5755,2003-12-04,14.617
5756,2003-12-05,9.89
5757,2003-12-06,17.054
5758,2003-12-07,13.359
5759,2003-12-08,9.711
5760,2003-12-09,8.165
5761,2003-12-10,5.436
5762,2003-12-11,7.201
5763,2003-12-12,6.0
5764,2003-12-13,15.926
5765,2003-12-14,10.07
5766,2003-12-15,6.439
5767,2003-12-16,5.436
5768,2003-12-17,7.838
5769,2003-12-18,13.773
5770,2003-12-19,12.749
5771,2003-12-20,8.498
5772,2003-12-21,7.358
5773,2003-12-22,10.436
5774,2003-12-23,12.548
5775,2003-12-24,35.867
5776,2003-12-25,50.577
5777,2003-12-26,164.208
5778,2003-12-27,103.834
5779,2003-12-28,75.611
5780,2003-12-29,84.614
5781,2003-12-30,65.557
5782,2003-12-31,57.047
5783,2003-11-01,6.728
5784,2003-11-02,10.102
5785,2003-11-03,44.221
5786,2003-11-04,21.085
5787,2003-11-05,15.621
5788,2003-11-06,11.66
5789,2003-11-07,22.159
5790,2003-11-08,17.849
5791,2003-11-09,11.66
5792,2003-11-10,9.386
5793,2003-11-11,8.496
5794,2003-11-12,8.016
5795,2003-11-13,7.453
5796,2003-11-14,9.998
5797,2003-11-15,9.793
5798,2003-11-16,8.986
5799,2003-11-17,7.639
5800,2003-11-18,6.996
5801,2003-11-19,6.551
5802,2003-11-20,15.8
5803,2003-11-21,20.664
5804,2003-11-22,15.443
5805,2003-11-23,20.455
5806,2003-11-24,15.621
5807,2003-11-25,10.206
5808,2003-11-26,11.66
5809,2003-11-27,10.483
5810,2003-11-28,17.466
5811,2003-11-29,23.94
5812,2003-11-30,118.455
5813,2003-10-01,5.526
5814,2003-10-02,5.199
5815,2003-10-03,7.639
5816,2003-10-04,6.116
5817,2003-10-05,5.28
5818,2003-10-06,8.986
5819,2003-10-07,8.207
5820,2003-10-08,7.361
5821,2003-10-09,6.375
5822,2003-10-10,7.087
5823,2003-10-11,18.63
5824,2003-10-12,36.585
5825,2003-10-13,16.345
5826,2003-10-14,10.771
5827,2003-10-15,9.086
5828,2003-10-16,8.207
5829,2003-10-17,7.453
5830,2003-10-18,6.375
5831,2003-10-19,5.86
5832,2003-10-20,9.186
5833,2003-10-21,8.016
5834,2003-10-22,7.087
5835,2003-10-23,10.771
5836,2003-10-24,12.275
5837,2003-10-25,9.998
5838,2003-10-26,9.186
5839,2003-10-27,8.016
5840,2003-10-28,7.269
5841,2003-10-29,8.016
5842,2003-10-30,8.302
5843,2003-10-31,7.639
5844,2003-09-01,6.551
5845,2003-09-02,5.86
5846,2003-09-03,7.087
5847,2003-09-04,6.375
5848,2003-09-05,5.86
5849,2003-09-06,5.526
5850,2003-09-07,5.199
5851,2003-09-08,5.039
5852,2003-09-09,4.88
5853,2003-09-10,4.723
5854,2003-09-11,6.463
5855,2003-09-12,8.302
5856,2003-09-13,7.453
5857,2003-09-14,15.981
5858,2003-09-15,17.276
5859,2003-09-16,9.386
5860,2003-09-17,8.016
5861,2003-09-18,9.086
5862,2003-09-19,7.826
5863,2003-09-20,6.996
5864,2003-09-21,6.375
5865,2003-09-22,5.692
5866,2003-09-23,5.444
5867,2003-09-24,5.039
5868,2003-09-25,4.492
5869,2003-09-26,9.186
5870,2003-09-27,9.186
5871,2003-09-28,8.207
5872,2003-09-29,7.087
5873,2003-09-30,6.202
5874,2003-08-01,4.723
5875,2003-08-02,4.568
5876,2003-08-03,4.265
5877,2003-08-04,6.728
5878,2003-08-05,5.692
5879,2003-08-06,4.88
5880,2003-08-07,4.492
5881,2003-08-08,4.88
5882,2003-08-09,7.639
5883,2003-08-10,6.639
5884,2003-08-11,5.526
5885,2003-08-12,5.119
5886,2003-08-13,4.723
5887,2003-08-14,4.568
5888,2003-08-15,4.416
5889,2003-08-16,7.269
5890,2003-08-17,6.288
5891,2003-08-18,5.526
5892,2003-08-19,4.88
5893,2003-08-20,4.568
5894,2003-08-21,4.416
5895,2003-08-22,4.19
5896,2003-08-23,3.969
5897,2003-08-24,3.824
5898,2003-08-25,3.681
5899,2003-08-26,17.849
5900,2003-08-27,10.483
5901,2003-08-28,9.793
5902,2003-08-29,25.093
5903,2003-08-30,10.483
5904,2003-08-31,7.826
5905,2003-07-01,4.568
5906,2003-07-02,4.568
5907,2003-07-03,4.568
5908,2003-07-04,4.568
5909,2003-07-05,6.375
5910,2003-07-06,5.86
5911,2003-07-07,5.039
5912,2003-07-08,4.568
5913,2003-07-09,4.265
5914,2003-07-10,4.115
5915,2003-07-11,3.969
5916,2003-07-12,8.789
5917,2003-07-13,10.771
5918,2003-07-14,8.789
5919,2003-07-15,8.016
5920,2003-07-16,7.453
5921,2003-07-17,6.817
5922,2003-07-18,6.463
5923,2003-07-19,6.202
5924,2003-07-20,5.86
5925,2003-07-21,5.692
5926,2003-07-22,5.362
5927,2003-07-23,5.039
5928,2003-07-24,4.723
5929,2003-07-25,4.568
5930,2003-07-26,6.728
5931,2003-07-27,6.375
5932,2003-07-28,5.609
5933,2003-07-29,5.199
5934,2003-07-30,5.119
5935,2003-07-31,5.039
5936,2003-06-01,5.86
5937,2003-06-02,5.28
5938,2003-06-03,5.039
5939,2003-06-04,4.88
5940,2003-06-05,4.723
5941,2003-06-06,4.416
5942,2003-06-07,8.789
5943,2003-06-08,8.207
5944,2003-06-09,7.733
5945,2003-06-10,7.269
5946,2003-06-11,6.463
5947,2003-06-12,5.609
5948,2003-06-13,5.199
5949,2003-06-14,4.88
5950,2003-06-15,4.801
5951,2003-06-16,9.589
5952,2003-06-17,8.888
5953,2003-06-18,8.016
5954,2003-06-19,7.453
5955,2003-06-20,6.996
5956,2003-06-21,6.463
5957,2003-06-22,5.776
5958,2003-06-23,5.526
5959,2003-06-24,5.199
5960,2003-06-25,4.88
5961,2003-06-26,4.723
5962,2003-06-27,4.568
5963,2003-06-28,6.202
5964,2003-06-29,5.362
5965,2003-06-30,4.88
5966,2003-05-01,7.453
5967,2003-05-02,10.771
5968,2003-05-03,8.888
5969,2003-05-04,8.016
5970,2003-05-05,7.361
5971,2003-05-06,6.551
5972,2003-05-07,5.86
5973,2003-05-08,7.269
5974,2003-05-09,8.593
5975,2003-05-10,7.453
5976,2003-05-11,6.728
5977,2003-05-12,6.116
5978,2003-05-13,6.463
5979,2003-05-14,6.03
5980,2003-05-15,7.639
5981,2003-05-16,9.186
5982,2003-05-17,8.016
5983,2003-05-18,6.375
5984,2003-05-19,6.03
5985,2003-05-20,5.776
5986,2003-05-21,5.526
5987,2003-05-22,5.362
5988,2003-05-23,7.087
5989,2003-05-24,6.375
5990,2003-05-25,5.86
5991,2003-05-26,5.526
5992,2003-05-27,5.362
5993,2003-05-28,5.199
5994,2003-05-29,5.039
5995,2003-05-30,4.723
5996,2003-05-31,4.568
5997,2003-04-01,9.487
5998,2003-04-02,8.496
5999,2003-04-03,7.733
6000,2003-04-04,7.269
6001,2003-04-05,7.087
6002,2003-04-06,7.453
6003,2003-04-07,19.836
6004,2003-04-08,10.102
6005,2003-04-09,8.016
6006,2003-04-10,6.906
6007,2003-04-11,7.639
6008,2003-04-12,10.483
6009,2003-04-13,11.965
6010,2003-04-14,9.487
6011,2003-04-15,8.016
6012,2003-04-16,8.888
6013,2003-04-17,26.037
6014,2003-04-18,20.247
6015,2003-04-19,10.771
6016,2003-04-20,9.186
6017,2003-04-21,8.016
6018,2003-04-22,7.269
6019,2003-04-23,6.639
6020,2003-04-24,9.487
6021,2003-04-25,8.399
6022,2003-04-26,7.546
6023,2003-04-27,6.996
6024,2003-04-28,6.375
6025,2003-04-29,5.692
6026,2003-04-30,5.199
6027,2003-03-01,8.789
6028,2003-03-02,7.639
6029,2003-03-03,7.087
6030,2003-03-04,6.116
6031,2003-03-05,5.692
6032,2003-03-06,7.546
6033,2003-03-07,6.906
6034,2003-03-08,6.375
6035,2003-03-09,9.589
6036,2003-03-10,8.207
6037,2003-03-11,7.269
6038,2003-03-12,6.202
6039,2003-03-13,5.609
6040,2003-03-14,6.996
6041,2003-03-15,6.03
6042,2003-03-16,5.776
6043,2003-03-17,7.639
6044,2003-03-18,8.593
6045,2003-03-19,30.273
6046,2003-03-20,16.345
6047,2003-03-21,26.517
6048,2003-03-22,43.9
6049,2003-03-23,44.221
6050,2003-03-24,23.263
6051,2003-03-25,11.359
6052,2003-03-26,8.986
6053,2003-03-27,8.016
6054,2003-03-28,21.511
6055,2003-03-29,15.443
6056,2003-03-30,10.206
6057,2003-03-31,8.111
6058,2003-02-01,26.037
6059,2003-02-02,18.043
6060,2003-02-03,15.09
6061,2003-02-04,14.228
6062,2003-02-05,13.559
6063,2003-02-06,12.275
6064,2003-02-07,11.359
6065,2003-02-08,10.206
6066,2003-02-09,9.186
6067,2003-02-10,10.483
6068,2003-02-11,9.386
6069,2003-02-12,9.186
6070,2003-02-13,8.986
6071,2003-02-14,8.789
6072,2003-02-15,8.593
6073,2003-02-16,8.399
6074,2003-02-17,8.016
6075,2003-02-18,10.916
6076,2003-02-19,12.275
6077,2003-02-20,13.559
6078,2003-02-21,10.771
6079,2003-02-22,8.986
6080,2003-02-23,8.399
6081,2003-02-24,7.826
6082,2003-02-25,7.453
6083,2003-02-26,7.269
6084,2003-02-27,6.906
6085,2003-02-28,6.728
6086,2003-01-01,23.713
6087,2003-01-02,29.244
6088,2003-01-03,31.588
6089,2003-01-04,28.99
6090,2003-01-05,26.037
6091,2003-01-06,22.159
6092,2003-01-07,35.723
6093,2003-01-08,25.563
6094,2003-01-09,19.227
6095,2003-01-10,11.965
6096,2003-01-11,32.663
6097,2003-01-12,23.263
6098,2003-01-13,19.429
6099,2003-01-14,25.093
6100,2003-01-15,29.756
6101,2003-01-16,26.517
6102,2003-01-17,52.685
6103,2003-01-18,36.296
6104,2003-01-19,31.058
6105,2003-01-20,27.491
6106,2003-01-21,24.397
6107,2003-01-22,22.377
6108,2003-01-23,19.836
6109,2003-01-24,29.244
6110,2003-01-25,25.799
6111,2003-01-26,25.799
6112,2003-01-27,43.9
6113,2003-01-28,25.563
6114,2003-01-29,37.166
6115,2003-01-30,67.995
6116,2003-01-31,34.592
6117,2002-12-01,4.34
6118,2002-12-02,6.03
6119,2002-12-03,15.621
6120,2002-12-04,9.386
6121,2002-12-05,6.906
6122,2002-12-06,6.817
6123,2002-12-07,8.207
6124,2002-12-08,7.269
6125,2002-12-09,100.22
6126,2002-12-10,178.745
6127,2002-12-11,98.187
6128,2002-12-12,81.853
6129,2002-12-13,63.96
6130,2002-12-14,49.885
6131,2002-12-15,33.758
6132,2002-12-16,26.759
6133,2002-12-17,34.592
6134,2002-12-18,26.517
6135,2002-12-19,43.9
6136,2002-12-20,50.577
6137,2002-12-21,59.682
6138,2002-12-22,28.485
6139,2002-12-23,50.577
6140,2002-12-24,77.366
6141,2002-12-25,69.232
6142,2002-12-26,59.682
6143,2002-12-27,30.534
6144,2002-12-28,33.758
6145,2002-12-29,26.517
6146,2002-12-30,23.263
6147,2002-12-31,29.244
6148,2002-11-01,14.741
6149,2002-11-02,7.826
6150,2002-11-03,6.817
6151,2002-11-04,5.362
6152,2002-11-05,6.375
6153,2002-11-06,41.688
6154,2002-11-07,36.009
6155,2002-11-08,14.398
6156,2002-11-09,9.793
6157,2002-11-10,8.016
6158,2002-11-11,7.087
6159,2002-11-12,14.228
6160,2002-11-13,18.237
6161,2002-11-14,20.455
6162,2002-11-15,17.276
6163,2002-11-16,11.063
6164,2002-11-17,9.186
6165,2002-11-18,8.111
6166,2002-11-19,9.589
6167,2002-11-20,8.016
6168,2002-11-21,6.906
6169,2002-11-22,7.453
6170,2002-11-23,8.986
6171,2002-11-24,7.921
6172,2002-11-25,6.906
6173,2002-11-26,6.03
6174,2002-11-27,6.202
6175,2002-11-28,5.692
6176,2002-11-29,5.444
6177,2002-11-30,4.88
6178,2002-10-01,4.492
6179,2002-10-02,5.609
6180,2002-10-03,4.959
6181,2002-10-04,4.265
6182,2002-10-05,3.969
6183,2002-10-06,3.824
6184,2002-10-07,3.681
6185,2002-10-08,3.54
6186,2002-10-09,3.47
6187,2002-10-10,3.401
6188,2002-10-11,3.197
6189,2002-10-12,3.13
6190,2002-10-13,2.997
6191,2002-10-14,4.416
6192,2002-10-15,3.752
6193,2002-10-16,3.54
6194,2002-10-17,3.264
6195,2002-10-18,3.13
6196,2002-10-19,3.063
6197,2002-10-20,2.997
6198,2002-10-21,2.867
6199,2002-10-22,5.86
6200,2002-10-23,15.266
6201,2002-10-24,6.375
6202,2002-10-25,4.723
6203,2002-10-26,4.492
6204,2002-10-27,4.265
6205,2002-10-28,3.969
6206,2002-10-29,3.752
6207,2002-10-30,5.039
6208,2002-10-31,25.799
6209,2002-09-01,7.087
6210,2002-09-02,6.375
6211,2002-09-03,5.039
6212,2002-09-04,4.492
6213,2002-09-05,4.19
6214,2002-09-06,4.416
6215,2002-09-07,15.266
6216,2002-09-08,10.771
6217,2002-09-09,6.728
6218,2002-09-10,5.692
6219,2002-09-11,5.119
6220,2002-09-12,4.723
6221,2002-09-13,4.416
6222,2002-09-14,4.265
6223,2002-09-15,3.969
6224,2002-09-16,3.896
6225,2002-09-17,3.824
6226,2002-09-18,3.681
6227,2002-09-19,3.54
6228,2002-09-20,3.332
6229,2002-09-21,3.264
6230,2002-09-22,5.692
6231,2002-09-23,5.526
6232,2002-09-24,9.793
6233,2002-09-25,13.231
6234,2002-09-26,8.986
6235,2002-09-27,7.178
6236,2002-09-28,5.945
6237,2002-09-29,5.039
6238,2002-09-30,4.723
6239,2002-08-01,5.039
6240,2002-08-02,6.375
6241,2002-08-03,5.28
6242,2002-08-04,5.039
6243,2002-08-05,4.723
6244,2002-08-06,4.568
6245,2002-08-07,4.416
6246,2002-08-08,4.416
6247,2002-08-09,4.265
6248,2002-08-10,4.19
6249,2002-08-11,4.19
6250,2002-08-12,4.115
6251,2002-08-13,4.115
6252,2002-08-14,4.115
6253,2002-08-15,4.042
6254,2002-08-16,3.969
6255,2002-08-17,3.969
6256,2002-08-18,3.824
6257,2002-08-19,3.896
6258,2002-08-20,3.824
6259,2002-08-21,3.681
6260,2002-08-22,3.61
6261,2002-08-23,3.54
6262,2002-08-24,5.039
6263,2002-08-25,4.568
6264,2002-08-26,4.115
6265,2002-08-27,3.896
6266,2002-08-28,3.681
6267,2002-08-29,3.61
6268,2002-08-30,3.54
6269,2002-08-31,6.728
6270,2002-07-01,5.526
6271,2002-07-02,6.03
6272,2002-07-03,5.362
6273,2002-07-04,5.039
6274,2002-07-05,4.88
6275,2002-07-06,4.723
6276,2002-07-07,4.568
6277,2002-07-08,4.416
6278,2002-07-09,6.03
6279,2002-07-10,7.453
6280,2002-07-11,6.996
6281,2002-07-12,6.375
6282,2002-07-13,5.86
6283,2002-07-14,5.444
6284,2002-07-15,5.199
6285,2002-07-16,5.039
6286,2002-07-17,4.959
6287,2002-07-18,4.723
6288,2002-07-19,4.646
6289,2002-07-20,4.568
6290,2002-07-21,4.416
6291,2002-07-22,4.265
6292,2002-07-23,5.526
6293,2002-07-24,5.86
6294,2002-07-25,5.362
6295,2002-07-26,5.199
6296,2002-07-27,5.039
6297,2002-07-28,4.723
6298,2002-07-29,4.492
6299,2002-07-30,4.416
6300,2002-07-31,4.265
6301,2002-06-01,5.199
6302,2002-06-02,7.921
6303,2002-06-03,6.817
6304,2002-06-04,6.463
6305,2002-06-05,6.375
6306,2002-06-06,6.202
6307,2002-06-07,5.86
6308,2002-06-08,5.692
6309,2002-06-09,5.444
6310,2002-06-10,5.199
6311,2002-06-11,5.039
6312,2002-06-12,4.88
6313,2002-06-13,4.801
6314,2002-06-14,4.723
6315,2002-06-15,4.646
6316,2002-06-16,4.492
6317,2002-06-17,4.416
6318,2002-06-18,4.34
6319,2002-06-19,5.039
6320,2002-06-20,4.959
6321,2002-06-21,4.568
6322,2002-06-22,4.416
6323,2002-06-23,4.416
6324,2002-06-24,7.361
6325,2002-06-25,5.86
6326,2002-06-26,5.28
6327,2002-06-27,5.039
6328,2002-06-28,4.801
6329,2002-06-29,4.568
6330,2002-06-30,4.416
6331,2002-05-01,7.639
6332,2002-05-02,6.551
6333,2002-05-03,5.86
6334,2002-05-04,5.526
6335,2002-05-05,14.569
6336,2002-05-06,9.386
6337,2002-05-07,12.275
6338,2002-05-08,12.275
6339,2002-05-09,9.793
6340,2002-05-10,8.207
6341,2002-05-11,7.269
6342,2002-05-12,6.551
6343,2002-05-13,5.86
6344,2002-05-14,5.362
6345,2002-05-15,6.817
6346,2002-05-16,18.63
6347,2002-05-17,12.908
6348,2002-05-18,9.487
6349,2002-05-19,8.496
6350,2002-05-20,7.921
6351,2002-05-21,7.453
6352,2002-05-22,6.906
6353,2002-05-23,11.965
6354,2002-05-24,10.206
6355,2002-05-25,8.302
6356,2002-05-26,7.826
6357,2002-05-27,7.453
6358,2002-05-28,6.288
6359,2002-05-29,5.945
6360,2002-05-30,5.776
6361,2002-05-31,5.526
6362,2002-04-01,6.906
6363,2002-04-02,6.728
6364,2002-04-03,6.639
6365,2002-04-04,6.463
6366,2002-04-05,7.639
6367,2002-04-06,7.087
6368,2002-04-07,6.906
6369,2002-04-08,7.269
6370,2002-04-09,8.016
6371,2002-04-10,7.453
6372,2002-04-11,7.087
6373,2002-04-12,6.639
6374,2002-04-13,6.375
6375,2002-04-14,6.116
6376,2002-04-15,6.03
6377,2002-04-16,6.202
6378,2002-04-17,6.03
6379,2002-04-18,5.86
6380,2002-04-19,5.609
6381,2002-04-20,5.526
6382,2002-04-21,5.362
6383,2002-04-22,5.199
6384,2002-04-23,5.199
6385,2002-04-24,4.723
6386,2002-04-25,4.492
6387,2002-04-26,4.416
6388,2002-04-27,4.416
6389,2002-04-28,10.626
6390,2002-04-29,9.691
6391,2002-04-30,8.593
6392,2002-03-01,11.965
6393,2002-03-02,10.206
6394,2002-03-03,12.589
6395,2002-03-04,10.341
6396,2002-03-05,8.888
6397,2002-03-06,8.496
6398,2002-03-07,8.016
6399,2002-03-08,7.733
6400,2002-03-09,7.269
6401,2002-03-10,6.906
6402,2002-03-11,6.728
6403,2002-03-12,6.551
6404,2002-03-13,6.463
6405,2002-03-14,6.288
6406,2002-03-15,7.639
6407,2002-03-16,7.546
6408,2002-03-17,7.269
6409,2002-03-18,6.817
6410,2002-03-19,7.269
6411,2002-03-20,6.463
6412,2002-03-21,17.849
6413,2002-03-22,16.9
6414,2002-03-23,10.102
6415,2002-03-24,8.399
6416,2002-03-25,9.589
6417,2002-03-26,7.826
6418,2002-03-27,9.998
6419,2002-03-28,12.275
6420,2002-03-29,9.487
6421,2002-03-30,8.399
6422,2002-03-31,7.453
6423,2002-02-01,33.758
6424,2002-02-02,57.047
6425,2002-02-03,78.252
6426,2002-02-04,40.148
6427,2002-02-05,25.327
6428,2002-02-06,15.981
6429,2002-02-07,11.66
6430,2002-02-08,9.487
6431,2002-02-09,12.589
6432,2002-02-10,10.206
6433,2002-02-11,9.998
6434,2002-02-12,12.431
6435,2002-02-13,10.483
6436,2002-02-14,9.386
6437,2002-02-15,11.359
6438,2002-02-16,21.085
6439,2002-02-17,22.377
6440,2002-02-18,33.758
6441,2002-02-19,19.836
6442,2002-02-20,25.093
6443,2002-02-21,18.433
6444,2002-02-22,13.069
6445,2002-02-23,11.66
6446,2002-02-24,28.737
6447,2002-02-25,23.713
6448,2002-02-26,20.664
6449,2002-02-27,13.394
6450,2002-02-28,10.483
6451,2002-01-01,17.849
6452,2002-01-02,26.517
6453,2002-01-03,21.297
6454,2002-01-04,17.466
6455,2002-01-05,13.891
6456,2002-01-06,11.965
6457,2002-01-07,10.771
6458,2002-01-08,9.896
6459,2002-01-09,9.186
6460,2002-01-10,8.789
6461,2002-01-11,9.386
6462,2002-01-12,9.691
6463,2002-01-13,8.789
6464,2002-01-14,24.397
6465,2002-01-15,19.429
6466,2002-01-16,17.088
6467,2002-01-17,14.915
6468,2002-01-18,13.559
6469,2002-01-19,13.394
6470,2002-01-20,12.748
6471,2002-01-21,11.359
6472,2002-01-22,12.908
6473,2002-01-23,27.246
6474,2002-01-24,21.511
6475,2002-01-25,18.043
6476,2002-01-26,15.443
6477,2002-01-27,12.589
6478,2002-01-28,19.429
6479,2002-01-29,23.713
6480,2002-01-30,18.63
6481,2002-01-31,13.069
6482,2001-12-01,24.168
6483,2001-12-02,16.162
6484,2001-12-03,10.483
6485,2001-12-04,8.593
6486,2001-12-05,7.826
6487,2001-12-06,7.269
6488,2001-12-07,6.551
6489,2001-12-08,14.398
6490,2001-12-09,10.483
6491,2001-12-10,9.386
6492,2001-12-11,8.207
6493,2001-12-12,7.087
6494,2001-12-13,6.375
6495,2001-12-14,8.691
6496,2001-12-15,7.826
6497,2001-12-16,7.087
6498,2001-12-17,9.793
6499,2001-12-18,16.714
6500,2001-12-19,13.231
6501,2001-12-20,26.517
6502,2001-12-21,21.085
6503,2001-12-22,13.891
6504,2001-12-23,15.266
6505,2001-12-24,49.885
6506,2001-12-25,165.563
6507,2001-12-26,75.611
6508,2001-12-27,26.517
6509,2001-12-28,20.664
6510,2001-12-29,18.043
6511,2001-12-30,26.517
6512,2001-12-31,22.377
6513,2001-11-01,5.526
6514,2001-11-02,5.119
6515,2001-11-03,4.723
6516,2001-11-04,8.016
6517,2001-11-05,13.891
6518,2001-11-06,9.386
6519,2001-11-07,7.639
6520,2001-11-08,6.551
6521,2001-11-09,5.444
6522,2001-11-10,7.639
6523,2001-11-11,6.375
6524,2001-11-12,8.691
6525,2001-11-13,11.66
6526,2001-11-14,10.206
6527,2001-11-15,8.789
6528,2001-11-16,21.085
6529,2001-11-17,12.275
6530,2001-11-18,27.986
6531,2001-11-19,15.981
6532,2001-11-20,20.041
6533,2001-11-21,19.027
6534,2001-11-22,11.965
6535,2001-11-23,10.483
6536,2001-11-24,10.206
6537,2001-11-25,8.986
6538,2001-11-26,9.186
6539,2001-11-27,8.888
6540,2001-11-28,10.771
6541,2001-11-29,24.86
6542,2001-11-30,17.849
6543,2001-10-01,8.399
6544,2001-10-02,7.546
6545,2001-10-03,6.116
6546,2001-10-04,5.609
6547,2001-10-05,5.362
6548,2001-10-06,5.199
6549,2001-10-07,5.119
6550,2001-10-08,6.375
6551,2001-10-09,6.116
6552,2001-10-10,5.86
6553,2001-10-11,5.776
6554,2001-10-12,5.609
6555,2001-10-13,5.444
6556,2001-10-14,5.362
6557,2001-10-15,5.199
6558,2001-10-16,5.199
6559,2001-10-17,5.039
6560,2001-10-18,5.444
6561,2001-10-19,15.621
6562,2001-10-20,12.589
6563,2001-10-21,11.21
6564,2001-10-22,9.286
6565,2001-10-23,9.286
6566,2001-10-24,8.691
6567,2001-10-25,8.016
6568,2001-10-26,7.546
6569,2001-10-27,7.269
6570,2001-10-28,6.728
6571,2001-10-29,6.202
6572,2001-10-30,5.86
6573,2001-10-31,5.692
6574,2001-09-01,5.039
6575,2001-09-02,5.039
6576,2001-09-03,5.039
6577,2001-09-04,5.039
6578,2001-09-05,4.959
6579,2001-09-06,4.959
6580,2001-09-07,7.453
6581,2001-09-08,7.361
6582,2001-09-09,5.776
6583,2001-09-10,5.362
6584,2001-09-11,5.199
6585,2001-09-12,6.463
6586,2001-09-13,5.362
6587,2001-09-14,5.28
6588,2001-09-15,5.119
6589,2001-09-16,5.86
6590,2001-09-17,7.269
6591,2001-09-18,6.03
6592,2001-09-19,5.444
6593,2001-09-20,5.444
6594,2001-09-21,5.362
6595,2001-09-22,5.199
6596,2001-09-23,5.199
6597,2001-09-24,5.119
6598,2001-09-25,5.119
6599,2001-09-26,5.039
6600,2001-09-27,5.039
6601,2001-09-28,8.593
6602,2001-09-29,7.453
6603,2001-09-30,6.03
6604,2001-08-01,7.546
6605,2001-08-02,6.728
6606,2001-08-03,6.03
6607,2001-08-04,5.86
6608,2001-08-05,5.776
6609,2001-08-06,5.776
6610,2001-08-07,5.692
6611,2001-08-08,5.692
6612,2001-08-09,5.609
6613,2001-08-10,5.609
6614,2001-08-11,5.609
6615,2001-08-12,8.986
6616,2001-08-13,7.639
6617,2001-08-14,7.269
6618,2001-08-15,6.463
6619,2001-08-16,5.86
6620,2001-08-17,5.692
6621,2001-08-18,5.692
6622,2001-08-19,5.609
6623,2001-08-20,5.526
6624,2001-08-21,5.444
6625,2001-08-22,5.444
6626,2001-08-23,5.362
6627,2001-08-24,5.362
6628,2001-08-25,5.28
6629,2001-08-26,5.28
6630,2001-08-27,5.199
6631,2001-08-28,5.119
6632,2001-08-29,5.199
6633,2001-08-30,5.119
6634,2001-08-31,5.039
6635,2001-07-01,6.202
6636,2001-07-02,6.202
6637,2001-07-03,6.202
6638,2001-07-04,6.116
6639,2001-07-05,6.116
6640,2001-07-06,6.03
6641,2001-07-07,6.03
6642,2001-07-08,5.945
6643,2001-07-09,5.86
6644,2001-07-10,5.86
6645,2001-07-11,6.03
6646,2001-07-12,7.639
6647,2001-07-13,7.453
6648,2001-07-14,6.817
6649,2001-07-15,6.375
6650,2001-07-16,6.03
6651,2001-07-17,5.86
6652,2001-07-18,5.86
6653,2001-07-19,5.776
6654,2001-07-20,5.776
6655,2001-07-21,5.692
6656,2001-07-22,9.793
6657,2001-07-23,7.826
6658,2001-07-24,7.087
6659,2001-07-25,6.728
6660,2001-07-26,6.463
6661,2001-07-27,7.087
6662,2001-07-28,10.771
6663,2001-07-29,7.639
6664,2001-07-30,6.551
6665,2001-07-31,5.945
6666,2001-06-01,9.589
6667,2001-06-02,8.593
6668,2001-06-03,7.733
6669,2001-06-04,7.453
6670,2001-06-05,7.269
6671,2001-06-06,7.087
6672,2001-06-07,6.996
6673,2001-06-08,6.996
6674,2001-06-09,6.906
6675,2001-06-10,6.906
6676,2001-06-11,6.817
6677,2001-06-12,6.817
6678,2001-06-13,6.639
6679,2001-06-14,6.639
6680,2001-06-15,6.639
6681,2001-06-16,6.463
6682,2001-06-17,6.375
6683,2001-06-18,6.288
6684,2001-06-19,6.728
6685,2001-06-20,8.016
6686,2001-06-21,7.087
6687,2001-06-22,6.996
6688,2001-06-23,6.906
6689,2001-06-24,6.728
6690,2001-06-25,6.639
6691,2001-06-26,6.551
6692,2001-06-27,6.551
6693,2001-06-28,6.375
6694,2001-06-29,6.375
6695,2001-06-30,6.375
6696,2001-05-01,7.639
6697,2001-05-02,7.546
6698,2001-05-03,7.546
6699,2001-05-04,10.206
6700,2001-05-05,9.487
6701,2001-05-06,8.789
6702,2001-05-07,8.399
6703,2001-05-08,8.016
6704,2001-05-09,7.733
6705,2001-05-10,7.453
6706,2001-05-11,9.691
6707,2001-05-12,13.724
6708,2001-05-13,18.237
6709,2001-05-14,18.237
6710,2001-05-15,12.431
6711,2001-05-16,10.771
6712,2001-05-17,9.998
6713,2001-05-18,9.286
6714,2001-05-19,8.593
6715,2001-05-20,8.016
6716,2001-05-21,7.639
6717,2001-05-22,7.453
6718,2001-05-23,7.178
6719,2001-05-24,7.178
6720,2001-05-25,9.793
6721,2001-05-26,8.593
6722,2001-05-27,7.639
6723,2001-05-28,7.087
6724,2001-05-29,11.21
6725,2001-05-30,10.206
6726,2001-05-31,13.559
6727,2001-04-01,10.771
6728,2001-04-02,9.589
6729,2001-04-03,8.789
6730,2001-04-04,11.965
6731,2001-04-05,74.742
6732,2001-04-06,23.04
6733,2001-04-07,15.09
6734,2001-04-08,12.748
6735,2001-04-09,13.231
6736,2001-04-10,11.359
6737,2001-04-11,21.085
6738,2001-04-12,17.657
6739,2001-04-13,14.398
6740,2001-04-14,22.818
6741,2001-04-15,25.563
6742,2001-04-16,31.855
6743,2001-04-17,19.836
6744,2001-04-18,11.21
6745,2001-04-19,10.341
6746,2001-04-20,9.998
6747,2001-04-21,9.487
6748,2001-04-22,8.986
6749,2001-04-23,8.593
6750,2001-04-24,8.207
6751,2001-04-25,7.826
6752,2001-04-26,10.771
6753,2001-04-27,9.186
6754,2001-04-28,8.593
6755,2001-04-29,8.016
6756,2001-04-30,7.733
6757,2001-03-01,12.431
6758,2001-03-02,10.102
6759,2001-03-03,8.986
6760,2001-03-04,10.206
6761,2001-03-05,9.793
6762,2001-03-06,8.496
6763,2001-03-07,7.639
6764,2001-03-08,7.826
6765,2001-03-09,16.529
6766,2001-03-10,10.626
6767,2001-03-11,22.597
6768,2001-03-12,15.981
6769,2001-03-13,11.509
6770,2001-03-14,9.386
6771,2001-03-15,8.496
6772,2001-03-16,8.016
6773,2001-03-17,7.826
6774,2001-03-18,7.453
6775,2001-03-19,7.087
6776,2001-03-20,8.207
6777,2001-03-21,7.826
6778,2001-03-22,7.733
6779,2001-03-23,7.639
6780,2001-03-24,8.593
6781,2001-03-25,7.921
6782,2001-03-26,7.639
6783,2001-03-27,7.546
6784,2001-03-28,7.269
6785,2001-03-29,9.186
6786,2001-03-30,9.186
6787,2001-03-31,13.069
6788,2001-02-01,22.159
6789,2001-02-02,19.836
6790,2001-02-03,17.276
6791,2001-02-04,15.443
6792,2001-02-05,13.724
6793,2001-02-06,12.431
6794,2001-02-07,24.86
6795,2001-02-08,22.818
6796,2001-02-09,20.247
6797,2001-02-10,23.713
6798,2001-02-11,26.759
6799,2001-02-12,70.065
6800,2001-02-13,139.661
6801,2001-02-14,101.76
6802,2001-02-15,31.323
6803,2001-02-16,22.377
6804,2001-02-17,12.431
6805,2001-02-18,9.691
6806,2001-02-19,10.341
6807,2001-02-20,9.896
6808,2001-02-21,8.986
6809,2001-02-22,8.888
6810,2001-02-23,8.399
6811,2001-02-24,9.086
6812,2001-02-25,8.593
6813,2001-02-26,8.207
6814,2001-02-27,11.21
6815,2001-02-28,8.986
6816,2001-01-01,149.723
6817,2001-01-02,151.654
6818,2001-01-03,103.313
6819,2001-01-04,57.793
6820,2001-01-05,51.274
6821,2001-01-06,36.875
6822,2001-01-07,27.986
6823,2001-01-08,21.511
6824,2001-01-09,18.237
6825,2001-01-10,25.093
6826,2001-01-11,25.563
6827,2001-01-12,20.664
6828,2001-01-13,17.466
6829,2001-01-14,14.569
6830,2001-01-15,13.069
6831,2001-01-16,12.589
6832,2001-01-17,11.66
6833,2001-01-18,19.429
6834,2001-01-19,17.088
6835,2001-01-20,15.266
6836,2001-01-21,13.231
6837,2001-01-22,21.085
6838,2001-01-23,18.63
6839,2001-01-24,15.981
6840,2001-01-25,14.059
6841,2001-01-26,12.908
6842,2001-01-27,11.66
6843,2001-01-28,10.206
6844,2001-01-29,10.916
6845,2001-01-30,12.748
6846,2001-01-31,16.529
6847,2000-12-01,28.235
6848,2000-12-02,51.977
6849,2000-12-03,27.738
6850,2000-12-04,18.63
6851,2000-12-05,14.059
6852,2000-12-06,32.392
6853,2000-12-07,24.397
6854,2000-12-08,19.632
6855,2000-12-09,14.741
6856,2000-12-10,13.231
6857,2000-12-11,12.119
6858,2000-12-12,11.359
6859,2000-12-13,10.626
6860,2000-12-14,9.998
6861,2000-12-15,9.589
6862,2000-12-16,8.986
6863,2000-12-17,10.102
6864,2000-12-18,11.359
6865,2000-12-19,11.812
6866,2000-12-20,14.741
6867,2000-12-21,18.237
6868,2000-12-22,23.487
6869,2000-12-23,21.726
6870,2000-12-24,17.276
6871,2000-12-25,14.398
6872,2000-12-26,17.088
6873,2000-12-27,21.085
6874,2000-12-28,19.632
6875,2000-12-29,15.8
6876,2000-12-30,36.009
6877,2000-12-31,76.048
6878,2000-11-01,7.453
6879,2000-11-02,7.087
6880,2000-11-03,7.826
6881,2000-11-04,8.399
6882,2000-11-05,7.639
6883,2000-11-06,7.087
6884,2000-11-07,8.016
6885,2000-11-08,12.119
6886,2000-11-09,10.483
6887,2000-11-10,8.986
6888,2000-11-11,8.302
6889,2000-11-12,7.546
6890,2000-11-13,7.178
6891,2000-11-14,7.826
6892,2000-11-15,20.664
6893,2000-11-16,15.09
6894,2000-11-17,10.916
6895,2000-11-18,11.965
6896,2000-11-19,9.793
6897,2000-11-20,8.986
6898,2000-11-21,8.593
6899,2000-11-22,10.102
6900,2000-11-23,11.66
6901,2000-11-24,9.386
6902,2000-11-25,8.207
6903,2000-11-26,21.511
6904,2000-11-27,18.828
6905,2000-11-28,12.589
6906,2000-11-29,10.916
6907,2000-11-30,16.714
6908,2000-10-01,8.302
6909,2000-10-02,8.986
6910,2000-10-03,8.593
6911,2000-10-04,8.207
6912,2000-10-05,7.826
6913,2000-10-06,11.21
6914,2000-10-07,21.941
6915,2000-10-08,22.597
6916,2000-10-09,15.621
6917,2000-10-10,11.66
6918,2000-10-11,9.896
6919,2000-10-12,9.086
6920,2000-10-13,8.399
6921,2000-10-14,8.016
6922,2000-10-15,7.826
6923,2000-10-16,7.639
6924,2000-10-17,7.453
6925,2000-10-18,7.087
6926,2000-10-19,6.906
6927,2000-10-20,6.906
6928,2000-10-21,9.386
6929,2000-10-22,8.789
6930,2000-10-23,8.207
6931,2000-10-24,7.453
6932,2000-10-25,7.087
6933,2000-10-26,6.728
6934,2000-10-27,6.551
6935,2000-10-28,6.906
6936,2000-10-29,9.793
6937,2000-10-30,8.986
6938,2000-10-31,8.111
6939,2000-09-01,6.996
6940,2000-09-02,27.002
6941,2000-09-03,17.657
6942,2000-09-04,49.199
6943,2000-09-05,38.343
6944,2000-09-06,17.466
6945,2000-09-07,12.589
6946,2000-09-08,11.21
6947,2000-09-09,10.206
6948,2000-09-10,9.286
6949,2000-09-11,8.789
6950,2000-09-12,8.496
6951,2000-09-13,8.207
6952,2000-09-14,8.207
6953,2000-09-15,8.691
6954,2000-09-16,8.302
6955,2000-09-17,8.986
6956,2000-09-18,10.771
6957,2000-09-19,10.483
6958,2000-09-20,8.593
6959,2000-09-21,8.016
6960,2000-09-22,7.639
6961,2000-09-23,8.016
6962,2000-09-24,7.639
6963,2000-09-25,10.483
6964,2000-09-26,11.063
6965,2000-09-27,10.341
6966,2000-09-28,9.793
6967,2000-09-29,9.589
6968,2000-09-30,8.888
6969,2000-08-01,6.996
6970,2000-08-02,6.906
6971,2000-08-03,6.906
6972,2000-08-04,9.386
6973,2000-08-05,10.483
6974,2000-08-06,8.399
6975,2000-08-07,7.546
6976,2000-08-08,7.178
6977,2000-08-09,7.087
6978,2000-08-10,6.906
6979,2000-08-11,7.087
6980,2000-08-12,12.589
6981,2000-08-13,9.386
6982,2000-08-14,8.399
6983,2000-08-15,7.826
6984,2000-08-16,7.826
6985,2000-08-17,8.302
6986,2000-08-18,8.593
6987,2000-08-19,8.111
6988,2000-08-20,7.546
6989,2000-08-21,7.178
6990,2000-08-22,6.996
6991,2000-08-23,6.906
6992,2000-08-24,6.906
6993,2000-08-25,6.906
6994,2000-08-26,6.817
6995,2000-08-27,6.817
6996,2000-08-28,7.361
6997,2000-08-29,9.386
6998,2000-08-30,8.207
6999,2000-08-31,7.453
7000,2000-07-01,8.302
7001,2000-07-02,8.207
7002,2000-07-03,8.399
7003,2000-07-04,13.231
7004,2000-07-05,22.377
7005,2000-07-06,11.359
7006,2000-07-07,8.399
7007,2000-07-08,7.826
7008,2000-07-09,7.453
7009,2000-07-10,7.453
7010,2000-07-11,7.361
7011,2000-07-12,7.269
7012,2000-07-13,7.269
7013,2000-07-14,7.546
7014,2000-07-15,7.453
7015,2000-07-16,9.487
7016,2000-07-17,13.891
7017,2000-07-18,8.789
7018,2000-07-19,8.016
7019,2000-07-20,7.453
7020,2000-07-21,7.639
7021,2000-07-22,7.269
7022,2000-07-23,7.269
7023,2000-07-24,8.986
7024,2000-07-25,8.399
7025,2000-07-26,7.639
7026,2000-07-27,7.361
7027,2000-07-28,7.269
7028,2000-07-29,7.178
7029,2000-07-30,7.087
7030,2000-07-31,6.996
7031,2000-06-01,9.186
7032,2000-06-02,9.086
7033,2000-06-03,8.986
7034,2000-06-04,8.986
7035,2000-06-05,8.888
7036,2000-06-06,8.789
7037,2000-06-07,8.789
7038,2000-06-08,8.691
7039,2000-06-09,8.691
7040,2000-06-10,8.691
7041,2000-06-11,8.593
7042,2000-06-12,8.593
7043,2000-06-13,8.593
7044,2000-06-14,8.496
7045,2000-06-15,8.496
7046,2000-06-16,8.399
7047,2000-06-17,8.399
7048,2000-06-18,8.207
7049,2000-06-19,8.111
7050,2000-06-20,8.016
7051,2000-06-21,8.207
7052,2000-06-22,10.483
7053,2000-06-23,10.206
7054,2000-06-24,10.102
7055,2000-06-25,9.998
7056,2000-06-26,9.793
7057,2000-06-27,9.589
7058,2000-06-28,8.789
7059,2000-06-29,8.399
7060,2000-06-30,8.399
7061,2000-05-01,11.063
7062,2000-05-02,10.626
7063,2000-05-03,10.341
7064,2000-05-04,9.896
7065,2000-05-05,9.589
7066,2000-05-06,17.466
7067,2000-05-07,17.466
7068,2000-05-08,17.088
7069,2000-05-09,19.027
7070,2000-05-10,22.159
7071,2000-05-11,20.874
7072,2000-05-12,19.836
7073,2000-05-13,16.345
7074,2000-05-14,14.228
7075,2000-05-15,11.21
7076,2000-05-16,9.896
7077,2000-05-17,8.496
7078,2000-05-18,8.593
7079,2000-05-19,9.487
7080,2000-05-20,11.063
7081,2000-05-21,13.069
7082,2000-05-22,13.069
7083,2000-05-23,12.589
7084,2000-05-24,12.275
7085,2000-05-25,11.66
7086,2000-05-26,10.341
7087,2000-05-27,9.691
7088,2000-05-28,9.589
7089,2000-05-29,9.487
7090,2000-05-30,9.386
7091,2000-05-31,9.286
7092,2000-04-01,27.986
7093,2000-04-02,30.273
7094,2000-04-03,46.176
7095,2000-04-04,46.507
7096,2000-04-05,34.873
7097,2000-04-06,27.491
7098,2000-04-07,16.9
7099,2000-04-08,15.09
7100,2000-04-09,14.741
7101,2000-04-10,14.741
7102,2000-04-11,14.569
7103,2000-04-12,13.891
7104,2000-04-13,13.891
7105,2000-04-14,12.275
7106,2000-04-15,12.275
7107,2000-04-16,17.466
7108,2000-04-17,15.981
7109,2000-04-18,16.345
7110,2000-04-19,13.559
7111,2000-04-20,13.891
7112,2000-04-21,14.228
7113,2000-04-22,14.741
7114,2000-04-23,17.466
7115,2000-04-24,17.849
7116,2000-04-25,19.429
7117,2000-04-26,16.162
7118,2000-04-27,14.741
7119,2000-04-28,14.228
7120,2000-04-29,17.466
7121,2000-04-30,13.891
7122,2000-03-01,12.589
7123,2000-03-02,13.069
7124,2000-03-03,13.891
7125,2000-03-04,136.598
7126,2000-03-05,76.486
7127,2000-03-06,54.478
7128,2000-03-07,25.327
7129,2000-03-08,16.345
7130,2000-03-09,14.741
7131,2000-03-10,21.085
7132,2000-03-11,70.483
7133,2000-03-12,37.752
7134,2000-03-13,40.454
7135,2000-03-14,21.941
7136,2000-03-15,18.63
7137,2000-03-16,17.849
7138,2000-03-17,17.849
7139,2000-03-18,27.986
7140,2000-03-19,31.588
7141,2000-03-20,19.836
7142,2000-03-21,25.327
7143,2000-03-22,30.014
7144,2000-03-23,26.517
7145,2000-03-24,26.759
7146,2000-03-25,26.037
7147,2000-03-26,23.713
7148,2000-03-27,25.093
7149,2000-03-28,23.04
7150,2000-03-29,29.244
7151,2000-03-30,37.166
7152,2000-03-31,28.737
7153,2000-02-01,12.589
7154,2000-02-02,12.908
7155,2000-02-03,12.431
7156,2000-02-04,12.748
7157,2000-02-05,20.041
7158,2000-02-06,38.047
7159,2000-02-07,14.569
7160,2000-02-08,20.455
7161,2000-02-09,20.247
7162,2000-02-10,22.377
7163,2000-02-11,12.431
7164,2000-02-12,36.585
7165,2000-02-13,80.944
7166,2000-02-14,46.507
7167,2000-02-15,24.397
7168,2000-02-16,25.563
7169,2000-02-17,24.168
7170,2000-02-18,14.398
7171,2000-02-19,14.569
7172,2000-02-20,15.981
7173,2000-02-21,13.069
7174,2000-02-22,13.231
7175,2000-02-23,12.748
7176,2000-02-24,12.908
7177,2000-02-25,12.431
7178,2000-02-26,14.059
7179,2000-02-27,14.398
7180,2000-02-28,14.228
7181,2000-02-29,12.431
7182,2000-01-01,12.275
7183,2000-01-02,21.941
7184,2000-01-03,20.455
7185,2000-01-04,16.714
7186,2000-01-05,13.891
7187,2000-01-06,19.227
7188,2000-01-07,22.377
7189,2000-01-08,22.597
7190,2000-01-09,17.466
7191,2000-01-10,22.818
7192,2000-01-11,20.041
7193,2000-01-12,13.891
7194,2000-01-13,14.569
7195,2000-01-14,13.231
7196,2000-01-15,12.748
7197,2000-01-16,12.748
7198,2000-01-17,14.398
7199,2000-01-18,12.589
7200,2000-01-19,49.199
7201,2000-01-20,27.002
7202,2000-01-21,25.327
7203,2000-01-22,23.94
7204,2000-01-23,24.86
7205,2000-01-24,21.726
7206,2000-01-25,15.8
7207,2000-01-26,18.237
7208,2000-01-27,14.398
7209,2000-01-28,15.981
7210,2000-01-29,13.724
7211,2000-01-30,12.748
7212,2000-01-31,14.569
7213,1999-12-01,15.09
7214,1999-12-02,15.09
7215,1999-12-03,25.327
7216,1999-12-04,20.247
7217,1999-12-05,18.828
7218,1999-12-06,20.455
7219,1999-12-07,20.247
7220,1999-12-08,25.093
7221,1999-12-09,57.793
7222,1999-12-10,72.595
7223,1999-12-11,39.541
7224,1999-12-12,23.94
7225,1999-12-13,24.86
7226,1999-12-14,21.726
7227,1999-12-15,20.041
7228,1999-12-16,21.726
7229,1999-12-17,16.345
7230,1999-12-18,15.621
7231,1999-12-19,14.569
7232,1999-12-20,19.632
7233,1999-12-21,20.247
7234,1999-12-22,17.849
7235,1999-12-23,41.068
7236,1999-12-24,28.737
7237,1999-12-25,12.431
7238,1999-12-26,12.589
7239,1999-12-27,14.059
7240,1999-12-28,13.724
7241,1999-12-29,12.748
7242,1999-12-30,12.275
7243,1999-12-31,13.559
7244,1999-11-01,12.431
7245,1999-11-02,15.8
7246,1999-11-03,13.394
7247,1999-11-04,14.398
7248,1999-11-05,14.228
7249,1999-11-06,15.8
7250,1999-11-07,14.228
7251,1999-11-08,13.394
7252,1999-11-09,12.908
7253,1999-11-10,41.688
7254,1999-11-11,38.047
7255,1999-11-12,19.429
7256,1999-11-13,16.529
7257,1999-11-14,26.037
7258,1999-11-15,42.628
7259,1999-11-16,32.123
7260,1999-11-17,18.828
7261,1999-11-18,20.874
7262,1999-11-19,16.9
7263,1999-11-20,16.162
7264,1999-11-21,15.8
7265,1999-11-22,13.559
7266,1999-11-23,56.306
7267,1999-11-24,26.277
7268,1999-11-25,19.429
7269,1999-11-26,48.179
7270,1999-11-27,36.585
7271,1999-11-28,18.433
7272,1999-11-29,18.043
7273,1999-11-30,17.657
7274,1999-10-01,13.891
7275,1999-10-02,14.398
7276,1999-10-03,19.632
7277,1999-10-04,20.455
7278,1999-10-05,26.277
7279,1999-10-06,23.94
7280,1999-10-07,14.059
7281,1999-10-08,15.266
7282,1999-10-09,14.228
7283,1999-10-10,14.398
7284,1999-10-11,12.275
7285,1999-10-12,12.589
7286,1999-10-13,13.394
7287,1999-10-14,12.908
7288,1999-10-15,12.908
7289,1999-10-16,12.275
7290,1999-10-17,17.657
7291,1999-10-18,18.433
7292,1999-10-19,19.227
7293,1999-10-20,21.726
7294,1999-10-21,23.94
7295,1999-10-22,42.944
7296,1999-10-23,63.96
7297,1999-10-24,34.035
7298,1999-10-25,18.63
7299,1999-10-26,16.345
7300,1999-10-27,16.345
7301,1999-10-28,15.09
7302,1999-10-29,14.398
7303,1999-10-30,13.891
7304,1999-10-31,13.231
7305,1999-09-01,12.589
7306,1999-09-02,12.908
7307,1999-09-03,13.069
7308,1999-09-04,12.431
7309,1999-09-05,12.748
7310,1999-09-06,12.431
7311,1999-09-07,12.275
7312,1999-09-08,12.431
7313,1999-09-09,12.589
7314,1999-09-10,12.908
7315,1999-09-11,14.398
7316,1999-09-12,13.891
7317,1999-09-13,14.228
7318,1999-09-14,17.657
7319,1999-09-15,18.043
7320,1999-09-16,18.433
7321,1999-09-17,17.088
7322,1999-09-18,14.915
7323,1999-09-19,14.398
7324,1999-09-20,13.891
7325,1999-09-21,14.398
7326,1999-09-22,18.63
7327,1999-09-23,15.8
7328,1999-09-24,16.162
7329,1999-09-25,24.628
7330,1999-09-26,26.277
7331,1999-09-27,30.014
7332,1999-09-28,15.981
7333,1999-09-29,15.09
7334,1999-09-30,14.398
7335,1999-08-01,12.431
7336,1999-08-02,15.8
7337,1999-08-03,18.043
7338,1999-08-04,24.628
7339,1999-08-05,24.86
7340,1999-08-06,12.748
7341,1999-08-07,13.069
7342,1999-08-08,23.713
7343,1999-08-09,28.235
7344,1999-08-10,14.228
7345,1999-08-11,15.443
7346,1999-08-12,12.908
7347,1999-08-13,12.908
7348,1999-08-14,12.748
7349,1999-08-15,12.431
7350,1999-08-16,12.908
7351,1999-08-17,14.059
7352,1999-08-18,14.228
7353,1999-08-19,14.228
7354,1999-08-20,14.741
7355,1999-08-21,18.043
7356,1999-08-22,13.394
7357,1999-08-23,12.589
7358,1999-08-24,12.275
7359,1999-08-25,13.891
7360,1999-08-26,12.589
7361,1999-08-27,12.275
7362,1999-08-28,11.21
7363,1999-08-29,11.965
7364,1999-08-30,12.431
7365,1999-08-31,12.275
7366,1999-07-01,14.228
7367,1999-07-02,18.828
7368,1999-07-03,22.597
7369,1999-07-04,16.529
7370,1999-07-05,13.559
7371,1999-07-06,21.085
7372,1999-07-07,27.002
7373,1999-07-08,18.63
7374,1999-07-09,13.069
7375,1999-07-10,12.589
7376,1999-07-11,24.168
7377,1999-07-12,15.8
7378,1999-07-13,12.431
7379,1999-07-14,12.748
7380,1999-07-15,12.908
7381,1999-07-16,12.908
7382,1999-07-17,13.231
7383,1999-07-18,14.398
7384,1999-07-19,17.849
7385,1999-07-20,27.002
7386,1999-07-21,19.836
7387,1999-07-22,17.657
7388,1999-07-23,12.275
7389,1999-07-24,12.589
7390,1999-07-25,12.908
7391,1999-07-26,14.569
7392,1999-07-27,14.398
7393,1999-07-28,13.891
7394,1999-07-29,12.431
7395,1999-07-30,14.228
7396,1999-07-31,14.228
7397,1999-06-01,14.398
7398,1999-06-02,13.891
7399,1999-06-03,13.891
7400,1999-06-04,13.394
7401,1999-06-05,13.559
7402,1999-06-06,20.455
7403,1999-06-07,29.244
7404,1999-06-08,20.455
7405,1999-06-09,17.657
7406,1999-06-10,15.8
7407,1999-06-11,17.657
7408,1999-06-12,15.443
7409,1999-06-13,14.059
7410,1999-06-14,13.069
7411,1999-06-15,14.059
7412,1999-06-16,14.059
7413,1999-06-17,14.228
7414,1999-06-18,14.059
7415,1999-06-19,12.908
7416,1999-06-20,13.069
7417,1999-06-21,12.431
7418,1999-06-22,12.748
7419,1999-06-23,28.485
7420,1999-06-24,24.86
7421,1999-06-25,14.398
7422,1999-06-26,13.069
7423,1999-06-27,12.431
7424,1999-06-28,29.244
7425,1999-06-29,21.511
7426,1999-06-30,18.043
7427,1999-05-01,19.632
7428,1999-05-02,14.059
7429,1999-05-03,12.748
7430,1999-05-04,12.589
7431,1999-05-05,13.069
7432,1999-05-06,14.059
7433,1999-05-07,13.069
7434,1999-05-08,12.431
7435,1999-05-09,13.069
7436,1999-05-10,12.431
7437,1999-05-11,15.981
7438,1999-05-12,14.059
7439,1999-05-13,15.8
7440,1999-05-14,13.394
7441,1999-05-15,13.231
7442,1999-05-16,13.069
7443,1999-05-17,13.069
7444,1999-05-18,11.812
7445,1999-05-19,11.965
7446,1999-05-20,12.275
7447,1999-05-21,12.748
7448,1999-05-22,12.748
7449,1999-05-23,12.275
7450,1999-05-24,13.069
7451,1999-05-25,12.748
7452,1999-05-26,13.231
7453,1999-05-27,13.069
7454,1999-05-28,15.621
7455,1999-05-29,18.433
7456,1999-05-30,14.915
7457,1999-05-31,16.162
7458,1999-04-01,86.483
7459,1999-04-02,73.022
7460,1999-04-03,43.261
7461,1999-04-04,42.944
7462,1999-04-05,40.454
7463,1999-04-06,38.047
7464,1999-04-07,42.628
7465,1999-04-08,22.818
7466,1999-04-09,23.04
7467,1999-04-10,24.168
7468,1999-04-11,60.832
7469,1999-04-12,25.093
7470,1999-04-13,17.657
7471,1999-04-14,23.487
7472,1999-04-15,20.874
7473,1999-04-16,18.828
7474,1999-04-17,24.397
7475,1999-04-18,14.569
7476,1999-04-19,15.8
7477,1999-04-20,14.741
7478,1999-04-21,32.392
7479,1999-04-22,20.455
7480,1999-04-23,15.8
7481,1999-04-24,15.8
7482,1999-04-25,14.059
7483,1999-04-26,15.266
7484,1999-04-27,16.529
7485,1999-04-28,13.724
7486,1999-04-29,18.433
7487,1999-04-30,14.059
7488,1999-03-01,12.275
7489,1999-03-02,13.231
7490,1999-03-03,17.276
7491,1999-03-04,16.529
7492,1999-03-05,26.277
7493,1999-03-06,26.037
7494,1999-03-07,48.518
7495,1999-03-08,22.818
7496,1999-03-09,23.487
7497,1999-03-10,29.499
7498,1999-03-11,27.246
7499,1999-03-12,29.499
7500,1999-03-13,96.178
7501,1999-03-14,62.385
7502,1999-03-15,37.458
7503,1999-03-16,45.193
7504,1999-03-17,30.795
7505,1999-03-18,27.491
7506,1999-03-19,24.628
7507,1999-03-20,22.159
7508,1999-03-21,21.297
7509,1999-03-22,20.247
7510,1999-03-23,30.534
7511,1999-03-24,34.313
7512,1999-03-25,27.738
7513,1999-03-26,31.058
7514,1999-03-27,22.597
7515,1999-03-28,20.874
7516,1999-03-29,20.247
7517,1999-03-30,39.541
7518,1999-03-31,75.611
7519,1999-02-01,25.799
7520,1999-02-02,28.737
7521,1999-02-03,26.277
7522,1999-02-04,19.227
7523,1999-02-05,15.981
7524,1999-02-06,18.63
7525,1999-02-07,14.915
7526,1999-02-08,16.162
7527,1999-02-09,30.795
7528,1999-02-10,19.632
7529,1999-02-11,23.263
7530,1999-02-12,30.273
7531,1999-02-13,34.592
7532,1999-02-14,69.232
7533,1999-02-15,26.037
7534,1999-02-16,21.726
7535,1999-02-17,18.433
7536,1999-02-18,16.529
7537,1999-02-19,14.059
7538,1999-02-20,14.228
7539,1999-02-21,13.891
7540,1999-02-22,12.589
7541,1999-02-23,12.748
7542,1999-02-24,13.231
7543,1999-02-25,14.398
7544,1999-02-26,12.908
7545,1999-02-27,13.231
7546,1999-02-28,13.394
7547,1999-01-01,17.276
7548,1999-01-02,42.944
7549,1999-01-03,39.844
7550,1999-01-04,53.398
7551,1999-01-05,42.314
7552,1999-01-06,31.855
7553,1999-01-07,29.244
7554,1999-01-08,62.777
7555,1999-01-09,48.179
7556,1999-01-10,19.429
7557,1999-01-11,17.466
7558,1999-01-12,27.002
7559,1999-01-13,19.227
7560,1999-01-14,28.99
7561,1999-01-15,28.737
7562,1999-01-16,26.277
7563,1999-01-17,20.455
7564,1999-01-18,15.8
7565,1999-01-19,13.394
7566,1999-01-20,19.027
7567,1999-01-21,23.94
7568,1999-01-22,13.069
7569,1999-01-23,12.748
7570,1999-01-24,24.628
7571,1999-01-25,18.433
7572,1999-01-26,15.09
7573,1999-01-27,13.069
7574,1999-01-28,18.237
7575,1999-01-29,19.632
7576,1999-01-30,26.277
7577,1999-01-31,21.726
7578,1998-12-01,19.632
7579,1998-12-02,24.397
7580,1998-12-03,21.297
7581,1998-12-04,20.247
7582,1998-12-05,13.231
7583,1998-12-06,15.8
7584,1998-12-07,24.86
7585,1998-12-08,24.397
7586,1998-12-09,22.377
7587,1998-12-10,20.664
7588,1998-12-11,19.836
7589,1998-12-12,18.043
7590,1998-12-13,17.276
7591,1998-12-14,16.529
7592,1998-12-15,14.915
7593,1998-12-16,20.664
7594,1998-12-17,16.529
7595,1998-12-18,15.443
7596,1998-12-19,17.276
7597,1998-12-20,17.276
7598,1998-12-21,12.275
7599,1998-12-22,14.059
7600,1998-12-23,17.276
7601,1998-12-24,100.732
7602,1998-12-25,94.687
7603,1998-12-26,70.483
7604,1998-12-27,76.048
7605,1998-12-28,69.648
7606,1998-12-29,62.385
7607,1998-12-30,46.838
7608,1998-12-31,40.148
7609,1998-11-01,25.799
7610,1998-11-02,60.832
7611,1998-11-03,25.093
7612,1998-11-04,23.04
7613,1998-11-05,20.664
7614,1998-11-06,18.63
7615,1998-11-07,17.657
7616,1998-11-08,17.657
7617,1998-11-09,20.664
7618,1998-11-10,17.849
7619,1998-11-11,31.588
7620,1998-11-12,48.857
7621,1998-11-13,57.047
7622,1998-11-14,22.597
7623,1998-11-15,23.487
7624,1998-11-16,18.828
7625,1998-11-17,30.014
7626,1998-11-18,53.757
7627,1998-11-19,55.571
7628,1998-11-20,39.24
7629,1998-11-21,87.426
7630,1998-11-22,43.9
7631,1998-11-23,34.592
7632,1998-11-24,23.263
7633,1998-11-25,22.377
7634,1998-11-26,46.176
7635,1998-11-27,60.832
7636,1998-11-28,61.606
7637,1998-11-29,43.9
7638,1998-11-30,27.986
7639,1998-10-01,44.221
7640,1998-10-02,53.398
7641,1998-10-03,55.205
7642,1998-10-04,35.155
7643,1998-10-05,21.085
7644,1998-10-06,21.511
7645,1998-10-07,19.027
7646,1998-10-08,22.377
7647,1998-10-09,20.247
7648,1998-10-10,19.027
7649,1998-10-11,16.529
7650,1998-10-12,16.714
7651,1998-10-13,17.657
7652,1998-10-14,18.237
7653,1998-10-15,17.657
7654,1998-10-16,16.162
7655,1998-10-17,15.981
7656,1998-10-18,18.237
7657,1998-10-19,18.433
7658,1998-10-20,19.227
7659,1998-10-21,16.714
7660,1998-10-22,15.266
7661,1998-10-23,14.741
7662,1998-10-24,14.398
7663,1998-10-25,53.757
7664,1998-10-26,68.819
7665,1998-10-27,55.205
7666,1998-10-28,33.758
7667,1998-10-29,21.297
7668,1998-10-30,39.541
7669,1998-10-31,51.977
7670,1998-09-01,14.915
7671,1998-09-02,12.908
7672,1998-09-03,10.771
7673,1998-09-04,10.771
7674,1998-09-05,10.771
7675,1998-09-06,10.916
7676,1998-09-07,10.916
7677,1998-09-08,10.771
7678,1998-09-09,10.771
7679,1998-09-10,30.795
7680,1998-09-11,18.237
7681,1998-09-12,14.569
7682,1998-09-13,13.724
7683,1998-09-14,11.66
7684,1998-09-15,10.916
7685,1998-09-16,23.04
7686,1998-09-17,23.713
7687,1998-09-18,14.569
7688,1998-09-19,12.275
7689,1998-09-20,18.043
7690,1998-09-21,20.664
7691,1998-09-22,21.726
7692,1998-09-23,16.714
7693,1998-09-24,21.726
7694,1998-09-25,16.162
7695,1998-09-26,15.266
7696,1998-09-27,14.569
7697,1998-09-28,13.394
7698,1998-09-29,13.069
7699,1998-09-30,23.04
7700,1998-08-01,12.431
7701,1998-08-02,12.119
7702,1998-08-03,12.748
7703,1998-08-04,12.119
7704,1998-08-05,11.812
7705,1998-08-06,11.66
7706,1998-08-07,11.965
7707,1998-08-08,11.965
7708,1998-08-09,11.965
7709,1998-08-10,13.724
7710,1998-08-11,17.088
7711,1998-08-12,13.724
7712,1998-08-13,12.908
7713,1998-08-14,12.431
7714,1998-08-15,11.812
7715,1998-08-16,11.509
7716,1998-08-17,11.063
7717,1998-08-18,11.359
7718,1998-08-19,11.66
7719,1998-08-20,11.965
7720,1998-08-21,10.916
7721,1998-08-22,10.916
7722,1998-08-23,27.246
7723,1998-08-24,15.09
7724,1998-08-25,13.231
7725,1998-08-26,11.063
7726,1998-08-27,10.626
7727,1998-08-28,10.626
7728,1998-08-29,10.916
7729,1998-08-30,16.714
7730,1998-08-31,16.9
7731,1998-07-01,12.431
7732,1998-07-02,12.275
7733,1998-07-03,12.275
7734,1998-07-04,11.965
7735,1998-07-05,24.86
7736,1998-07-06,15.266
7737,1998-07-07,13.724
7738,1998-07-08,13.231
7739,1998-07-09,12.908
7740,1998-07-10,16.162
7741,1998-07-11,14.228
7742,1998-07-12,13.394
7743,1998-07-13,12.908
7744,1998-07-14,12.748
7745,1998-07-15,12.748
7746,1998-07-16,12.431
7747,1998-07-17,12.119
7748,1998-07-18,12.431
7749,1998-07-19,12.275
7750,1998-07-20,12.119
7751,1998-07-21,12.275
7752,1998-07-22,12.119
7753,1998-07-23,12.275
7754,1998-07-24,12.431
7755,1998-07-25,12.275
7756,1998-07-26,12.119
7757,1998-07-27,11.965
7758,1998-07-28,11.965
7759,1998-07-29,11.965
7760,1998-07-30,13.069
7761,1998-07-31,13.069
7762,1998-06-01,18.828
7763,1998-06-02,18.433
7764,1998-06-03,18.237
7765,1998-06-04,17.849
7766,1998-06-05,17.657
7767,1998-06-06,15.8
7768,1998-06-07,15.443
7769,1998-06-08,14.569
7770,1998-06-09,13.724
7771,1998-06-10,13.559
7772,1998-06-11,13.394
7773,1998-06-12,14.398
7774,1998-06-13,14.228
7775,1998-06-14,13.724
7776,1998-06-15,13.559
7777,1998-06-16,13.559
7778,1998-06-17,13.231
7779,1998-06-18,12.908
7780,1998-06-19,12.431
7781,1998-06-20,13.069
7782,1998-06-21,13.394
7783,1998-06-22,13.069
7784,1998-06-23,12.589
7785,1998-06-24,12.275
7786,1998-06-25,24.86
7787,1998-06-26,19.027
7788,1998-06-27,15.09
7789,1998-06-28,14.228
7790,1998-06-29,13.231
7791,1998-06-30,12.748
7792,1998-05-01,15.981
7793,1998-05-02,15.981
7794,1998-05-03,15.621
7795,1998-05-04,15.981
7796,1998-05-05,16.9
7797,1998-05-06,18.043
7798,1998-05-07,17.849
7799,1998-05-08,17.466
7800,1998-05-09,17.276
7801,1998-05-10,17.088
7802,1998-05-11,17.276
7803,1998-05-12,15.981
7804,1998-05-13,15.621
7805,1998-05-14,15.621
7806,1998-05-15,15.443
7807,1998-05-16,15.266
7808,1998-05-17,14.915
7809,1998-05-18,14.741
7810,1998-05-19,14.741
7811,1998-05-20,14.741
7812,1998-05-21,14.569
7813,1998-05-22,14.398
7814,1998-05-23,14.398
7815,1998-05-24,14.228
7816,1998-05-25,14.228
7817,1998-05-26,14.059
7818,1998-05-27,14.059
7819,1998-05-28,13.891
7820,1998-05-29,14.398
7821,1998-05-30,15.8
7822,1998-05-31,16.162
7823,1998-04-01,30.795
7824,1998-04-02,51.977
7825,1998-04-03,50.23
7826,1998-04-04,37.458
7827,1998-04-05,30.795
7828,1998-04-06,26.759
7829,1998-04-07,25.327
7830,1998-04-08,24.628
7831,1998-04-09,25.563
7832,1998-04-10,23.94
7833,1998-04-11,22.818
7834,1998-04-12,22.597
7835,1998-04-13,22.377
7836,1998-04-14,21.941
7837,1998-04-15,21.726
7838,1998-04-16,21.511
7839,1998-04-17,21.511
7840,1998-04-18,21.297
7841,1998-04-19,21.511
7842,1998-04-20,21.085
7843,1998-04-21,20.041
7844,1998-04-22,19.227
7845,1998-04-23,18.63
7846,1998-04-24,18.433
7847,1998-04-25,18.043
7848,1998-04-26,17.657
7849,1998-04-27,17.276
7850,1998-04-28,16.529
7851,1998-04-29,16.162
7852,1998-04-30,15.981
7853,1998-03-01,39.24
7854,1998-03-02,30.795
7855,1998-03-03,30.534
7856,1998-03-04,30.273
7857,1998-03-05,29.756
7858,1998-03-06,27.246
7859,1998-03-07,22.377
7860,1998-03-08,21.941
7861,1998-03-09,21.511
7862,1998-03-10,21.297
7863,1998-03-11,29.499
7864,1998-03-12,29.756
7865,1998-03-13,34.873
7866,1998-03-14,35.439
7867,1998-03-15,32.123
7868,1998-03-16,30.795
7869,1998-03-17,29.244
7870,1998-03-18,26.759
7871,1998-03-19,25.093
7872,1998-03-20,24.397
7873,1998-03-21,23.713
7874,1998-03-22,22.818
7875,1998-03-23,22.159
7876,1998-03-24,21.726
7877,1998-03-25,20.874
7878,1998-03-26,47.172
7879,1998-03-27,28.485
7880,1998-03-28,23.487
7881,1998-03-29,22.818
7882,1998-03-30,27.002
7883,1998-03-31,25.563
7884,1998-02-01,12.431
7885,1998-02-02,11.509
7886,1998-02-03,11.063
7887,1998-02-04,10.771
7888,1998-02-05,10.206
7889,1998-02-06,9.896
7890,1998-02-07,9.691
7891,1998-02-08,9.691
7892,1998-02-09,9.998
7893,1998-02-10,9.793
7894,1998-02-11,10.626
7895,1998-02-12,201.485
7896,1998-02-13,128.223
7897,1998-02-14,63.564
7898,1998-02-15,121.853
7899,1998-02-16,116.22
7900,1998-02-17,63.17
7901,1998-02-18,82.767
7902,1998-02-19,62.385
7903,1998-02-20,49.199
7904,1998-02-21,41.068
7905,1998-02-22,38.047
7906,1998-02-23,33.482
7907,1998-02-24,37.752
7908,1998-02-25,38.94
7909,1998-02-26,32.935
7910,1998-02-27,29.756
7911,1998-02-28,28.485
7912,1998-01-01,9.487
7913,1998-01-02,10.483
7914,1998-01-03,18.433
7915,1998-01-04,21.511
7916,1998-01-05,17.849
7917,1998-01-06,13.069
7918,1998-01-07,16.9
7919,1998-01-08,24.628
7920,1998-01-09,138.431
7921,1998-01-10,70.065
7922,1998-01-11,42.314
7923,1998-01-12,34.313
7924,1998-01-13,28.235
7925,1998-01-14,23.263
7926,1998-01-15,26.517
7927,1998-01-16,19.227
7928,1998-01-17,34.873
7929,1998-01-18,27.738
7930,1998-01-19,23.04
7931,1998-01-20,22.818
7932,1998-01-21,23.263
7933,1998-01-22,16.9
7934,1998-01-23,14.569
7935,1998-01-24,13.394
7936,1998-01-25,11.509
7937,1998-01-26,13.891
7938,1998-01-27,16.714
7939,1998-01-28,15.981
7940,1998-01-29,15.443
7941,1998-01-30,13.724
7942,1998-01-31,12.908
7943,1997-12-01,10.916
7944,1997-12-02,10.102
7945,1997-12-03,12.275
7946,1997-12-04,10.626
7947,1997-12-05,14.059
7948,1997-12-06,11.509
7949,1997-12-07,10.102
7950,1997-12-08,13.069
7951,1997-12-09,10.916
7952,1997-12-10,9.589
7953,1997-12-11,9.998
7954,1997-12-12,10.483
7955,1997-12-13,10.206
7956,1997-12-14,9.793
7957,1997-12-15,9.286
7958,1997-12-16,28.99
7959,1997-12-17,61.218
7960,1997-12-18,34.313
7961,1997-12-19,25.327
7962,1997-12-20,19.836
7963,1997-12-21,12.908
7964,1997-12-22,10.341
7965,1997-12-23,10.341
7966,1997-12-24,9.998
7967,1997-12-25,9.793
7968,1997-12-26,10.341
7969,1997-12-27,10.206
7970,1997-12-28,9.691
7971,1997-12-29,17.466
7972,1997-12-30,12.275
7973,1997-12-31,8.496
7974,1997-11-01,7.639
7975,1997-11-02,7.453
7976,1997-11-03,7.269
7977,1997-11-04,7.087
7978,1997-11-05,8.888
7979,1997-11-06,12.589
7980,1997-11-07,9.186
7981,1997-11-08,13.891
7982,1997-11-09,10.206
7983,1997-11-10,9.589
7984,1997-11-11,8.789
7985,1997-11-12,8.207
7986,1997-11-13,7.733
7987,1997-11-14,7.733
7988,1997-11-15,10.102
7989,1997-11-16,13.069
7990,1997-11-17,9.793
7991,1997-11-18,8.888
7992,1997-11-19,11.359
7993,1997-11-20,13.069
7994,1997-11-21,10.483
7995,1997-11-22,13.069
7996,1997-11-23,10.102
7997,1997-11-24,13.069
7998,1997-11-25,17.466
7999,1997-11-26,30.534
8000,1997-11-27,21.726
8001,1997-11-28,19.429
8002,1997-11-29,16.9
8003,1997-11-30,13.069
8004,1997-10-01,8.496
8005,1997-10-02,8.986
8006,1997-10-03,8.691
8007,1997-10-04,8.496
8008,1997-10-05,7.361
8009,1997-10-06,6.996
8010,1997-10-07,6.906
8011,1997-10-08,6.728
8012,1997-10-09,7.178
8013,1997-10-10,6.996
8014,1997-10-11,6.728
8015,1997-10-12,6.639
8016,1997-10-13,6.463
8017,1997-10-14,6.375
8018,1997-10-15,6.639
8019,1997-10-16,6.728
8020,1997-10-17,9.589
8021,1997-10-18,13.069
8022,1997-10-19,9.386
8023,1997-10-20,7.453
8024,1997-10-21,12.275
8025,1997-10-22,13.891
8026,1997-10-23,11.509
8027,1997-10-24,8.789
8028,1997-10-25,8.399
8029,1997-10-26,9.086
8030,1997-10-27,12.908
8031,1997-10-28,10.102
8032,1997-10-29,8.888
8033,1997-10-30,8.111
8034,1997-10-31,7.826
8035,1997-09-01,6.906
8036,1997-09-02,6.817
8037,1997-09-03,6.817
8038,1997-09-04,6.728
8039,1997-09-05,6.728
8040,1997-09-06,6.817
8041,1997-09-07,6.817
8042,1997-09-08,6.728
8043,1997-09-09,6.728
8044,1997-09-10,6.639
8045,1997-09-11,6.728
8046,1997-09-12,8.399
8047,1997-09-13,7.453
8048,1997-09-14,6.996
8049,1997-09-15,6.728
8050,1997-09-16,8.986
8051,1997-09-17,8.888
8052,1997-09-18,8.302
8053,1997-09-19,7.453
8054,1997-09-20,6.996
8055,1997-09-21,6.906
8056,1997-09-22,7.546
8057,1997-09-23,7.361
8058,1997-09-24,7.178
8059,1997-09-25,6.996
8060,1997-09-26,6.906
8061,1997-09-27,13.891
8062,1997-09-28,8.789
8063,1997-09-29,8.302
8064,1997-09-30,7.546
8065,1997-08-01,6.906
8066,1997-08-02,6.906
8067,1997-08-03,6.906
8068,1997-08-04,6.817
8069,1997-08-05,6.728
8070,1997-08-06,18.433
8071,1997-08-07,13.891
8072,1997-08-08,9.691
8073,1997-08-09,14.741
8074,1997-08-10,10.341
8075,1997-08-11,9.086
8076,1997-08-12,8.111
8077,1997-08-13,7.733
8078,1997-08-14,7.639
8079,1997-08-15,7.639
8080,1997-08-16,7.546
8081,1997-08-17,7.453
8082,1997-08-18,7.453
8083,1997-08-19,7.361
8084,1997-08-20,7.269
8085,1997-08-21,7.087
8086,1997-08-22,6.996
8087,1997-08-23,6.906
8088,1997-08-24,7.087
8089,1997-08-25,7.178
8090,1997-08-26,7.178
8091,1997-08-27,7.087
8092,1997-08-28,6.996
8093,1997-08-29,6.906
8094,1997-08-30,6.906
8095,1997-08-31,6.906
8096,1997-07-01,8.207
8097,1997-07-02,8.496
8098,1997-07-03,8.302
8099,1997-07-04,8.016
8100,1997-07-05,7.921
8101,1997-07-06,7.826
8102,1997-07-07,7.733
8103,1997-07-08,7.639
8104,1997-07-09,7.546
8105,1997-07-10,7.453
8106,1997-07-11,7.453
8107,1997-07-12,7.546
8108,1997-07-13,7.453
8109,1997-07-14,7.361
8110,1997-07-15,7.269
8111,1997-07-16,7.178
8112,1997-07-17,7.178
8113,1997-07-18,7.178
8114,1997-07-19,7.087
8115,1997-07-20,7.178
8116,1997-07-21,7.269
8117,1997-07-22,7.269
8118,1997-07-23,7.178
8119,1997-07-24,7.269
8120,1997-07-25,7.269
8121,1997-07-26,7.178
8122,1997-07-27,7.178
8123,1997-07-28,7.178
8124,1997-07-29,6.996
8125,1997-07-30,6.996
8126,1997-07-31,6.996
8127,1997-06-01,10.916
8128,1997-06-02,10.916
8129,1997-06-03,10.771
8130,1997-06-04,10.341
8131,1997-06-05,10.206
8132,1997-06-06,10.341
8133,1997-06-07,10.102
8134,1997-06-08,9.691
8135,1997-06-09,9.086
8136,1997-06-10,8.691
8137,1997-06-11,8.593
8138,1997-06-12,8.593
8139,1997-06-13,8.593
8140,1997-06-14,8.496
8141,1997-06-15,8.496
8142,1997-06-16,8.496
8143,1997-06-17,8.593
8144,1997-06-18,8.399
8145,1997-06-19,8.302
8146,1997-06-20,8.302
8147,1997-06-21,8.207
8148,1997-06-22,8.111
8149,1997-06-23,8.016
8150,1997-06-24,7.921
8151,1997-06-25,7.826
8152,1997-06-26,7.826
8153,1997-06-27,7.733
8154,1997-06-28,7.639
8155,1997-06-29,7.639
8156,1997-06-30,7.639
8157,1997-05-01,18.63
8158,1997-05-02,18.043
8159,1997-05-03,17.849
8160,1997-05-04,17.849
8161,1997-05-05,17.466
8162,1997-05-06,17.276
8163,1997-05-07,17.088
8164,1997-05-08,16.9
8165,1997-05-09,16.529
8166,1997-05-10,16.345
8167,1997-05-11,15.8
8168,1997-05-12,15.443
8169,1997-05-13,14.569
8170,1997-05-14,14.569
8171,1997-05-15,14.398
8172,1997-05-16,14.228
8173,1997-05-17,14.059
8174,1997-05-18,13.891
8175,1997-05-19,13.891
8176,1997-05-20,13.724
8177,1997-05-21,13.559
8178,1997-05-22,13.069
8179,1997-05-23,12.908
8180,1997-05-24,12.431
8181,1997-05-25,11.812
8182,1997-05-26,11.359
8183,1997-05-27,11.359
8184,1997-05-28,11.359
8185,1997-05-29,11.21
8186,1997-05-30,11.063
8187,1997-05-31,11.063
8188,1997-04-01,16.9
8189,1997-04-02,20.041
8190,1997-04-03,23.04
8191,1997-04-04,20.664
8192,1997-04-05,17.276
8193,1997-04-06,16.529
8194,1997-04-07,15.981
8195,1997-04-08,15.621
8196,1997-04-09,15.621
8197,1997-04-10,15.266
8198,1997-04-11,15.09
8199,1997-04-12,15.09
8200,1997-04-13,14.915
8201,1997-04-14,14.741
8202,1997-04-15,14.569
8203,1997-04-16,14.228
8204,1997-04-17,14.059
8205,1997-04-18,13.891
8206,1997-04-19,13.891
8207,1997-04-20,13.559
8208,1997-04-21,13.231
8209,1997-04-22,13.069
8210,1997-04-23,13.069
8211,1997-04-24,12.908
8212,1997-04-25,12.748
8213,1997-04-26,12.589
8214,1997-04-27,12.119
8215,1997-04-28,14.569
8216,1997-04-29,16.714
8217,1997-04-30,18.237
8218,1997-03-01,23.263
8219,1997-03-02,18.433
8220,1997-03-03,16.162
8221,1997-03-04,15.443
8222,1997-03-05,14.228
8223,1997-03-06,13.559
8224,1997-03-07,12.589
8225,1997-03-08,12.275
8226,1997-03-09,11.965
8227,1997-03-10,11.965
8228,1997-03-11,11.509
8229,1997-03-12,11.063
8230,1997-03-13,10.626
8231,1997-03-14,13.724
8232,1997-03-15,24.397
8233,1997-03-16,18.433
8234,1997-03-17,19.027
8235,1997-03-18,22.597
8236,1997-03-19,21.085
8237,1997-03-20,19.227
8238,1997-03-21,18.63
8239,1997-03-22,17.849
8240,1997-03-23,16.162
8241,1997-03-24,15.266
8242,1997-03-25,15.09
8243,1997-03-26,14.741
8244,1997-03-27,14.569
8245,1997-03-28,13.891
8246,1997-03-29,13.724
8247,1997-03-30,13.394
8248,1997-03-31,13.394
8249,1997-02-01,22.597
8250,1997-02-02,21.297
8251,1997-02-03,20.041
8252,1997-02-04,19.027
8253,1997-02-05,18.043
8254,1997-02-06,17.466
8255,1997-02-07,16.9
8256,1997-02-08,16.9
8257,1997-02-09,15.621
8258,1997-02-10,15.266
8259,1997-02-11,15.09
8260,1997-02-12,15.09
8261,1997-02-13,14.741
8262,1997-02-14,14.741
8263,1997-02-15,14.741
8264,1997-02-16,15.981
8265,1997-02-17,16.162
8266,1997-02-18,15.09
8267,1997-02-19,14.741
8268,1997-02-20,14.398
8269,1997-02-21,14.228
8270,1997-02-22,14.059
8271,1997-02-23,14.059
8272,1997-02-24,13.559
8273,1997-02-25,13.394
8274,1997-02-26,20.455
8275,1997-02-27,19.836
8276,1997-02-28,24.168
8277,1997-01-01,67.995
8278,1997-01-02,37.752
8279,1997-01-03,26.037
8280,1997-01-04,20.455
8281,1997-01-05,17.849
8282,1997-01-06,16.345
8283,1997-01-07,15.09
8284,1997-01-08,18.828
8285,1997-01-09,22.818
8286,1997-01-10,26.759
8287,1997-01-11,30.534
8288,1997-01-12,23.263
8289,1997-01-13,20.041
8290,1997-01-14,35.723
8291,1997-01-15,70.902
8292,1997-01-16,114.56
8293,1997-01-17,98.187
8294,1997-01-18,57.419
8295,1997-01-19,44.221
8296,1997-01-20,42.628
8297,1997-01-21,42.314
8298,1997-01-22,34.592
8299,1997-01-23,26.517
8300,1997-01-24,23.04
8301,1997-01-25,18.828
8302,1997-01-26,17.849
8303,1997-01-27,17.466
8304,1997-01-28,23.713
8305,1997-01-29,24.86
8306,1997-01-30,23.487
8307,1997-01-31,23.263
8308,1996-12-01,13.394
8309,1996-12-02,12.431
8310,1996-12-03,11.965
8311,1996-12-04,11.66
8312,1996-12-05,11.812
8313,1996-12-06,14.398
8314,1996-12-07,17.657
8315,1996-12-08,22.377
8316,1996-12-09,27.246
8317,1996-12-10,30.534
8318,1996-12-11,24.86
8319,1996-12-12,19.836
8320,1996-12-13,16.9
8321,1996-12-14,15.09
8322,1996-12-15,14.741
8323,1996-12-16,14.398
8324,1996-12-17,14.059
8325,1996-12-18,14.059
8326,1996-12-19,16.529
8327,1996-12-20,16.714
8328,1996-12-21,15.266
8329,1996-12-22,20.247
8330,1996-12-23,30.273
8331,1996-12-24,41.068
8332,1996-12-25,56.306
8333,1996-12-26,41.068
8334,1996-12-27,22.597
8335,1996-12-28,16.9
8336,1996-12-29,36.585
8337,1996-12-30,80.944
8338,1996-12-31,86.954
8339,1996-11-01,18.043
8340,1996-11-02,16.529
8341,1996-11-03,14.915
8342,1996-11-04,13.394
8343,1996-11-05,11.66
8344,1996-11-06,10.771
8345,1996-11-07,10.483
8346,1996-11-08,9.896
8347,1996-11-09,9.286
8348,1996-11-10,8.593
8349,1996-11-11,8.399
8350,1996-11-12,9.691
8351,1996-11-13,11.063
8352,1996-11-14,13.231
8353,1996-11-15,13.559
8354,1996-11-16,13.559
8355,1996-11-17,13.891
8356,1996-11-18,13.891
8357,1996-11-19,29.756
8358,1996-11-20,54.478
8359,1996-11-21,65.96
8360,1996-11-22,36.585
8361,1996-11-23,24.168
8362,1996-11-24,18.828
8363,1996-11-25,16.714
8364,1996-11-26,14.059
8365,1996-11-27,15.443
8366,1996-11-28,16.529
8367,1996-11-29,15.443
8368,1996-11-30,14.228
8369,1996-10-01,10.206
8370,1996-10-02,9.896
8371,1996-10-03,9.793
8372,1996-10-04,11.66
8373,1996-10-05,12.748
8374,1996-10-06,12.589
8375,1996-10-07,12.119
8376,1996-10-08,11.812
8377,1996-10-09,11.509
8378,1996-10-10,11.359
8379,1996-10-11,10.916
8380,1996-10-12,10.771
8381,1996-10-13,10.341
8382,1996-10-14,10.341
8383,1996-10-15,9.998
8384,1996-10-16,9.896
8385,1996-10-17,10.771
8386,1996-10-18,13.559
8387,1996-10-19,12.119
8388,1996-10-20,10.206
8389,1996-10-21,9.487
8390,1996-10-22,9.286
8391,1996-10-23,9.086
8392,1996-10-24,11.965
8393,1996-10-25,16.345
8394,1996-10-26,19.836
8395,1996-10-27,23.94
8396,1996-10-28,26.759
8397,1996-10-29,25.327
8398,1996-10-30,22.159
8399,1996-10-31,19.836
8400,1996-09-01,5.444
8401,1996-09-02,5.362
8402,1996-09-03,5.945
8403,1996-09-04,6.639
8404,1996-09-05,7.087
8405,1996-09-06,7.826
8406,1996-09-07,10.341
8407,1996-09-08,10.206
8408,1996-09-09,9.896
8409,1996-09-10,9.589
8410,1996-09-11,9.386
8411,1996-09-12,9.286
8412,1996-09-13,9.086
8413,1996-09-14,8.986
8414,1996-09-15,8.593
8415,1996-09-16,11.965
8416,1996-09-17,15.266
8417,1996-09-18,15.443
8418,1996-09-19,13.891
8419,1996-09-20,12.589
8420,1996-09-21,11.965
8421,1996-09-22,13.231
8422,1996-09-23,14.915
8423,1996-09-24,14.059
8424,1996-09-25,13.231
8425,1996-09-26,12.119
8426,1996-09-27,11.21
8427,1996-09-28,10.771
8428,1996-09-29,10.626
8429,1996-09-30,10.341
8430,1996-08-01,7.178
8431,1996-08-02,6.906
8432,1996-08-03,6.639
8433,1996-08-04,6.288
8434,1996-08-05,6.288
8435,1996-08-06,5.776
8436,1996-08-07,5.526
8437,1996-08-08,5.526
8438,1996-08-09,5.28
8439,1996-08-10,5.199
8440,1996-08-11,5.119
8441,1996-08-12,5.039
8442,1996-08-13,5.039
8443,1996-08-14,5.039
8444,1996-08-15,5.362
8445,1996-08-16,5.444
8446,1996-08-17,5.526
8447,1996-08-18,5.526
8448,1996-08-19,5.609
8449,1996-08-20,5.776
8450,1996-08-21,5.776
8451,1996-08-22,5.86
8452,1996-08-23,5.86
8453,1996-08-24,5.86
8454,1996-08-25,5.776
8455,1996-08-26,5.692
8456,1996-08-27,5.692
8457,1996-08-28,5.609
8458,1996-08-29,5.609
8459,1996-08-30,5.526
8460,1996-08-31,5.526
8461,1996-07-01,7.639
8462,1996-07-02,7.546
8463,1996-07-03,7.453
8464,1996-07-04,7.453
8465,1996-07-05,7.361
8466,1996-07-06,7.269
8467,1996-07-07,7.269
8468,1996-07-08,7.269
8469,1996-07-09,7.178
8470,1996-07-10,7.178
8471,1996-07-11,7.178
8472,1996-07-12,7.733
8473,1996-07-13,8.207
8474,1996-07-14,7.921
8475,1996-07-15,7.826
8476,1996-07-16,7.639
8477,1996-07-17,7.546
8478,1996-07-18,7.453
8479,1996-07-19,7.361
8480,1996-07-20,7.361
8481,1996-07-21,7.269
8482,1996-07-22,7.178
8483,1996-07-23,7.178
8484,1996-07-24,7.087
8485,1996-07-25,7.087
8486,1996-07-26,6.996
8487,1996-07-27,6.906
8488,1996-07-28,6.906
8489,1996-07-29,6.817
8490,1996-07-30,6.728
8491,1996-07-31,6.639
8492,1996-06-01,7.178
8493,1996-06-02,6.996
8494,1996-06-03,6.639
8495,1996-06-04,6.288
8496,1996-06-05,6.202
8497,1996-06-06,6.202
8498,1996-06-07,6.03
8499,1996-06-08,5.945
8500,1996-06-09,5.86
8501,1996-06-10,5.86
8502,1996-06-11,6.817
8503,1996-06-12,7.826
8504,1996-06-13,8.496
8505,1996-06-14,9.186
8506,1996-06-15,8.986
8507,1996-06-16,8.496
8508,1996-06-17,8.111
8509,1996-06-18,8.016
8510,1996-06-19,8.016
8511,1996-06-20,7.921
8512,1996-06-21,7.921
8513,1996-06-22,7.826
8514,1996-06-23,7.639
8515,1996-06-24,7.639
8516,1996-06-25,7.546
8517,1996-06-26,7.453
8518,1996-06-27,7.453
8519,1996-06-28,7.921
8520,1996-06-29,7.921
8521,1996-06-30,7.733
8522,1996-05-01,10.771
8523,1996-05-02,10.206
8524,1996-05-03,9.691
8525,1996-05-04,9.286
8526,1996-05-05,8.789
8527,1996-05-06,8.593
8528,1996-05-07,8.302
8529,1996-05-08,8.111
8530,1996-05-09,7.733
8531,1996-05-10,7.639
8532,1996-05-11,7.453
8533,1996-05-12,7.361
8534,1996-05-13,7.178
8535,1996-05-14,7.087
8536,1996-05-15,7.826
8537,1996-05-16,8.789
8538,1996-05-17,8.691
8539,1996-05-18,9.286
8540,1996-05-19,9.896
8541,1996-05-20,9.691
8542,1996-05-21,9.286
8543,1996-05-22,9.186
8544,1996-05-23,8.888
8545,1996-05-24,8.691
8546,1996-05-25,8.593
8547,1996-05-26,8.496
8548,1996-05-27,8.399
8549,1996-05-28,8.302
8550,1996-05-29,8.207
8551,1996-05-30,7.546
8552,1996-05-31,7.269
8553,1996-04-01,16.529
8554,1996-04-02,21.511
8555,1996-04-03,20.455
8556,1996-04-04,19.632
8557,1996-04-05,18.828
8558,1996-04-06,17.276
8559,1996-04-07,16.162
8560,1996-04-08,15.621
8561,1996-04-09,14.915
8562,1996-04-10,14.228
8563,1996-04-11,30.014
8564,1996-04-12,46.176
8565,1996-04-13,60.447
8566,1996-04-14,50.925
8567,1996-04-15,44.221
8568,1996-04-16,41.378
8569,1996-04-17,38.343
8570,1996-04-18,36.296
8571,1996-04-19,30.534
8572,1996-04-20,26.517
8573,1996-04-21,23.487
8574,1996-04-22,21.726
8575,1996-04-23,19.429
8576,1996-04-24,17.276
8577,1996-04-25,15.8
8578,1996-04-26,14.915
8579,1996-04-27,14.228
8580,1996-04-28,13.559
8581,1996-04-29,12.431
8582,1996-04-30,11.509
8583,1996-03-01,17.657
8584,1996-03-02,16.345
8585,1996-03-03,15.266
8586,1996-03-04,14.915
8587,1996-03-05,14.569
8588,1996-03-06,13.724
8589,1996-03-07,13.559
8590,1996-03-08,13.394
8591,1996-03-09,13.069
8592,1996-03-10,31.323
8593,1996-03-11,36.296
8594,1996-03-12,27.986
8595,1996-03-13,24.86
8596,1996-03-14,22.818
8597,1996-03-15,20.247
8598,1996-03-16,18.63
8599,1996-03-17,17.276
8600,1996-03-18,14.741
8601,1996-03-19,12.589
8602,1996-03-20,14.059
8603,1996-03-21,54.841
8604,1996-03-22,38.047
8605,1996-03-23,30.273
8606,1996-03-24,24.397
8607,1996-03-25,21.941
8608,1996-03-26,18.828
8609,1996-03-27,16.529
8610,1996-03-28,12.748
8611,1996-03-29,11.21
8612,1996-03-30,10.771
8613,1996-03-31,10.771
8614,1996-02-01,6.463
8615,1996-02-02,10.341
8616,1996-02-03,12.431
8617,1996-02-04,10.626
8618,1996-02-05,14.741
8619,1996-02-06,19.027
8620,1996-02-07,21.941
8621,1996-02-08,25.799
8622,1996-02-09,25.327
8623,1996-02-10,23.263
8624,1996-02-11,20.455
8625,1996-02-12,18.433
8626,1996-02-13,16.9
8627,1996-02-14,16.162
8628,1996-02-15,15.8
8629,1996-02-16,14.569
8630,1996-02-17,13.891
8631,1996-02-18,16.345
8632,1996-02-19,21.085
8633,1996-02-20,18.433
8634,1996-02-21,15.981
8635,1996-02-22,14.398
8636,1996-02-23,13.231
8637,1996-02-24,18.828
8638,1996-02-25,24.628
8639,1996-02-26,29.756
8640,1996-02-27,25.799
8641,1996-02-28,21.085
8642,1996-02-29,19.227
8643,1996-01-01,29.499
8644,1996-01-02,24.168
8645,1996-01-03,21.085
8646,1996-01-04,18.828
8647,1996-01-05,17.088
8648,1996-01-06,15.443
8649,1996-01-07,19.632
8650,1996-01-08,24.86
8651,1996-01-09,23.263
8652,1996-01-10,20.247
8653,1996-01-11,18.63
8654,1996-01-12,16.714
8655,1996-01-13,15.443
8656,1996-01-14,14.398
8657,1996-01-15,13.559
8658,1996-01-16,12.589
8659,1996-01-17,11.66
8660,1996-01-18,10.626
8661,1996-01-19,9.896
8662,1996-01-20,9.086
8663,1996-01-21,8.399
8664,1996-01-22,7.921
8665,1996-01-23,7.361
8666,1996-01-24,7.178
8667,1996-01-25,7.178
8668,1996-01-26,7.087
8669,1996-01-27,6.996
8670,1996-01-28,6.996
8671,1996-01-29,6.817
8672,1996-01-30,6.817
8673,1996-01-31,6.551
8674,1995-12-01,8.207
8675,1995-12-02,8.016
8676,1995-12-03,12.275
8677,1995-12-04,19.836
8678,1995-12-05,22.818
8679,1995-12-06,20.874
8680,1995-12-07,19.227
8681,1995-12-08,23.04
8682,1995-12-09,26.759
8683,1995-12-10,30.014
8684,1995-12-11,27.738
8685,1995-12-12,23.263
8686,1995-12-13,18.433
8687,1995-12-14,15.621
8688,1995-12-15,13.724
8689,1995-12-16,12.908
8690,1995-12-17,11.965
8691,1995-12-18,17.849
8692,1995-12-19,28.485
8693,1995-12-20,26.759
8694,1995-12-21,23.263
8695,1995-12-22,18.63
8696,1995-12-23,15.266
8697,1995-12-24,12.589
8698,1995-12-25,11.359
8699,1995-12-26,10.771
8700,1995-12-27,22.597
8701,1995-12-28,26.517
8702,1995-12-29,23.263
8703,1995-12-30,33.758
8704,1995-12-31,38.641
8705,1995-11-01,34.873
8706,1995-11-02,55.938
8707,1995-11-03,44.221
8708,1995-11-04,27.002
8709,1995-11-05,23.04
8710,1995-11-06,21.726
8711,1995-11-07,20.455
8712,1995-11-08,19.632
8713,1995-11-09,18.828
8714,1995-11-10,17.849
8715,1995-11-11,17.088
8716,1995-11-12,16.529
8717,1995-11-13,15.443
8718,1995-11-14,15.09
8719,1995-11-15,13.559
8720,1995-11-16,12.589
8721,1995-11-17,11.509
8722,1995-11-18,10.771
8723,1995-11-19,9.998
8724,1995-11-20,9.793
8725,1995-11-21,9.691
8726,1995-11-22,9.589
8727,1995-11-23,9.487
8728,1995-11-24,9.386
8729,1995-11-25,9.286
8730,1995-11-26,9.186
8731,1995-11-27,8.986
8732,1995-11-28,8.789
8733,1995-11-29,8.593
8734,1995-11-30,8.399
8735,1995-10-01,8.496
8736,1995-10-02,7.639
8737,1995-10-03,7.087
8738,1995-10-04,6.463
8739,1995-10-05,6.116
8740,1995-10-06,6.03
8741,1995-10-07,5.945
8742,1995-10-08,8.888
8743,1995-10-09,10.341
8744,1995-10-10,13.559
8745,1995-10-11,13.891
8746,1995-10-12,13.394
8747,1995-10-13,12.908
8748,1995-10-14,11.812
8749,1995-10-15,11.21
8750,1995-10-16,12.431
8751,1995-10-17,13.394
8752,1995-10-18,13.724
8753,1995-10-19,13.724
8754,1995-10-20,13.394
8755,1995-10-21,12.908
8756,1995-10-22,12.589
8757,1995-10-23,14.398
8758,1995-10-24,15.443
8759,1995-10-25,14.915
8760,1995-10-26,14.059
8761,1995-10-27,13.394
8762,1995-10-28,12.275
8763,1995-10-29,11.509
8764,1995-10-30,11.21
8765,1995-10-31,21.941
8766,1995-09-01,8.302
8767,1995-09-02,7.453
8768,1995-09-03,6.906
8769,1995-09-04,6.375
8770,1995-09-05,6.03
8771,1995-09-06,6.463
8772,1995-09-07,6.996
8773,1995-09-08,8.399
8774,1995-09-09,9.186
8775,1995-09-10,10.341
8776,1995-09-11,10.626
8777,1995-09-12,11.21
8778,1995-09-13,14.569
8779,1995-09-14,17.276
8780,1995-09-15,20.664
8781,1995-09-16,22.818
8782,1995-09-17,24.86
8783,1995-09-18,26.517
8784,1995-09-19,27.246
8785,1995-09-20,28.737
8786,1995-09-21,28.485
8787,1995-09-22,17.657
8788,1995-09-23,30.534
8789,1995-09-24,18.63
8790,1995-09-25,12.908
8791,1995-09-26,11.21
8792,1995-09-27,10.771
8793,1995-09-28,10.771
8794,1995-09-29,10.483
8795,1995-09-30,9.386
8796,1995-08-01,5.692
8797,1995-08-02,5.692
8798,1995-08-03,5.609
8799,1995-08-04,5.526
8800,1995-08-05,5.526
8801,1995-08-06,5.444
8802,1995-08-07,5.444
8803,1995-08-08,5.362
8804,1995-08-09,5.362
8805,1995-08-10,5.28
8806,1995-08-11,5.28
8807,1995-08-12,5.199
8808,1995-08-13,5.199
8809,1995-08-14,5.119
8810,1995-08-15,5.119
8811,1995-08-16,5.119
8812,1995-08-17,5.119
8813,1995-08-18,5.039
8814,1995-08-19,6.551
8815,1995-08-20,8.496
8816,1995-08-21,8.207
8817,1995-08-22,7.546
8818,1995-08-23,6.906
8819,1995-08-24,6.202
8820,1995-08-25,5.526
8821,1995-08-26,5.28
8822,1995-08-27,5.28
8823,1995-08-28,5.119
8824,1995-08-29,5.039
8825,1995-08-30,6.551
8826,1995-08-31,8.691
8827,1995-07-01,6.817
8828,1995-07-02,6.817
8829,1995-07-03,6.817
8830,1995-07-04,6.728
8831,1995-07-05,6.728
8832,1995-07-06,6.728
8833,1995-07-07,6.728
8834,1995-07-08,11.359
8835,1995-07-09,13.891
8836,1995-07-10,13.559
8837,1995-07-11,12.908
8838,1995-07-12,12.431
8839,1995-07-13,12.119
8840,1995-07-14,11.812
8841,1995-07-15,11.359
8842,1995-07-16,10.771
8843,1995-07-17,10.483
8844,1995-07-18,10.102
8845,1995-07-19,9.487
8846,1995-07-20,8.986
8847,1995-07-21,8.496
8848,1995-07-22,8.016
8849,1995-07-23,7.733
8850,1995-07-24,7.453
8851,1995-07-25,7.178
8852,1995-07-26,6.996
8853,1995-07-27,6.728
8854,1995-07-28,6.375
8855,1995-07-29,6.116
8856,1995-07-30,5.86
8857,1995-07-31,5.692
8858,1995-06-01,12.119
8859,1995-06-02,13.559
8860,1995-06-03,15.981
8861,1995-06-04,18.63
8862,1995-06-05,25.799
8863,1995-06-06,23.263
8864,1995-06-07,21.297
8865,1995-06-08,20.247
8866,1995-06-09,18.828
8867,1995-06-10,17.657
8868,1995-06-11,16.529
8869,1995-06-12,15.266
8870,1995-06-13,14.059
8871,1995-06-14,13.231
8872,1995-06-15,12.431
8873,1995-06-16,11.509
8874,1995-06-17,10.626
8875,1995-06-18,9.896
8876,1995-06-19,9.186
8877,1995-06-20,8.691
8878,1995-06-21,8.593
8879,1995-06-22,8.593
8880,1995-06-23,8.496
8881,1995-06-24,8.399
8882,1995-06-25,8.111
8883,1995-06-26,7.453
8884,1995-06-27,7.269
8885,1995-06-28,7.087
8886,1995-06-29,6.996
8887,1995-06-30,6.906
8888,1995-05-01,8.496
8889,1995-05-02,8.207
8890,1995-05-03,8.016
8891,1995-05-04,8.016
8892,1995-05-05,7.921
8893,1995-05-06,11.965
8894,1995-05-07,15.266
8895,1995-05-08,15.981
8896,1995-05-09,15.443
8897,1995-05-10,14.915
8898,1995-05-11,20.041
8899,1995-05-12,21.297
8900,1995-05-13,18.828
8901,1995-05-14,16.9
8902,1995-05-15,28.99
8903,1995-05-16,27.738
8904,1995-05-17,22.818
8905,1995-05-18,18.433
8906,1995-05-19,15.621
8907,1995-05-20,23.713
8908,1995-05-21,30.534
8909,1995-05-22,27.986
8910,1995-05-23,25.327
8911,1995-05-24,23.263
8912,1995-05-25,21.297
8913,1995-05-26,18.828
8914,1995-05-27,17.466
8915,1995-05-28,16.345
8916,1995-05-29,14.741
8917,1995-05-30,14.059
8918,1995-05-31,13.069
8919,1995-04-01,9.998
8920,1995-04-02,9.793
8921,1995-04-03,9.793
8922,1995-04-04,9.691
8923,1995-04-05,9.589
8924,1995-04-06,9.487
8925,1995-04-07,9.386
8926,1995-04-08,9.286
8927,1995-04-09,9.186
8928,1995-04-10,9.086
8929,1995-04-11,8.986
8930,1995-04-12,8.888
8931,1995-04-13,8.888
8932,1995-04-14,8.789
8933,1995-04-15,8.789
8934,1995-04-16,8.789
8935,1995-04-17,8.691
8936,1995-04-18,8.593
8937,1995-04-19,8.593
8938,1995-04-20,8.496
8939,1995-04-21,8.986
8940,1995-04-22,15.443
8941,1995-04-23,11.965
8942,1995-04-24,11.21
8943,1995-04-25,10.626
8944,1995-04-26,10.341
8945,1995-04-27,10.206
8946,1995-04-28,9.589
8947,1995-04-29,9.186
8948,1995-04-30,8.691
8949,1995-03-01,15.981
8950,1995-03-02,15.09
8951,1995-03-03,13.891
8952,1995-03-04,13.559
8953,1995-03-05,14.741
8954,1995-03-06,14.228
8955,1995-03-07,13.394
8956,1995-03-08,12.748
8957,1995-03-09,12.275
8958,1995-03-10,12.275
8959,1995-03-11,11.965
8960,1995-03-12,11.812
8961,1995-03-13,11.21
8962,1995-03-14,11.063
8963,1995-03-15,10.771
8964,1995-03-16,10.626
8965,1995-03-17,10.626
8966,1995-03-18,10.483
8967,1995-03-19,10.483
8968,1995-03-20,10.483
8969,1995-03-21,10.483
8970,1995-03-22,10.483
8971,1995-03-23,10.341
8972,1995-03-24,10.206
8973,1995-03-25,9.896
8974,1995-03-26,9.793
8975,1995-03-27,9.691
8976,1995-03-28,9.896
8977,1995-03-29,10.483
8978,1995-03-30,10.206
8979,1995-03-31,9.998
8980,1995-02-01,27.555
8981,1995-02-02,51.153
8982,1995-02-03,33.353
8983,1995-02-04,23.126
8984,1995-02-05,12.289
8985,1995-02-06,11.077
8986,1995-02-07,23.83
8987,1995-02-08,24.548
8988,1995-02-09,72.17
8989,1995-02-10,135.383
8990,1995-02-11,105.931
8991,1995-02-12,76.486
8992,1995-02-13,65.557
8993,1995-02-14,48.518
8994,1995-02-15,40.454
8995,1995-02-16,32.663
8996,1995-02-17,24.397
8997,1995-02-18,17.657
8998,1995-02-19,13.891
8999,1995-02-20,11.21
9000,1995-02-21,29.244
9001,1995-02-22,26.759
9002,1995-02-23,26.037
9003,1995-02-24,24.397
9004,1995-02-25,23.04
9005,1995-02-26,21.511
9006,1995-02-27,19.632
9007,1995-02-28,17.276
9008,1995-01-01,11.224
9009,1995-01-02,11.224
9010,1995-01-03,11.077
9011,1995-01-04,10.931
9012,1995-01-05,10.643
9013,1995-01-06,10.219
9014,1995-01-07,9.807
9015,1995-01-08,11.372
9016,1995-01-09,10.359
9017,1995-01-10,9.405
9018,1995-01-11,8.261
9019,1995-01-12,7.782
9020,1995-01-13,7.435
9021,1995-01-14,6.987
9022,1995-01-15,6.663
9023,1995-01-16,6.557
9024,1995-01-17,6.557
9025,1995-01-18,6.348
9026,1995-01-19,7.098
9027,1995-01-20,8.019
9028,1995-01-21,9.142
9029,1995-01-22,10.643
9030,1995-01-23,10.08
9031,1995-01-24,9.273
9032,1995-01-25,8.885
9033,1995-01-26,8.632
9034,1995-01-27,8.507
9035,1995-01-28,16.412
9036,1995-01-29,27.555
9037,1995-01-30,30.229
9038,1995-01-31,24.068
9039,1994-12-01,12.764
9040,1994-12-02,11.522
9041,1994-12-03,10.931
9042,1994-12-04,10.931
9043,1994-12-05,10.786
9044,1994-12-06,20.438
9045,1994-12-07,37.611
9046,1994-12-08,33.061
9047,1994-12-09,25.526
9048,1994-12-10,18.356
9049,1994-12-11,14.778
9050,1994-12-12,13.25
9051,1994-12-13,12.604
9052,1994-12-14,11.978
9053,1994-12-15,11.522
9054,1994-12-16,11.372
9055,1994-12-17,13.916
9056,1994-12-18,19.589
9057,1994-12-19,24.068
9058,1994-12-20,20.872
9059,1994-12-21,19.172
9060,1994-12-22,18.156
9061,1994-12-23,16.04
9062,1994-12-24,13.916
9063,1994-12-25,12.925
9064,1994-12-26,12.446
9065,1994-12-27,11.978
9066,1994-12-28,11.372
9067,1994-12-29,11.372
9068,1994-12-30,11.077
9069,1994-12-31,11.077
9070,1994-11-01,11.825
9071,1994-11-02,11.224
9072,1994-11-03,10.359
9073,1994-11-04,9.405
9074,1994-11-05,8.632
9075,1994-11-06,7.9
9076,1994-11-07,16.79
9077,1994-11-08,36.672
9078,1994-11-09,40.852
9079,1994-11-10,25.526
9080,1994-11-11,18.761
9081,1994-11-12,16.04
9082,1994-11-13,13.748
9083,1994-11-14,11.825
9084,1994-11-15,10.786
9085,1994-11-16,11.522
9086,1994-11-17,31.625
9087,1994-11-18,54.717
9088,1994-11-19,83.022
9089,1994-11-20,64.544
9090,1994-11-21,33.941
9091,1994-11-22,22.207
9092,1994-11-23,17.956
9093,1994-11-24,12.925
9094,1994-11-25,11.825
9095,1994-11-26,12.604
9096,1994-11-27,18.966
9097,1994-11-28,18.156
9098,1994-11-29,16.412
9099,1994-11-30,14.429
9100,1994-10-01,11.978
9101,1994-10-02,10.643
9102,1994-10-03,8.758
9103,1994-10-04,7.209
9104,1994-10-05,6.557
9105,1994-10-06,6.143
9106,1994-10-07,9.405
9107,1994-10-08,13.087
9108,1994-10-09,13.415
9109,1994-10-10,11.978
9110,1994-10-11,10.931
9111,1994-10-12,10.08
9112,1994-10-13,9.013
9113,1994-10-14,8.261
9114,1994-10-15,7.666
9115,1994-10-16,11.673
9116,1994-10-17,15.673
9117,1994-10-18,19.172
9118,1994-10-19,25.279
9119,1994-10-20,36.983
9120,1994-10-21,52.21
9121,1994-10-22,61.818
9122,1994-10-23,42.878
9123,1994-10-24,31.625
9124,1994-10-25,27.038
9125,1994-10-26,23.126
9126,1994-10-27,20.224
9127,1994-10-28,17.367
9128,1994-10-29,15.673
9129,1994-10-30,13.087
9130,1994-10-31,12.133
9131,1994-09-01,7.321
9132,1994-09-02,6.987
9133,1994-09-03,6.557
9134,1994-09-04,6.143
9135,1994-09-05,5.943
9136,1994-09-06,12.446
9137,1994-09-07,16.79
9138,1994-09-08,15.856
9139,1994-09-09,14.086
9140,1994-09-10,12.925
9141,1994-09-11,12.133
9142,1994-09-12,11.522
9143,1994-09-13,11.224
9144,1994-09-14,10.786
9145,1994-09-15,10.5
9146,1994-09-16,10.08
9147,1994-09-17,9.807
9148,1994-09-18,13.415
9149,1994-09-19,22.663
9150,1994-09-20,21.756
9151,1994-09-21,20.654
9152,1994-09-22,18.966
9153,1994-09-23,17.759
9154,1994-09-24,16.04
9155,1994-09-25,14.778
9156,1994-09-26,13.58
9157,1994-09-27,12.925
9158,1994-09-28,12.289
9159,1994-09-29,11.522
9160,1994-09-30,11.077
9161,1994-08-01,9.273
9162,1994-08-02,9.142
9163,1994-08-03,9.013
9164,1994-08-04,8.885
9165,1994-08-05,8.758
9166,1994-08-06,8.507
9167,1994-08-07,8.384
9168,1994-08-08,8.019
9169,1994-08-09,8.019
9170,1994-08-10,7.9
9171,1994-08-11,7.666
9172,1994-08-12,7.666
9173,1994-08-13,7.435
9174,1994-08-14,7.435
9175,1994-08-15,7.321
9176,1994-08-16,7.209
9177,1994-08-17,7.098
9178,1994-08-18,6.987
9179,1994-08-19,6.878
9180,1994-08-20,6.878
9181,1994-08-21,6.987
9182,1994-08-22,8.261
9183,1994-08-23,9.013
9184,1994-08-24,9.142
9185,1994-08-25,8.885
9186,1994-08-26,8.885
9187,1994-08-27,8.507
9188,1994-08-28,8.507
9189,1994-08-29,8.14
9190,1994-08-30,8.019
9191,1994-08-31,7.9
9192,1994-07-01,10.931
9193,1994-07-02,10.643
9194,1994-07-03,10.5
9195,1994-07-04,10.08
9196,1994-07-05,10.08
9197,1994-07-06,11.372
9198,1994-07-07,12.604
9199,1994-07-08,12.604
9200,1994-07-09,12.289
9201,1994-07-10,12.133
9202,1994-07-11,11.978
9203,1994-07-12,11.522
9204,1994-07-13,11.077
9205,1994-07-14,10.931
9206,1994-07-15,10.931
9207,1994-07-16,11.978
9208,1994-07-17,13.25
9209,1994-07-18,14.257
9210,1994-07-19,13.415
9211,1994-07-20,12.604
9212,1994-07-21,12.446
9213,1994-07-22,11.978
9214,1994-07-23,11.372
9215,1994-07-24,10.931
9216,1994-07-25,10.786
9217,1994-07-26,10.08
9218,1994-07-27,9.943
9219,1994-07-28,9.671
9220,1994-07-29,9.671
9221,1994-07-30,9.405
9222,1994-07-31,9.273
9223,1994-06-01,21.311
9224,1994-06-02,20.654
9225,1994-06-03,20.224
9226,1994-06-04,19.589
9227,1994-06-05,19.172
9228,1994-06-06,18.966
9229,1994-06-07,18.558
9230,1994-06-08,19.172
9231,1994-06-09,19.172
9232,1994-06-10,18.356
9233,1994-06-11,32.77
9234,1994-06-12,47.035
9235,1994-06-13,53.995
9236,1994-06-14,53.635
9237,1994-06-15,50.455
9238,1994-06-16,48.389
9239,1994-06-17,45.319
9240,1994-06-18,34.537
9241,1994-06-19,29.682
9242,1994-06-20,26.528
9243,1994-06-21,24.307
9244,1994-06-22,21.981
9245,1994-06-23,24.307
9246,1994-06-24,26.528
9247,1994-06-25,21.533
9248,1994-06-26,16.981
9249,1994-06-27,14.257
9250,1994-06-28,12.446
9251,1994-06-29,11.825
9252,1994-06-30,11.224
9253,1994-05-01,32.77
9254,1994-05-02,32.194
9255,1994-05-03,31.062
9256,1994-05-04,30.229
9257,1994-05-05,29.682
9258,1994-05-06,27.555
9259,1994-05-07,25.774
9260,1994-05-08,24.068
9261,1994-05-09,22.894
9262,1994-05-10,21.981
9263,1994-05-11,21.533
9264,1994-05-12,33.941
9265,1994-05-13,46.033
9266,1994-05-14,43.567
9267,1994-05-15,36.362
9268,1994-05-16,37.611
9269,1994-05-17,33.353
9270,1994-05-18,28.341
9271,1994-05-19,26.783
9272,1994-05-20,23.126
9273,1994-05-21,21.533
9274,1994-05-22,20.224
9275,1994-05-23,18.761
9276,1994-05-24,17.367
9277,1994-05-25,18.761
9278,1994-05-26,20.011
9279,1994-05-27,23.126
9280,1994-05-28,25.034
9281,1994-05-29,23.126
9282,1994-05-30,21.981
9283,1994-05-31,21.533
9284,1994-04-01,192.874
9285,1994-04-02,153.0
9286,1994-04-03,83.022
9287,1994-04-04,56.913
9288,1994-04-05,47.035
9289,1994-04-06,34.537
9290,1994-04-07,29.682
9291,1994-04-08,26.528
9292,1994-04-09,24.79
9293,1994-04-10,23.594
9294,1994-04-11,22.663
9295,1994-04-12,22.207
9296,1994-04-13,21.533
9297,1994-04-14,21.311
9298,1994-04-15,20.438
9299,1994-04-16,20.438
9300,1994-04-17,20.224
9301,1994-04-18,20.011
9302,1994-04-19,25.774
9303,1994-04-20,40.19
9304,1994-04-21,42.195
9305,1994-04-22,41.185
9306,1994-04-23,58.401
9307,1994-04-24,65.334
9308,1994-04-25,56.176
9309,1994-04-26,52.564
9310,1994-04-27,49.073
9311,1994-04-28,45.675
9312,1994-04-29,36.983
9313,1994-04-30,34.238
9314,1994-03-01,6.878
9315,1994-03-02,8.261
9316,1994-03-03,9.273
9317,1994-03-04,8.758
9318,1994-03-05,12.133
9319,1994-03-06,20.438
9320,1994-03-07,36.053
9321,1994-03-08,46.033
9322,1994-03-09,45.319
9323,1994-03-10,41.857
9324,1994-03-11,35.138
9325,1994-03-12,34.837
9326,1994-03-13,61.434
9327,1994-03-14,89.852
9328,1994-03-15,66.527
9329,1994-03-16,52.564
9330,1994-03-17,34.837
9331,1994-03-18,31.909
9332,1994-03-19,29.682
9333,1994-03-20,27.555
9334,1994-03-21,22.207
9335,1994-03-22,20.438
9336,1994-03-23,23.83
9337,1994-03-24,27.038
9338,1994-03-25,31.062
9339,1994-03-26,35.138
9340,1994-03-27,36.983
9341,1994-03-28,31.343
9342,1994-03-29,34.837
9343,1994-03-30,62.204
9344,1994-03-31,40.19
9345,1994-02-01,9.671
9346,1994-02-02,9.273
9347,1994-02-03,8.885
9348,1994-02-04,8.507
9349,1994-02-05,8.261
9350,1994-02-06,7.55
9351,1994-02-07,6.987
9352,1994-02-08,6.557
9353,1994-02-09,6.348
9354,1994-02-10,6.348
9355,1994-02-11,6.143
9356,1994-02-12,7.782
9357,1994-02-13,7.321
9358,1994-02-14,6.663
9359,1994-02-15,6.245
9360,1994-02-16,5.747
9361,1994-02-17,5.65
9362,1994-02-18,5.555
9363,1994-02-19,5.555
9364,1994-02-20,5.46
9365,1994-02-21,5.367
9366,1994-02-22,5.274
9367,1994-02-23,5.183
9368,1994-02-24,5.092
9369,1994-02-25,4.914
9370,1994-02-26,4.914
9371,1994-02-27,4.827
9372,1994-02-28,4.74
9373,1994-01-01,20.438
9374,1994-01-02,18.966
9375,1994-01-03,16.79
9376,1994-01-04,15.311
9377,1994-01-05,13.58
9378,1994-01-06,13.58
9379,1994-01-07,12.446
9380,1994-01-08,11.224
9381,1994-01-09,10.643
9382,1994-01-10,10.219
9383,1994-01-11,9.671
9384,1994-01-12,9.273
9385,1994-01-13,8.885
9386,1994-01-14,8.14
9387,1994-01-15,12.133
9388,1994-01-16,12.446
9389,1994-01-17,12.133
9390,1994-01-18,16.981
9391,1994-01-19,21.981
9392,1994-01-20,28.606
9393,1994-01-21,26.275
9394,1994-01-22,21.981
9395,1994-01-23,19.589
9396,1994-01-24,17.562
9397,1994-01-25,15.673
9398,1994-01-26,14.086
9399,1994-01-27,12.925
9400,1994-01-28,12.446
9401,1994-01-29,11.825
9402,1994-01-30,10.643
9403,1994-01-31,10.08
9404,1993-12-01,4.404
9405,1993-12-02,4.322
9406,1993-12-03,4.162
9407,1993-12-04,4.162
9408,1993-12-05,4.083
9409,1993-12-06,4.083
9410,1993-12-07,4.005
9411,1993-12-08,4.005
9412,1993-12-09,17.367
9413,1993-12-10,46.033
9414,1993-12-11,42.536
9415,1993-12-12,25.034
9416,1993-12-13,19.38
9417,1993-12-14,11.372
9418,1993-12-15,8.261
9419,1993-12-16,7.9
9420,1993-12-17,17.174
9421,1993-12-18,48.73
9422,1993-12-19,40.852
9423,1993-12-20,28.872
9424,1993-12-21,19.589
9425,1993-12-22,16.226
9426,1993-12-23,15.311
9427,1993-12-24,23.83
9428,1993-12-25,31.062
9429,1993-12-26,40.852
9430,1993-12-27,42.195
9431,1993-12-28,37.611
9432,1993-12-29,38.566
9433,1993-12-30,33.061
9434,1993-12-31,26.275
9435,1993-11-01,5.092
9436,1993-11-02,5.183
9437,1993-11-03,5.367
9438,1993-11-04,5.274
9439,1993-11-05,6.663
9440,1993-11-06,7.55
9441,1993-11-07,8.384
9442,1993-11-08,9.405
9443,1993-11-09,8.885
9444,1993-11-10,7.9
9445,1993-11-11,7.435
9446,1993-11-12,7.321
9447,1993-11-13,6.663
9448,1993-11-14,5.845
9449,1993-11-15,5.367
9450,1993-11-16,5.003
9451,1993-11-17,4.655
9452,1993-11-18,4.487
9453,1993-11-19,11.224
9454,1993-11-20,10.5
9455,1993-11-21,7.098
9456,1993-11-22,5.943
9457,1993-11-23,5.274
9458,1993-11-24,5.183
9459,1993-11-25,5.003
9460,1993-11-26,4.57
9461,1993-11-27,4.487
9462,1993-11-28,4.74
9463,1993-11-29,5.367
9464,1993-11-30,4.827
9465,1993-10-01,11.673
9466,1993-10-02,11.372
9467,1993-10-03,11.077
9468,1993-10-04,10.931
9469,1993-10-05,10.643
9470,1993-10-06,10.08
9471,1993-10-07,9.142
9472,1993-10-08,8.632
9473,1993-10-09,7.9
9474,1993-10-10,7.321
9475,1993-10-11,6.77
9476,1993-10-12,6.245
9477,1993-10-13,5.65
9478,1993-10-14,5.003
9479,1993-10-15,4.914
9480,1993-10-16,4.827
9481,1993-10-17,4.655
9482,1993-10-18,4.487
9483,1993-10-19,4.487
9484,1993-10-20,4.487
9485,1993-10-21,4.487
9486,1993-10-22,5.092
9487,1993-10-23,5.65
9488,1993-10-24,6.143
9489,1993-10-25,5.943
9490,1993-10-26,5.747
9491,1993-10-27,5.747
9492,1993-10-28,6.878
9493,1993-10-29,6.663
9494,1993-10-30,6.043
9495,1993-10-31,5.555
9496,1993-09-01,5.092
9497,1993-09-02,5.003
9498,1993-09-03,4.914
9499,1993-09-04,4.74
9500,1993-09-05,4.74
9501,1993-09-06,4.57
9502,1993-09-07,4.57
9503,1993-09-08,4.487
9504,1993-09-09,5.65
9505,1993-09-10,7.9
9506,1993-09-11,16.601
9507,1993-09-12,20.438
9508,1993-09-13,20.654
9509,1993-09-14,19.799
9510,1993-09-15,18.558
9511,1993-09-16,17.174
9512,1993-09-17,15.311
9513,1993-09-18,21.981
9514,1993-09-19,29.41
9515,1993-09-20,24.307
9516,1993-09-21,21.533
9517,1993-09-22,20.224
9518,1993-09-23,18.356
9519,1993-09-24,17.562
9520,1993-09-25,16.601
9521,1993-09-26,16.04
9522,1993-09-27,15.132
9523,1993-09-28,13.415
9524,1993-09-29,11.978
9525,1993-09-30,11.978
9526,1993-08-01,6.878
9527,1993-08-02,6.878
9528,1993-08-03,6.77
9529,1993-08-04,6.557
9530,1993-08-05,6.557
9531,1993-08-06,6.452
9532,1993-08-07,6.348
9533,1993-08-08,6.348
9534,1993-08-09,6.245
9535,1993-08-10,6.245
9536,1993-08-11,6.143
9537,1993-08-12,6.143
9538,1993-08-13,6.143
9539,1993-08-14,6.043
9540,1993-08-15,6.043
9541,1993-08-16,6.143
9542,1993-08-17,6.043
9543,1993-08-18,6.348
9544,1993-08-19,6.348
9545,1993-08-20,6.557
9546,1993-08-21,6.663
9547,1993-08-22,6.77
9548,1993-08-23,6.557
9549,1993-08-24,6.348
9550,1993-08-25,6.348
9551,1993-08-26,6.245
9552,1993-08-27,6.143
9553,1993-08-28,5.65
9554,1993-08-29,5.367
9555,1993-08-30,5.274
9556,1993-08-31,5.183
9557,1993-07-01,8.632
9558,1993-07-02,8.632
9559,1993-07-03,8.384
9560,1993-07-04,8.384
9561,1993-07-05,8.261
9562,1993-07-06,8.14
9563,1993-07-07,8.019
9564,1993-07-08,7.782
9565,1993-07-09,7.666
9566,1993-07-10,7.55
9567,1993-07-11,7.55
9568,1993-07-12,7.435
9569,1993-07-13,7.435
9570,1993-07-14,7.209
9571,1993-07-15,7.209
9572,1993-07-16,7.098
9573,1993-07-17,6.987
9574,1993-07-18,6.878
9575,1993-07-19,6.878
9576,1993-07-20,7.55
9577,1993-07-21,8.261
9578,1993-07-22,9.273
9579,1993-07-23,9.273
9580,1993-07-24,8.632
9581,1993-07-25,8.384
9582,1993-07-26,7.782
9583,1993-07-27,7.435
9584,1993-07-28,7.435
9585,1993-07-29,7.209
9586,1993-07-30,7.098
9587,1993-07-31,6.987
9588,1993-06-01,18.356
9589,1993-06-02,20.654
9590,1993-06-03,25.034
9591,1993-06-04,25.279
9592,1993-06-05,24.548
9593,1993-06-06,24.068
9594,1993-06-07,23.359
9595,1993-06-08,22.663
9596,1993-06-09,22.663
9597,1993-06-10,21.533
9598,1993-06-11,20.872
9599,1993-06-12,20.438
9600,1993-06-13,20.224
9601,1993-06-14,18.761
9602,1993-06-15,13.748
9603,1993-06-16,12.289
9604,1993-06-17,11.372
9605,1993-06-18,11.077
9606,1993-06-19,11.077
9607,1993-06-20,10.931
9608,1993-06-21,10.643
9609,1993-06-22,10.5
9610,1993-06-23,10.5
9611,1993-06-24,10.08
9612,1993-06-25,9.807
9613,1993-06-26,9.537
9614,1993-06-27,9.273
9615,1993-06-28,9.142
9616,1993-06-29,9.142
9617,1993-06-30,8.885
9618,1993-05-01,16.04
9619,1993-05-02,15.856
9620,1993-05-03,15.856
9621,1993-05-04,15.673
9622,1993-05-05,15.673
9623,1993-05-06,15.673
9624,1993-05-07,15.673
9625,1993-05-08,15.311
9626,1993-05-09,15.311
9627,1993-05-10,15.311
9628,1993-05-11,15.311
9629,1993-05-12,15.132
9630,1993-05-13,16.601
9631,1993-05-14,17.174
9632,1993-05-15,16.981
9633,1993-05-16,16.79
9634,1993-05-17,16.79
9635,1993-05-18,16.601
9636,1993-05-19,16.601
9637,1993-05-20,16.601
9638,1993-05-21,16.226
9639,1993-05-22,16.226
9640,1993-05-23,16.226
9641,1993-05-24,15.856
9642,1993-05-25,15.856
9643,1993-05-26,15.673
9644,1993-05-27,15.491
9645,1993-05-28,16.981
9646,1993-05-29,17.367
9647,1993-05-30,18.356
9648,1993-05-31,18.356
9649,1993-04-01,37.611
9650,1993-04-02,36.672
9651,1993-04-03,35.747
9652,1993-04-04,35.442
9653,1993-04-05,35.138
9654,1993-04-06,32.482
9655,1993-04-07,30.505
9656,1993-04-08,28.872
9657,1993-04-09,28.077
9658,1993-04-10,26.783
9659,1993-04-11,25.774
9660,1993-04-12,23.359
9661,1993-04-13,21.756
9662,1993-04-14,19.589
9663,1993-04-15,17.956
9664,1993-04-16,16.79
9665,1993-04-17,20.011
9666,1993-04-18,23.126
9667,1993-04-19,27.038
9668,1993-04-20,30.783
9669,1993-04-21,28.077
9670,1993-04-22,27.038
9671,1993-04-23,24.548
9672,1993-04-24,22.434
9673,1993-04-25,21.091
9674,1993-04-26,19.799
9675,1993-04-27,18.761
9676,1993-04-28,17.759
9677,1993-04-29,17.174
9678,1993-04-30,16.412
9679,1993-03-01,45.319
9680,1993-03-02,45.319
9681,1993-03-03,33.646
9682,1993-03-04,33.646
9683,1993-03-05,33.061
9684,1993-03-06,33.061
9685,1993-03-07,36.053
9686,1993-03-08,37.611
9687,1993-03-09,35.442
9688,1993-03-10,30.229
9689,1993-03-11,36.053
9690,1993-03-12,68.135
9691,1993-03-13,72.238
9692,1993-03-14,75.607
9693,1993-03-15,71.822
9694,1993-03-16,68.539
9695,1993-03-17,58.401
9696,1993-03-18,50.455
9697,1993-03-19,46.7
9698,1993-03-20,39.862
9699,1993-03-21,31.909
9700,1993-03-22,31.062
9701,1993-03-23,28.606
9702,1993-03-24,24.548
9703,1993-03-25,22.434
9704,1993-03-26,20.872
9705,1993-03-27,21.756
9706,1993-03-28,30.229
9707,1993-03-29,33.061
9708,1993-03-30,39.535
9709,1993-03-31,39.21
9710,1993-02-01,12.925
9711,1993-02-02,11.372
9712,1993-02-03,10.786
9713,1993-02-04,12.604
9714,1993-02-05,12.925
9715,1993-02-06,14.954
9716,1993-02-07,14.954
9717,1993-02-08,12.925
9718,1993-02-09,13.58
9719,1993-02-10,13.58
9720,1993-02-11,14.603
9721,1993-02-12,14.603
9722,1993-02-13,16.412
9723,1993-02-14,16.412
9724,1993-02-15,17.562
9725,1993-02-16,18.356
9726,1993-02-17,18.356
9727,1993-02-18,20.011
9728,1993-02-19,20.011
9729,1993-02-20,20.438
9730,1993-02-21,20.872
9731,1993-02-22,21.756
9732,1993-02-23,22.663
9733,1993-02-24,48.049
9734,1993-02-25,46.7
9735,1993-02-26,46.033
9736,1993-02-27,64.151
9737,1993-02-28,72.238
9738,1993-01-01,27.555
9739,1993-01-02,28.077
9740,1993-01-03,27.038
9741,1993-01-04,36.053
9742,1993-01-05,33.061
9743,1993-01-06,14.603
9744,1993-01-07,14.603
9745,1993-01-08,16.79
9746,1993-01-09,16.412
9747,1993-01-10,12.925
9748,1993-01-11,14.603
9749,1993-01-12,16.412
9750,1993-01-13,16.412
9751,1993-01-14,16.412
9752,1993-01-15,14.603
9753,1993-01-16,16.79
9754,1993-01-17,16.79
9755,1993-01-18,18.356
9756,1993-01-19,19.589
9757,1993-01-20,16.79
9758,1993-01-21,36.672
9759,1993-01-22,36.672
9760,1993-01-23,28.606
9761,1993-01-24,20.438
9762,1993-01-25,14.603
9763,1993-01-26,14.778
9764,1993-01-27,14.603
9765,1993-01-28,14.603
9766,1993-01-29,14.603
9767,1993-01-30,16.412
9768,1993-01-31,16.412
9769,1992-12-01,36.053
9770,1992-12-02,49.417
9771,1992-12-03,52.92
9772,1992-12-04,27.555
9773,1992-12-05,25.526
9774,1992-12-06,27.038
9775,1992-12-07,36.053
9776,1992-12-08,33.061
9777,1992-12-09,34.238
9778,1992-12-10,33.061
9779,1992-12-11,36.053
9780,1992-12-12,58.027
9781,1992-12-13,63.369
9782,1992-12-14,39.21
9783,1992-12-15,27.555
9784,1992-12-16,23.594
9785,1992-12-17,23.594
9786,1992-12-18,24.068
9787,1992-12-19,23.594
9788,1992-12-20,23.594
9789,1992-12-21,20.438
9790,1992-12-22,20.872
9791,1992-12-23,25.034
9792,1992-12-24,20.438
9793,1992-12-25,16.412
9794,1992-12-26,27.038
9795,1992-12-27,25.034
9796,1992-12-28,16.412
9797,1992-12-29,16.79
9798,1992-12-30,25.034
9799,1992-12-31,27.038
9800,1992-11-01,10.219
9801,1992-11-02,10.5
9802,1992-11-03,11.372
9803,1992-11-04,43.914
9804,1992-11-05,43.221
9805,1992-11-06,39.21
9806,1992-11-07,30.783
9807,1992-11-08,22.663
9808,1992-11-09,20.872
9809,1992-11-10,17.956
9810,1992-11-11,13.25
9811,1992-11-12,13.25
9812,1992-11-13,12.925
9813,1992-11-14,12.604
9814,1992-11-15,12.133
9815,1992-11-16,10.219
9816,1992-11-17,36.053
9817,1992-11-18,22.663
9818,1992-11-19,30.229
9819,1992-11-20,16.04
9820,1992-11-21,11.077
9821,1992-11-22,12.925
9822,1992-11-23,51.504
9823,1992-11-24,27.038
9824,1992-11-25,26.528
9825,1992-11-26,27.038
9826,1992-11-27,36.053
9827,1992-11-28,91.719
9828,1992-11-29,64.151
9829,1992-11-30,30.229
9830,1992-10-01,11.077
9831,1992-10-02,9.943
9832,1992-10-03,9.142
9833,1992-10-04,16.412
9834,1992-10-05,11.673
9835,1992-10-06,9.943
9836,1992-10-07,8.885
9837,1992-10-08,10.219
9838,1992-10-09,10.219
9839,1992-10-10,18.356
9840,1992-10-11,17.956
9841,1992-10-12,15.673
9842,1992-10-13,12.604
9843,1992-10-14,11.978
9844,1992-10-15,11.978
9845,1992-10-16,11.077
9846,1992-10-17,9.943
9847,1992-10-18,9.671
9848,1992-10-19,9.671
9849,1992-10-20,11.673
9850,1992-10-21,9.142
9851,1992-10-22,18.356
9852,1992-10-23,12.604
9853,1992-10-24,10.786
9854,1992-10-25,10.786
9855,1992-10-26,8.885
9856,1992-10-27,8.885
9857,1992-10-28,7.666
9858,1992-10-29,7.666
9859,1992-10-30,10.219
9860,1992-10-31,10.5
9861,1992-09-01,5.183
9862,1992-09-02,5.183
9863,1992-09-03,5.183
9864,1992-09-04,5.183
9865,1992-09-05,5.367
9866,1992-09-06,20.438
9867,1992-09-07,70.582
9868,1992-09-08,61.818
9869,1992-09-09,29.141
9870,1992-09-10,23.594
9871,1992-09-11,20.438
9872,1992-09-12,14.603
9873,1992-09-13,12.925
9874,1992-09-14,12.289
9875,1992-09-15,10.786
9876,1992-09-16,10.219
9877,1992-09-17,9.405
9878,1992-09-18,9.142
9879,1992-09-19,8.384
9880,1992-09-20,8.384
9881,1992-09-21,9.405
9882,1992-09-22,8.632
9883,1992-09-23,7.666
9884,1992-09-24,7.666
9885,1992-09-25,7.55
9886,1992-09-26,7.435
9887,1992-09-27,14.603
9888,1992-09-28,39.21
9889,1992-09-29,15.673
9890,1992-09-30,12.925
9891,1992-08-01,5.555
9892,1992-08-02,5.555
9893,1992-08-03,11.372
9894,1992-08-04,8.384
9895,1992-08-05,6.348
9896,1992-08-06,6.143
9897,1992-08-07,9.943
9898,1992-08-08,6.77
9899,1992-08-09,6.77
9900,1992-08-10,5.943
9901,1992-08-11,5.943
9902,1992-08-12,5.747
9903,1992-08-13,5.747
9904,1992-08-14,6.143
9905,1992-08-15,5.747
9906,1992-08-16,5.747
9907,1992-08-17,5.555
9908,1992-08-18,5.555
9909,1992-08-19,5.367
9910,1992-08-20,5.367
9911,1992-08-21,5.555
9912,1992-08-22,5.555
9913,1992-08-23,5.367
9914,1992-08-24,5.943
9915,1992-08-25,5.367
9916,1992-08-26,5.183
9917,1992-08-27,5.183
9918,1992-08-28,5.183
9919,1992-08-29,5.183
9920,1992-08-30,5.367
9921,1992-08-31,5.183
9922,1992-07-01,5.367
9923,1992-07-02,5.367
9924,1992-07-03,6.557
9925,1992-07-04,7.435
9926,1992-07-05,7.435
9927,1992-07-06,5.555
9928,1992-07-07,13.25
9929,1992-07-08,13.25
9930,1992-07-09,8.384
9931,1992-07-10,8.14
9932,1992-07-11,10.786
9933,1992-07-12,8.14
9934,1992-07-13,6.557
9935,1992-07-14,6.348
9936,1992-07-15,6.348
9937,1992-07-16,6.348
9938,1992-07-17,6.348
9939,1992-07-18,6.143
9940,1992-07-19,5.943
9941,1992-07-20,5.943
9942,1992-07-21,5.747
9943,1992-07-22,5.747
9944,1992-07-23,9.671
9945,1992-07-24,8.632
9946,1992-07-25,8.632
9947,1992-07-26,6.987
9948,1992-07-27,6.987
9949,1992-07-28,6.143
9950,1992-07-29,5.943
9951,1992-07-30,5.747
9952,1992-07-31,5.747
9953,1992-06-01,6.77
9954,1992-06-02,11.077
9955,1992-06-03,6.77
9956,1992-06-04,6.77
9957,1992-06-05,6.77
9958,1992-06-06,6.348
9959,1992-06-07,6.348
9960,1992-06-08,6.557
9961,1992-06-09,6.557
9962,1992-06-10,6.143
9963,1992-06-11,6.143
9964,1992-06-12,7.666
9965,1992-06-13,8.14
9966,1992-06-14,6.77
9967,1992-06-15,6.348
9968,1992-06-16,6.143
9969,1992-06-17,6.143
9970,1992-06-18,5.943
9971,1992-06-19,5.943
9972,1992-06-20,5.943
9973,1992-06-21,5.943
9974,1992-06-22,5.943
9975,1992-06-23,5.747
9976,1992-06-24,5.747
9977,1992-06-25,5.555
9978,1992-06-26,5.555
9979,1992-06-27,5.555
9980,1992-06-28,5.555
9981,1992-06-29,5.367
9982,1992-06-30,5.367
9983,1992-05-01,6.77
9984,1992-05-02,11.077
9985,1992-05-03,6.77
9986,1992-05-04,6.77
9987,1992-05-05,6.77
9988,1992-05-06,6.348
9989,1992-05-07,6.348
9990,1992-05-08,6.557
9991,1992-05-09,6.557
9992,1992-05-10,6.143
9993,1992-05-11,6.143
9994,1992-05-12,7.666
9995,1992-05-13,8.14
9996,1992-05-14,6.77
9997,1992-05-15,6.348
9998,1992-05-16,6.143
9999,1992-05-17,6.143
10000,1992-05-18,5.943
10001,1992-05-19,5.943
10002,1992-05-20,5.943
10003,1992-05-21,5.943
10004,1992-05-22,5.943
10005,1992-05-23,5.747
10006,1992-05-24,5.747
10007,1992-05-25,5.555
10008,1992-05-26,5.555
10009,1992-05-27,5.555
10010,1992-05-28,5.555
10011,1992-05-29,5.555
10012,1992-05-30,5.367
10013,1992-05-31,5.367
10014,1992-04-01,2.773
10015,1992-04-02,2.773
10016,1992-04-03,2.613
10017,1992-04-04,2.613
10018,1992-04-05,2.613
10019,1992-04-06,2.613
10020,1992-04-07,2.613
10021,1992-04-08,2.535
10022,1992-04-09,100.22
10023,1992-04-10,44.262
10024,1992-04-11,22.434
10025,1992-04-12,13.087
10026,1992-04-13,12.925
10027,1992-04-14,12.925
10028,1992-04-15,12.604
10029,1992-04-16,12.604
10030,1992-04-17,12.604
10031,1992-04-18,12.289
10032,1992-04-19,8.632
10033,1992-04-20,8.632
10034,1992-04-21,8.632
10035,1992-04-22,8.632
10036,1992-04-23,8.384
10037,1992-04-24,7.666
10038,1992-04-25,7.666
10039,1992-04-26,15.311
10040,1992-04-27,22.663
10041,1992-04-28,18.761
10042,1992-04-29,15.311
10043,1992-04-30,15.311
10044,1992-03-01,3.87
10045,1992-03-02,3.87
10046,1992-03-03,4.181
10047,1992-03-04,4.621
10048,1992-03-05,4.288
10049,1992-03-06,4.181
10050,1992-03-07,4.076
10051,1992-03-08,3.87
10052,1992-03-09,3.87
10053,1992-03-10,3.671
10054,1992-03-11,3.573
10055,1992-03-12,3.026
10056,1992-03-13,2.856
10057,1992-03-14,2.773
10058,1992-03-15,2.773
10059,1992-03-16,2.693
10060,1992-03-17,2.693
10061,1992-03-18,2.693
10062,1992-03-19,2.94
10063,1992-03-20,3.113
10064,1992-03-21,3.202
10065,1992-03-22,3.384
10066,1992-03-23,3.671
10067,1992-03-24,3.573
10068,1992-03-25,3.384
10069,1992-03-26,3.202
10070,1992-03-27,3.113
10071,1992-03-28,2.94
10072,1992-03-29,2.94
10073,1992-03-30,2.773
10074,1992-03-31,2.773
10075,1992-02-01,8.379
10076,1992-02-02,7.731
10077,1992-02-03,7.115
10078,1992-02-04,7.115
10079,1992-02-05,6.966
10080,1992-02-06,6.966
10081,1992-02-07,6.966
10082,1992-02-08,6.819
10083,1992-02-09,6.532
10084,1992-02-10,6.252
10085,1992-02-11,5.587
10086,1992-02-12,4.97
10087,1992-02-13,4.288
10088,1992-02-14,3.972
10089,1992-02-15,3.769
10090,1992-02-16,3.671
10091,1992-02-17,3.573
10092,1992-02-18,3.478
10093,1992-02-19,3.384
10094,1992-02-20,3.292
10095,1992-02-21,3.292
10096,1992-02-22,3.113
10097,1992-02-23,3.113
10098,1992-02-24,3.113
10099,1992-02-25,3.202
10100,1992-02-26,3.292
10101,1992-02-27,3.671
10102,1992-02-28,3.769
10103,1992-02-29,3.769
10104,1992-01-01,8.547
10105,1992-01-02,9.062
10106,1992-01-03,10.922
10107,1992-01-04,10.151
10108,1992-01-05,8.379
10109,1992-01-06,9.964
10110,1992-01-07,11.525
10111,1992-01-08,10.341
10112,1992-01-09,8.214
10113,1992-01-10,6.966
10114,1992-01-11,6.115
10115,1992-01-12,5.46
10116,1992-01-13,9.964
10117,1992-01-14,13.234
10118,1992-01-15,18.751
10119,1992-01-16,21.375
10120,1992-01-17,22.612
10121,1992-01-18,72.17
10122,1992-01-19,83.227
10123,1992-01-20,51.977
10124,1992-01-21,32.182
10125,1992-01-22,23.895
10126,1992-01-23,22.612
10127,1992-01-24,21.072
10128,1992-01-25,19.315
10129,1992-01-26,18.198
10130,1992-01-27,15.589
10131,1992-01-28,13.459
10132,1992-01-29,12.148
10133,1992-01-30,10.533
10134,1992-01-31,9.238
10135,1991-12-01,5.335
10136,1991-12-02,5.211
10137,1991-12-03,5.211
10138,1991-12-04,5.089
10139,1991-12-05,4.97
10140,1991-12-06,4.97
10141,1991-12-07,8.051
10142,1991-12-08,9.416
10143,1991-12-09,10.533
10144,1991-12-10,9.78
10145,1991-12-11,8.051
10146,1991-12-12,6.252
10147,1991-12-13,5.716
10148,1991-12-14,5.335
10149,1991-12-15,5.211
10150,1991-12-16,5.089
10151,1991-12-17,5.089
10152,1991-12-18,4.97
10153,1991-12-19,6.675
10154,1991-12-20,8.888
10155,1991-12-21,10.341
10156,1991-12-22,9.238
10157,1991-12-23,8.051
10158,1991-12-24,7.419
10159,1991-12-25,6.966
10160,1991-12-26,6.532
10161,1991-12-27,6.252
10162,1991-12-28,6.252
10163,1991-12-29,9.416
10164,1991-12-30,9.78
10165,1991-12-31,9.062
10166,1991-11-01,8.214
10167,1991-11-02,12.148
10168,1991-11-03,11.73
10169,1991-11-04,10.533
10170,1991-11-05,7.574
10171,1991-11-06,6.819
10172,1991-11-07,6.252
10173,1991-11-08,5.981
10174,1991-11-09,5.716
10175,1991-11-10,5.716
10176,1991-11-11,5.46
10177,1991-11-12,5.335
10178,1991-11-13,5.211
10179,1991-11-14,4.97
10180,1991-11-15,4.97
10181,1991-11-16,25.223
10182,1991-11-17,32.979
10183,1991-11-18,33.382
10184,1991-11-19,31.788
10185,1991-11-20,26.25
10186,1991-11-21,24.553
10187,1991-11-22,21.988
10188,1991-11-23,14.147
10189,1991-11-24,12.361
10190,1991-11-25,10.533
10191,1991-11-26,8.214
10192,1991-11-27,7.115
10193,1991-11-28,6.115
10194,1991-11-29,5.716
10195,1991-11-30,5.46
10196,1991-10-01,7.115
10197,1991-10-02,6.252
10198,1991-10-03,12.361
10199,1991-10-04,19.315
10200,1991-10-05,23.57
10201,1991-10-06,26.95
10202,1991-10-07,30.626
10203,1991-10-08,33.382
10204,1991-10-09,30.626
10205,1991-10-10,27.661
10206,1991-10-11,27.304
10207,1991-10-12,26.25
10208,1991-10-13,25.563
10209,1991-10-14,25.905
10210,1991-10-15,26.95
10211,1991-10-16,24.223
10212,1991-10-17,19.032
10213,1991-10-18,14.857
10214,1991-10-19,13.234
10215,1991-10-20,16.09
10216,1991-10-21,11.938
10217,1991-10-22,10.341
10218,1991-10-23,10.151
10219,1991-10-24,9.062
10220,1991-10-25,8.716
10221,1991-10-26,7.89
10222,1991-10-27,6.966
10223,1991-10-28,6.252
10224,1991-10-29,5.587
10225,1991-10-30,4.97
10226,1991-10-31,4.852
10227,1991-09-01,4.076
10228,1991-09-02,8.214
10229,1991-09-03,7.731
10230,1991-09-04,6.675
10231,1991-09-05,5.46
10232,1991-09-06,5.46
10233,1991-09-07,5.211
10234,1991-09-08,4.97
10235,1991-09-09,4.735
10236,1991-09-10,4.508
10237,1991-09-11,4.508
10238,1991-09-12,4.398
10239,1991-09-13,4.398
10240,1991-09-14,4.288
10241,1991-09-15,4.076
10242,1991-09-16,3.87
10243,1991-09-17,3.87
10244,1991-09-18,3.87
10245,1991-09-19,3.769
10246,1991-09-20,3.478
10247,1991-09-21,3.478
10248,1991-09-22,6.675
10249,1991-09-23,7.731
10250,1991-09-24,7.731
10251,1991-09-25,8.716
10252,1991-09-26,12.148
10253,1991-09-27,19.315
10254,1991-09-28,20.773
10255,1991-09-29,20.182
10256,1991-09-30,12.792
10257,1991-08-01,11.525
10258,1991-08-02,11.121
10259,1991-08-03,10.922
10260,1991-08-04,10.533
10261,1991-08-05,10.151
10262,1991-08-06,9.78
10263,1991-08-07,8.888
10264,1991-08-08,8.716
10265,1991-08-09,8.379
10266,1991-08-10,8.214
10267,1991-08-11,7.89
10268,1991-08-12,9.964
10269,1991-08-13,9.78
10270,1991-08-14,8.716
10271,1991-08-15,8.051
10272,1991-08-16,7.89
10273,1991-08-17,7.419
10274,1991-08-18,7.419
10275,1991-08-19,6.966
10276,1991-08-20,6.819
10277,1991-08-21,6.675
10278,1991-08-22,6.252
10279,1991-08-23,6.252
10280,1991-08-24,5.848
10281,1991-08-25,5.716
10282,1991-08-26,5.335
10283,1991-08-27,4.97
10284,1991-08-28,4.97
10285,1991-08-29,4.735
10286,1991-08-30,4.398
10287,1991-08-31,4.181
10288,1991-07-01,14.381
10289,1991-07-02,13.459
10290,1991-07-03,13.234
10291,1991-07-04,12.575
10292,1991-07-05,12.361
10293,1991-07-06,11.73
10294,1991-07-07,11.73
10295,1991-07-08,11.525
10296,1991-07-09,11.322
10297,1991-07-10,11.322
10298,1991-07-11,11.322
10299,1991-07-12,10.922
10300,1991-07-13,10.922
10301,1991-07-14,10.726
10302,1991-07-15,14.618
10303,1991-07-16,18.474
10304,1991-07-17,17.926
10305,1991-07-18,14.857
10306,1991-07-19,14.381
10307,1991-07-20,14.381
10308,1991-07-21,14.147
10309,1991-07-22,14.147
10310,1991-07-23,13.686
10311,1991-07-24,13.459
10312,1991-07-25,13.459
10313,1991-07-26,12.575
10314,1991-07-27,12.361
10315,1991-07-28,12.148
10316,1991-07-29,11.938
10317,1991-07-30,11.322
10318,1991-07-31,11.121
10319,1991-06-01,14.618
10320,1991-06-02,14.381
10321,1991-06-03,14.147
10322,1991-06-04,13.915
10323,1991-06-05,13.915
10324,1991-06-06,13.915
10325,1991-06-07,14.618
10326,1991-06-08,22.299
10327,1991-06-09,19.601
10328,1991-06-10,15.098
10329,1991-06-11,13.234
10330,1991-06-12,12.575
10331,1991-06-13,11.322
10332,1991-06-14,11.121
10333,1991-06-15,11.121
10334,1991-06-16,11.121
10335,1991-06-17,12.792
10336,1991-06-18,13.686
10337,1991-06-19,13.012
10338,1991-06-20,13.012
10339,1991-06-21,12.575
10340,1991-06-22,12.148
10341,1991-06-23,11.938
10342,1991-06-24,11.938
10343,1991-06-25,13.459
10344,1991-06-26,14.381
10345,1991-06-27,13.234
10346,1991-06-28,12.148
10347,1991-06-29,11.322
10348,1991-06-30,14.147
10349,1991-05-01,
10350,1991-05-02,
10351,1991-05-03,
10352,1991-05-04,
10353,1991-05-05,
10354,1991-05-06,
10355,1991-05-07,
10356,1991-05-08,
10357,1991-05-09,
10358,1991-05-10,33.788
10359,1991-05-11,32.979
10360,1991-05-12,31.788
10361,1991-05-13,31.01
10362,1991-05-14,30.245
10363,1991-05-15,28.384
10364,1991-05-16,46.838
10365,1991-05-17,45.193
10366,1991-05-18,42.0
10367,1991-05-19,37.587
10368,1991-05-20,26.95
10369,1991-05-21,25.905
10370,1991-05-22,25.563
10371,1991-05-23,23.248
10372,1991-05-24,21.375
10373,1991-05-25,20.182
10374,1991-05-26,19.601
10375,1991-05-27,18.751
10376,1991-05-28,17.388
10377,1991-05-29,16.602
10378,1991-05-30,16.345
10379,1991-05-31,15.589
10380,1991-04-01,
10381,1991-04-02,
10382,1991-04-03,
10383,1991-04-04,
10384,1991-04-05,
10385,1991-04-06,
10386,1991-04-07,
10387,1991-04-08,
10388,1991-04-09,
10389,1991-04-10,
10390,1991-04-11,
10391,1991-04-12,
10392,1991-04-13,
10393,1991-04-14,
10394,1991-04-15,
10395,1991-04-16,
10396,1991-04-17,
10397,1991-04-18,
10398,1991-04-19,
10399,1991-04-20,
10400,1991-04-21,
10401,1991-04-22,
10402,1991-04-23,
10403,1991-04-24,
10404,1991-04-25,
10405,1991-04-26,
10406,1991-04-27,
10407,1991-04-28,
10408,1991-04-29,
10409,1991-04-30,
10410,1991-03-01,3.87
10411,1991-03-02,3.87
10412,1991-03-03,4.181
10413,1991-03-04,4.621
10414,1991-03-05,4.288
10415,1991-03-06,4.181
10416,1991-03-07,4.076
10417,1991-03-08,3.87
10418,1991-03-09,3.87
10419,1991-03-10,3.671
10420,1991-03-11,3.573
10421,1991-03-12,3.026
10422,1991-03-13,2.856
10423,1991-03-14,2.773
10424,1991-03-15,2.773
10425,1991-03-16,2.693
10426,1991-03-17,2.693
10427,1991-03-18,2.693
10428,1991-03-19,2.94
10429,1991-03-20,3.113
10430,1991-03-21,3.202
10431,1991-03-22,3.384
10432,1991-03-23,3.671
10433,1991-03-24,3.573
10434,1991-03-25,3.384
10435,1991-03-26,3.202
10436,1991-03-27,3.113
10437,1991-03-28,2.94
10438,1991-03-29,2.94
10439,1991-03-30,2.773
10440,1991-03-31,2.773
10441,1991-02-01,13.234
10442,1991-02-02,10.151
10443,1991-02-03,9.062
10444,1991-02-04,8.547
10445,1991-02-05,
10446,1991-02-06,
10447,1991-02-07,
10448,1991-02-08,
10449,1991-02-09,
10450,1991-02-10,
10451,1991-02-11,
10452,1991-02-12,
10453,1991-02-13,
10454,1991-02-14,
10455,1991-02-15,
10456,1991-02-16,
10457,1991-02-17,
10458,1991-02-18,
10459,1991-02-19,
10460,1991-02-20,
10461,1991-02-21,
10462,1991-02-22,
10463,1991-02-23,
10464,1991-02-24,
10465,1991-02-25,
10466,1991-02-26,
10467,1991-02-27,
10468,1991-02-28,
10469,1991-01-01,7.731
10470,1991-01-02,7.574
10471,1991-01-03,9.062
10472,1991-01-04,26.95
10473,1991-01-05,45.847
10474,1991-01-06,21.375
10475,1991-01-07,12.792
10476,1991-01-08,11.322
10477,1991-01-09,10.151
10478,1991-01-10,9.416
10479,1991-01-11,11.525
10480,1991-01-12,15.098
10481,1991-01-13,28.021
10482,1991-01-14,40.454
10483,1991-01-15,42.628
10484,1991-01-16,42.944
10485,1991-01-17,42.314
10486,1991-01-18,73.879
10487,1991-01-19,110.738
10488,1991-01-20,109.659
10489,1991-01-21,54.478
10490,1991-01-22,32.182
10491,1991-01-23,13.234
10492,1991-01-24,25.563
10493,1991-01-25,27.304
10494,1991-01-26,40.148
10495,1991-01-27,56.306
10496,1991-01-28,47.842
10497,1991-01-29,29.491
10498,1991-01-30,19.601
10499,1991-01-31,14.381
10500,1990-12-01,8.214
10501,1990-12-02,7.419
10502,1990-12-03,6.966
10503,1990-12-04,6.819
10504,1990-12-05,6.819
10505,1990-12-06,6.391
10506,1990-12-07,6.115
10507,1990-12-08,6.819
10508,1990-12-09,6.675
10509,1990-12-10,6.252
10510,1990-12-11,6.252
10511,1990-12-12,6.391
10512,1990-12-13,6.819
10513,1990-12-14,8.214
10514,1990-12-15,11.73
10515,1990-12-16,13.459
10516,1990-12-17,8.888
10517,1990-12-18,7.89
10518,1990-12-19,7.266
10519,1990-12-20,8.888
10520,1990-12-21,10.151
10521,1990-12-22,10.341
10522,1990-12-23,8.716
10523,1990-12-24,7.574
10524,1990-12-25,6.675
10525,1990-12-26,6.252
10526,1990-12-27,6.252
10527,1990-12-28,10.341
10528,1990-12-29,8.214
10529,1990-12-30,7.89
10530,1990-12-31,7.731
10531,1990-11-01,6.252
10532,1990-11-02,29.866
10533,1990-11-03,58.544
10534,1990-11-04,69.648
10535,1990-11-05,105.405
10536,1990-11-06,98.693
10537,1990-11-07,86.954
10538,1990-11-08,47.506
10539,1990-11-09,45.193
10540,1990-11-10,21.375
10541,1990-11-11,11.525
10542,1990-11-12,11.938
10543,1990-11-13,10.922
10544,1990-11-14,10.533
10545,1990-11-15,9.238
10546,1990-11-16,9.062
10547,1990-11-17,8.716
10548,1990-11-18,8.716
10549,1990-11-19,8.547
10550,1990-11-20,8.547
10551,1990-11-21,8.379
10552,1990-11-22,8.214
10553,1990-11-23,8.214
10554,1990-11-24,8.214
10555,1990-11-25,7.89
10556,1990-11-26,7.419
10557,1990-11-27,54.478
10558,1990-11-28,19.89
10559,1990-11-29,18.474
10560,1990-11-30,10.922
10561,1990-10-01,8.888
10562,1990-10-02,8.547
10563,1990-10-03,10.341
10564,1990-10-04,9.78
10565,1990-10-05,9.238
10566,1990-10-06,7.419
10567,1990-10-07,6.252
10568,1990-10-08,5.587
10569,1990-10-09,5.46
10570,1990-10-10,5.211
10571,1990-10-11,5.211
10572,1990-10-12,4.97
10573,1990-10-13,4.97
10574,1990-10-14,4.735
10575,1990-10-15,4.735
10576,1990-10-16,25.905
10577,1990-10-17,10.922
10578,1990-10-18,5.587
10579,1990-10-19,9.597
10580,1990-10-20,13.234
10581,1990-10-21,11.121
10582,1990-10-22,9.062
10583,1990-10-23,7.731
10584,1990-10-24,7.574
10585,1990-10-25,6.966
10586,1990-10-26,6.675
10587,1990-10-27,6.115
10588,1990-10-28,5.848
10589,1990-10-29,4.97
10590,1990-10-30,5.981
10591,1990-10-31,5.587
10592,1990-09-01,9.416
10593,1990-09-02,9.062
10594,1990-09-03,8.379
10595,1990-09-04,8.379
10596,1990-09-05,8.051
10597,1990-09-06,7.731
10598,1990-09-07,7.731
10599,1990-09-08,7.266
10600,1990-09-09,7.115
10601,1990-09-10,7.115
10602,1990-09-11,7.115
10603,1990-09-12,7.115
10604,1990-09-13,6.966
10605,1990-09-14,6.966
10606,1990-09-15,7.115
10607,1990-09-16,7.115
10608,1990-09-17,7.115
10609,1990-09-18,6.819
10610,1990-09-19,8.051
10611,1990-09-20,9.964
10612,1990-09-21,13.012
10613,1990-09-22,17.124
10614,1990-09-23,22.929
10615,1990-09-24,32.579
10616,1990-09-25,40.454
10617,1990-09-26,32.579
10618,1990-09-27,23.57
10619,1990-09-28,16.602
10620,1990-09-29,12.792
10621,1990-09-30,9.964
10622,1990-08-01,10.726
10623,1990-08-02,8.051
10624,1990-08-03,7.419
10625,1990-08-04,7.419
10626,1990-08-05,7.419
10627,1990-08-06,7.266
10628,1990-08-07,7.115
10629,1990-08-08,7.115
10630,1990-08-09,6.819
10631,1990-08-10,6.819
10632,1990-08-11,6.532
10633,1990-08-12,6.532
10634,1990-08-13,6.532
10635,1990-08-14,6.532
10636,1990-08-15,5.848
10637,1990-08-16,8.051
10638,1990-08-17,8.547
10639,1990-08-18,9.062
10640,1990-08-19,9.062
10641,1990-08-20,7.574
10642,1990-08-21,6.675
10643,1990-08-22,6.675
10644,1990-08-23,8.379
10645,1990-08-24,10.341
10646,1990-08-25,12.575
10647,1990-08-26,21.988
10648,1990-08-27,25.905
10649,1990-08-28,33.788
10650,1990-08-29,34.197
10651,1990-08-30,19.89
10652,1990-08-31,12.361
10653,1990-07-01,9.78
10654,1990-07-02,11.322
10655,1990-07-03,14.147
10656,1990-07-04,15.839
10657,1990-07-05,16.345
10658,1990-07-06,17.388
10659,1990-07-07,20.476
10660,1990-07-08,22.929
10661,1990-07-09,26.95
10662,1990-07-10,30.245
10663,1990-07-11,34.61
10664,1990-07-12,42.0
10665,1990-07-13,47.506
10666,1990-07-14,46.507
10667,1990-07-15,45.193
10668,1990-07-16,42.628
10669,1990-07-17,40.454
10670,1990-07-18,38.641
10671,1990-07-19,38.026
10672,1990-07-20,37.152
10673,1990-07-21,33.382
10674,1990-07-22,31.398
10675,1990-07-23,30.626
10676,1990-07-24,29.491
10677,1990-07-25,24.223
10678,1990-07-26,19.315
10679,1990-07-27,18.474
10680,1990-07-28,17.124
10681,1990-07-29,16.09
10682,1990-07-30,15.343
10683,1990-07-31,13.012
10684,1990-06-01,11.322
10685,1990-06-02,10.922
10686,1990-06-03,10.726
10687,1990-06-04,10.533
10688,1990-06-05,10.151
10689,1990-06-06,10.151
10690,1990-06-07,9.964
10691,1990-06-08,9.78
10692,1990-06-09,9.78
10693,1990-06-10,9.78
10694,1990-06-11,9.78
10695,1990-06-12,11.322
10696,1990-06-13,10.726
10697,1990-06-14,10.533
10698,1990-06-15,10.151
10699,1990-06-16,9.78
10700,1990-06-17,9.78
10701,1990-06-18,9.597
10702,1990-06-19,9.416
10703,1990-06-20,9.416
10704,1990-06-21,9.416
10705,1990-06-22,9.416
10706,1990-06-23,9.416
10707,1990-06-24,9.416
10708,1990-06-25,9.416
10709,1990-06-26,9.416
10710,1990-06-27,9.238
10711,1990-06-28,9.238
10712,1990-06-29,8.888
10713,1990-06-30,8.888
10714,1990-05-01,44.221
10715,1990-05-02,43.58
10716,1990-05-03,36.721
10717,1990-05-04,21.68
10718,1990-05-05,19.315
10719,1990-05-06,16.345
10720,1990-05-07,14.618
10721,1990-05-08,13.915
10722,1990-05-09,13.459
10723,1990-05-10,13.459
10724,1990-05-11,13.234
10725,1990-05-12,16.09
10726,1990-05-13,26.25
10727,1990-05-14,46.176
10728,1990-05-15,40.148
10729,1990-05-16,28.021
10730,1990-05-17,21.988
10731,1990-05-18,22.299
10732,1990-05-19,21.375
10733,1990-05-20,19.89
10734,1990-05-21,16.09
10735,1990-05-22,14.147
10736,1990-05-23,13.459
10737,1990-05-24,13.234
10738,1990-05-25,13.012
10739,1990-05-26,12.792
10740,1990-05-27,12.575
10741,1990-05-28,12.361
10742,1990-05-29,11.938
10743,1990-05-30,11.73
10744,1990-05-31,11.73
10745,1990-04-01,18.198
10746,1990-04-02,15.839
10747,1990-04-03,13.915
10748,1990-04-04,12.361
10749,1990-04-05,11.322
10750,1990-04-06,10.533
10751,1990-04-07,9.597
10752,1990-04-08,9.416
10753,1990-04-09,9.78
10754,1990-04-10,11.73
10755,1990-04-11,13.686
10756,1990-04-12,13.459
10757,1990-04-13,13.012
10758,1990-04-14,12.148
10759,1990-04-15,11.121
10760,1990-04-16,9.964
10761,1990-04-17,10.341
10762,1990-04-18,12.792
10763,1990-04-19,155.558
10764,1990-04-20,87.9
10765,1990-04-21,50.925
10766,1990-04-22,41.068
10767,1990-04-23,31.398
10768,1990-04-24,22.929
10769,1990-04-25,19.89
10770,1990-04-26,17.926
10771,1990-04-27,16.09
10772,1990-04-28,14.381
10773,1990-04-29,13.459
10774,1990-04-30,14.618
10775,1990-03-01,7.89
10776,1990-03-02,7.419
10777,1990-03-03,7.115
10778,1990-03-04,6.966
10779,1990-03-05,6.966
10780,1990-03-06,6.819
10781,1990-03-07,6.675
10782,1990-03-08,9.238
10783,1990-03-09,8.547
10784,1990-03-10,8.379
10785,1990-03-11,8.214
10786,1990-03-12,7.89
10787,1990-03-13,7.419
10788,1990-03-14,7.115
10789,1990-03-15,6.819
10790,1990-03-16,8.379
10791,1990-03-17,8.051
10792,1990-03-18,8.547
10793,1990-03-19,9.062
10794,1990-03-20,14.857
10795,1990-03-21,38.026
10796,1990-03-22,35.026
10797,1990-03-23,31.788
10798,1990-03-24,28.021
10799,1990-03-25,31.398
10800,1990-03-26,37.152
10801,1990-03-27,40.148
10802,1990-03-28,31.788
10803,1990-03-29,18.474
10804,1990-03-30,13.459
10805,1990-03-31,12.148
10806,1990-02-01,
10807,1990-02-02,
10808,1990-02-03,
10809,1990-02-04,
10810,1990-02-05,
10811,1990-02-06,
10812,1990-02-07,
10813,1990-02-08,
10814,1990-02-09,
10815,1990-02-10,
10816,1990-02-11,
10817,1990-02-12,
10818,1990-02-13,
10819,1990-02-14,
10820,1990-02-15,
10821,1990-02-16,11.121
10822,1990-02-17,9.964
10823,1990-02-18,8.716
10824,1990-02-19,7.89
10825,1990-02-20,7.419
10826,1990-02-21,7.115
10827,1990-02-22,6.966
10828,1990-02-23,6.819
10829,1990-02-24,7.419
10830,1990-02-25,8.547
10831,1990-02-26,9.78
10832,1990-02-27,10.341
10833,1990-02-28,8.716
10834,1990-01-01,
10835,1990-01-02,
10836,1990-01-03,
10837,1990-01-04,
10838,1990-01-05,
10839,1990-01-06,
10840,1990-01-07,
10841,1990-01-08,
10842,1990-01-09,
10843,1990-01-10,
10844,1990-01-11,
10845,1990-01-12,
10846,1990-01-13,
10847,1990-01-14,
10848,1990-01-15,
10849,1990-01-16,
10850,1990-01-17,
10851,1990-01-18,
10852,1990-01-19,
10853,1990-01-20,
10854,1990-01-21,
10855,1990-01-22,
10856,1990-01-23,
10857,1990-01-24,
10858,1990-01-25,
10859,1990-01-26,
10860,1990-01-27,
10861,1990-01-28,
10862,1990-01-29,
10863,1990-01-30,
10864,1990-01-31,
10865,1989-12-01,39.541
10866,1989-12-02,39.541
10867,1989-12-03,27.304
10868,1989-12-04,17.388
10869,1989-12-05,14.147
10870,1989-12-06,13.234
10871,1989-12-07,11.938
10872,1989-12-08,11.322
10873,1989-12-09,10.922
10874,1989-12-10,10.726
10875,1989-12-11,10.922
10876,1989-12-12,10.922
10877,1989-12-13,10.922
10878,1989-12-14,11.121
10879,1989-12-15,17.124
10880,1989-12-16,22.299
10881,1989-12-17,16.345
10882,1989-12-18,14.618
10883,1989-12-19,13.459
10884,1989-12-20,82.767
10885,1989-12-21,100.22
10886,1989-12-22,54.117
10887,1989-12-23,28.021
10888,1989-12-24,23.57
10889,1989-12-25,20.182
10890,1989-12-26,18.474
10891,1989-12-27,19.89
10892,1989-12-28,17.388
10893,1989-12-29,16.09
10894,1989-12-30,15.343
10895,1989-12-31,14.147
10896,1989-11-01,11.322
10897,1989-11-02,14.618
10898,1989-11-03,13.915
10899,1989-11-04,12.361
10900,1989-11-05,11.73
10901,1989-11-06,11.525
10902,1989-11-07,11.322
10903,1989-11-08,11.322
10904,1989-11-09,11.322
10905,1989-11-10,13.012
10906,1989-11-11,22.299
10907,1989-11-12,15.839
10908,1989-11-13,13.459
10909,1989-11-14,12.792
10910,1989-11-15,12.575
10911,1989-11-16,12.148
10912,1989-11-17,11.938
10913,1989-11-18,11.322
10914,1989-11-19,11.322
10915,1989-11-20,11.322
10916,1989-11-21,11.322
10917,1989-11-22,13.915
10918,1989-11-23,13.012
10919,1989-11-24,11.938
10920,1989-11-25,11.525
10921,1989-11-26,11.121
10922,1989-11-27,10.922
10923,1989-11-28,11.938
10924,1989-11-29,33.382
10925,1989-11-30,23.57
10926,1989-10-01,30.626
10927,1989-10-02,23.895
10928,1989-10-03,19.032
10929,1989-10-04,15.343
10930,1989-10-05,13.234
10931,1989-10-06,12.361
10932,1989-10-07,12.148
10933,1989-10-08,15.343
10934,1989-10-09,15.098
10935,1989-10-10,13.234
10936,1989-10-11,12.148
10937,1989-10-12,11.73
10938,1989-10-13,11.322
10939,1989-10-14,11.322
10940,1989-10-15,11.322
10941,1989-10-16,11.121
10942,1989-10-17,10.726
10943,1989-10-18,10.533
10944,1989-10-19,10.533
10945,1989-10-20,10.151
10946,1989-10-21,10.151
10947,1989-10-22,9.964
10948,1989-10-23,11.525
10949,1989-10-24,12.792
10950,1989-10-25,11.121
10951,1989-10-26,9.964
10952,1989-10-27,10.726
10953,1989-10-28,12.575
10954,1989-10-29,12.361
10955,1989-10-30,11.525
10956,1989-10-31,11.322
10957,1989-09-01,15.589
10958,1989-09-02,14.147
10959,1989-09-03,11.73
10960,1989-09-04,11.322
10961,1989-09-05,11.322
10962,1989-09-06,11.322
10963,1989-09-07,10.922
10964,1989-09-08,10.922
10965,1989-09-09,10.726
10966,1989-09-10,10.726
10967,1989-09-11,10.533
10968,1989-09-12,10.341
10969,1989-09-13,10.151
10970,1989-09-14,10.151
10971,1989-09-15,10.341
10972,1989-09-16,10.922
10973,1989-09-17,10.341
10974,1989-09-18,9.416
10975,1989-09-19,8.716
10976,1989-09-20,8.547
10977,1989-09-21,8.379
10978,1989-09-22,8.214
10979,1989-09-23,8.379
10980,1989-09-24,8.379
10981,1989-09-25,15.098
10982,1989-09-26,20.476
10983,1989-09-27,18.198
10984,1989-09-28,17.124
10985,1989-09-29,19.315
10986,1989-09-30,24.553
10987,1989-08-01,11.938
10988,1989-08-02,11.73
10989,1989-08-03,11.73
10990,1989-08-04,11.525
10991,1989-08-05,11.322
10992,1989-08-06,11.322
10993,1989-08-07,11.322
10994,1989-08-08,11.322
10995,1989-08-09,11.322
10996,1989-08-10,11.322
10997,1989-08-11,11.322
10998,1989-08-12,11.322
10999,1989-08-13,11.322
11000,1989-08-14,11.322
11001,1989-08-15,11.322
11002,1989-08-16,11.938
11003,1989-08-17,11.73
11004,1989-08-18,11.525
11005,1989-08-19,11.525
11006,1989-08-20,11.322
11007,1989-08-21,11.121
11008,1989-08-22,10.922
11009,1989-08-23,10.922
11010,1989-08-24,10.726
11011,1989-08-25,10.726
11012,1989-08-26,10.533
11013,1989-08-27,10.533
11014,1989-08-28,14.618
11015,1989-08-29,16.09
11016,1989-08-30,13.459
11017,1989-08-31,12.148
11018,1989-07-01,16.861
11019,1989-07-02,16.602
11020,1989-07-03,16.345
11021,1989-07-04,16.861
11022,1989-07-05,48.518
11023,1989-07-06,50.925
11024,1989-07-07,36.721
11025,1989-07-08,22.929
11026,1989-07-09,19.89
11027,1989-07-10,18.751
11028,1989-07-11,18.474
11029,1989-07-12,17.656
11030,1989-07-13,17.124
11031,1989-07-14,16.345
11032,1989-07-15,15.343
11033,1989-07-16,14.618
11034,1989-07-17,14.147
11035,1989-07-18,13.915
11036,1989-07-19,13.686
11037,1989-07-20,13.459
11038,1989-07-21,13.459
11039,1989-07-22,13.234
11040,1989-07-23,13.012
11041,1989-07-24,13.012
11042,1989-07-25,13.012
11043,1989-07-26,12.792
11044,1989-07-27,12.792
11045,1989-07-28,12.361
11046,1989-07-29,12.148
11047,1989-07-30,11.938
11048,1989-07-31,11.938
11049,1989-06-01,17.656
11050,1989-06-02,17.388
11051,1989-06-03,17.124
11052,1989-06-04,16.602
11053,1989-06-05,16.09
11054,1989-06-06,15.839
11055,1989-06-07,15.839
11056,1989-06-08,15.589
11057,1989-06-09,15.098
11058,1989-06-10,15.589
11059,1989-06-11,16.602
11060,1989-06-12,87.9
11061,1989-06-13,59.301
11062,1989-06-14,33.788
11063,1989-06-15,21.68
11064,1989-06-16,20.182
11065,1989-06-17,19.601
11066,1989-06-18,19.601
11067,1989-06-19,18.474
11068,1989-06-20,17.926
11069,1989-06-21,17.656
11070,1989-06-22,17.656
11071,1989-06-23,17.388
11072,1989-06-24,17.388
11073,1989-06-25,17.926
11074,1989-06-26,20.773
11075,1989-06-27,18.474
11076,1989-06-28,17.388
11077,1989-06-29,16.861
11078,1989-06-30,17.124
11079,1989-05-01,25.223
11080,1989-05-02,24.887
11081,1989-05-03,23.895
11082,1989-05-04,23.57
11083,1989-05-05,22.299
11084,1989-05-06,24.223
11085,1989-05-07,37.152
11086,1989-05-08,37.152
11087,1989-05-09,32.579
11088,1989-05-10,29.866
11089,1989-05-11,27.661
11090,1989-05-12,26.25
11091,1989-05-13,24.553
11092,1989-05-14,24.223
11093,1989-05-15,23.57
11094,1989-05-16,23.57
11095,1989-05-17,20.182
11096,1989-05-18,31.398
11097,1989-05-19,24.553
11098,1989-05-20,21.68
11099,1989-05-21,19.032
11100,1989-05-22,20.773
11101,1989-05-23,17.926
11102,1989-05-24,17.124
11103,1989-05-25,17.926
11104,1989-05-26,21.988
11105,1989-05-27,21.68
11106,1989-05-28,20.182
11107,1989-05-29,18.751
11108,1989-05-30,18.474
11109,1989-05-31,18.198
11110,1989-04-01,20.182
11111,1989-04-02,19.89
11112,1989-04-03,45.847
11113,1989-04-04,47.172
11114,1989-04-05,41.378
11115,1989-04-06,38.641
11116,1989-04-07,31.398
11117,1989-04-08,23.895
11118,1989-04-09,23.895
11119,1989-04-10,27.304
11120,1989-04-11,29.491
11121,1989-04-12,25.905
11122,1989-04-13,42.0
11123,1989-04-14,47.842
11124,1989-04-15,45.519
11125,1989-04-16,59.301
11126,1989-04-17,49.199
11127,1989-04-18,45.193
11128,1989-04-19,50.925
11129,1989-04-20,98.187
11130,1989-04-21,67.995
11131,1989-04-22,50.23
11132,1989-04-23,40.454
11133,1989-04-24,32.579
11134,1989-04-25,28.75
11135,1989-04-26,25.223
11136,1989-04-27,22.612
11137,1989-04-28,20.773
11138,1989-04-29,20.182
11139,1989-04-30,24.223
11140,1989-03-01,16.345
11141,1989-03-02,15.839
11142,1989-03-03,17.926
11143,1989-03-04,19.601
11144,1989-03-05,21.375
11145,1989-03-06,19.89
11146,1989-03-07,18.474
11147,1989-03-08,26.95
11148,1989-03-09,23.895
11149,1989-03-10,18.751
11150,1989-03-11,17.388
11151,1989-03-12,19.315
11152,1989-03-13,31.01
11153,1989-03-14,39.541
11154,1989-03-15,31.788
11155,1989-03-16,29.866
11156,1989-03-17,38.94
11157,1989-03-18,27.661
11158,1989-03-19,23.895
11159,1989-03-20,20.773
11160,1989-03-21,18.474
11161,1989-03-22,17.656
11162,1989-03-23,17.388
11163,1989-03-24,17.388
11164,1989-03-25,17.388
11165,1989-03-26,17.388
11166,1989-03-27,16.861
11167,1989-03-28,21.68
11168,1989-03-29,22.299
11169,1989-03-30,20.773
11170,1989-03-31,20.476
11171,1989-02-01,17.926
11172,1989-02-02,19.89
11173,1989-02-03,18.474
11174,1989-02-04,21.375
11175,1989-02-05,29.119
11176,1989-02-06,33.382
11177,1989-02-07,26.598
11178,1989-02-08,22.299
11179,1989-02-09,19.89
11180,1989-02-10,31.398
11181,1989-02-11,39.844
11182,1989-02-12,42.628
11183,1989-02-13,38.94
11184,1989-02-14,35.867
11185,1989-02-15,32.979
11186,1989-02-16,28.75
11187,1989-02-17,30.245
11188,1989-02-18,26.598
11189,1989-02-19,21.072
11190,1989-02-20,18.198
11191,1989-02-21,16.602
11192,1989-02-22,15.839
11193,1989-02-23,15.839
11194,1989-02-24,23.57
11195,1989-02-25,20.773
11196,1989-02-26,18.751
11197,1989-02-27,17.124
11198,1989-02-28,18.751
11199,1989-01-01,144.643
11200,1989-01-02,154.25
11201,1989-01-03,108.053
11202,1989-01-04,80.041
11203,1989-01-05,59.301
11204,1989-01-06,42.944
11205,1989-01-07,20.476
11206,1989-01-08,11.73
11207,1989-01-09,12.575
11208,1989-01-10,14.381
11209,1989-01-11,15.343
11210,1989-01-12,16.09
11211,1989-01-13,22.299
11212,1989-01-14,54.841
11213,1989-01-15,56.306
11214,1989-01-16,41.068
11215,1989-01-17,29.491
11216,1989-01-18,31.398
11217,1989-01-19,25.563
11218,1989-01-20,21.988
11219,1989-01-21,19.032
11220,1989-01-22,17.926
11221,1989-01-23,17.388
11222,1989-01-24,16.602
11223,1989-01-25,15.589
11224,1989-01-26,14.857
11225,1989-01-27,14.381
11226,1989-01-28,12.792
11227,1989-01-29,10.533
11228,1989-01-30,8.547
11229,1989-01-31,7.574
11230,1988-12-01,11.322
11231,1988-12-02,11.322
11232,1988-12-03,11.938
11233,1988-12-04,15.589
11234,1988-12-05,11.525
11235,1988-12-06,9.78
11236,1988-12-07,9.416
11237,1988-12-08,9.416
11238,1988-12-09,9.416
11239,1988-12-10,9.238
11240,1988-12-11,11.121
11241,1988-12-12,15.589
11242,1988-12-13,11.525
11243,1988-12-14,12.361
11244,1988-12-15,16.602
11245,1988-12-16,56.676
11246,1988-12-17,78.697
11247,1988-12-18,57.419
11248,1988-12-19,22.929
11249,1988-12-20,13.234
11250,1988-12-21,14.618
11251,1988-12-22,16.09
11252,1988-12-23,16.861
11253,1988-12-24,19.315
11254,1988-12-25,20.773
11255,1988-12-26,45.847
11256,1988-12-27,32.979
11257,1988-12-28,38.94
11258,1988-12-29,54.478
11259,1988-12-30,54.117
11260,1988-12-31,94.193
11261,1988-11-01,18.288
11262,1988-11-02,106.46
11263,1988-11-03,47.506
11264,1988-11-04,43.58
11265,1988-11-05,77.366
11266,1988-11-06,73.022
11267,1988-11-07,42.628
11268,1988-11-08,26.25
11269,1988-11-09,21.375
11270,1988-11-10,16.09
11271,1988-11-11,14.147
11272,1988-11-12,13.234
11273,1988-11-13,12.575
11274,1988-11-14,13.234
11275,1988-11-15,29.491
11276,1988-11-16,35.867
11277,1988-11-17,28.75
11278,1988-11-18,21.375
11279,1988-11-19,17.656
11280,1988-11-20,14.618
11281,1988-11-21,13.012
11282,1988-11-22,11.938
11283,1988-11-23,11.938
11284,1988-11-24,11.938
11285,1988-11-25,11.322
11286,1988-11-26,10.922
11287,1988-11-27,10.726
11288,1988-11-28,19.315
11289,1988-11-29,16.602
11290,1988-11-30,12.361
11291,1988-10-01,10.011
11292,1988-10-02,9.564
11293,1988-10-03,8.564
11294,1988-10-04,7.887
11295,1988-10-05,7.624
11296,1988-10-06,7.624
11297,1988-10-07,11.746
11298,1988-10-08,9.128
11299,1988-10-09,8.844
11300,1988-10-10,8.844
11301,1988-10-11,15.482
11302,1988-10-12,13.103
11303,1988-10-13,12.756
11304,1988-10-14,10.938
11305,1988-10-15,9.417
11306,1988-10-16,9.417
11307,1988-10-17,37.752
11308,1988-10-18,22.04
11309,1988-10-19,15.291
11310,1988-10-20,12.584
11311,1988-10-21,10.938
11312,1988-10-22,10.469
11313,1988-10-23,10.469
11314,1988-10-24,11.911
11315,1988-10-25,11.258
11316,1988-10-26,11.582
11317,1988-10-27,26.949
11318,1988-10-28,27.731
11319,1988-10-29,18.922
11320,1988-10-30,14.541
11321,1988-10-31,12.584
11322,1988-09-01,7.495
11323,1988-09-02,8.844
11324,1988-09-03,9.861
11325,1988-09-04,9.564
11326,1988-09-05,8.985
11327,1988-09-06,8.154
11328,1988-09-07,7.887
11329,1988-09-08,7.755
11330,1988-09-09,7.495
11331,1988-09-10,7.495
11332,1988-09-11,7.24
11333,1988-09-12,7.24
11334,1988-09-13,7.114
11335,1988-09-14,6.989
11336,1988-09-15,7.114
11337,1988-09-16,7.624
11338,1988-09-17,8.703
11339,1988-09-18,10.315
11340,1988-09-19,14.357
11341,1988-09-20,16.258
11342,1988-09-21,12.077
11343,1988-09-22,9.417
11344,1988-09-23,8.985
11345,1988-09-24,8.564
11346,1988-09-25,8.29
11347,1988-09-26,7.887
11348,1988-09-27,7.755
11349,1988-09-28,9.417
11350,1988-09-29,10.469
11351,1988-09-30,10.315
11352,1988-08-01,10.162
11353,1988-08-02,10.011
11354,1988-08-03,9.861
11355,1988-08-04,9.861
11356,1988-08-05,9.712
11357,1988-08-06,9.712
11358,1988-08-07,9.564
11359,1988-08-08,9.564
11360,1988-08-09,9.272
11361,1988-08-10,8.703
11362,1988-08-11,12.077
11363,1988-08-12,11.911
11364,1988-08-13,11.097
11365,1988-08-14,10.162
11366,1988-08-15,9.564
11367,1988-08-16,9.417
11368,1988-08-17,8.985
11369,1988-08-18,8.703
11370,1988-08-19,8.703
11371,1988-08-20,8.564
11372,1988-08-21,8.426
11373,1988-08-22,8.426
11374,1988-08-23,8.426
11375,1988-08-24,8.29
11376,1988-08-25,8.29
11377,1988-08-26,8.154
11378,1988-08-27,8.02
11379,1988-08-28,7.887
11380,1988-08-29,7.755
11381,1988-08-30,7.624
11382,1988-08-31,7.495
11383,1988-07-01,14.914
11384,1988-07-02,14.357
11385,1988-07-03,13.812
11386,1988-07-04,13.278
11387,1988-07-05,12.929
11388,1988-07-06,12.414
11389,1988-07-07,12.584
11390,1988-07-08,13.633
11391,1988-07-09,15.674
11392,1988-07-10,18.288
11393,1988-07-11,19.787
11394,1988-07-12,19.136
11395,1988-07-13,18.079
11396,1988-07-14,16.258
11397,1988-07-15,14.914
11398,1988-07-16,14.357
11399,1988-07-17,13.455
11400,1988-07-18,13.103
11401,1988-07-19,12.584
11402,1988-07-20,12.245
11403,1988-07-21,11.746
11404,1988-07-22,11.419
11405,1988-07-23,11.258
11406,1988-07-24,11.258
11407,1988-07-25,12.584
11408,1988-07-26,12.245
11409,1988-07-27,11.582
11410,1988-07-28,11.258
11411,1988-07-29,10.938
11412,1988-07-30,10.624
11413,1988-07-31,10.315
11414,1988-06-01,26.434
11415,1988-06-02,22.743
11416,1988-06-03,18.498
11417,1988-06-04,16.653
11418,1988-06-05,16.062
11419,1988-06-06,15.291
11420,1988-06-07,15.102
11421,1988-06-08,14.727
11422,1988-06-09,14.541
11423,1988-06-10,14.174
11424,1988-06-11,24.673
11425,1988-06-12,21.579
11426,1988-06-13,20.897
11427,1988-06-14,26.949
11428,1988-06-15,26.69
11429,1988-06-16,20.449
11430,1988-06-17,17.46
11431,1988-06-18,15.867
11432,1988-06-19,14.914
11433,1988-06-20,14.357
11434,1988-06-21,13.992
11435,1988-06-22,13.812
11436,1988-06-23,13.633
11437,1988-06-24,13.992
11438,1988-06-25,20.897
11439,1988-06-26,24.673
11440,1988-06-27,20.897
11441,1988-06-28,18.709
11442,1988-06-29,16.853
11443,1988-06-30,15.674
11444,1988-05-01,32.663
11445,1988-05-02,24.921
11446,1988-05-03,22.04
11447,1988-05-04,20.449
11448,1988-05-05,18.922
11449,1988-05-06,18.288
11450,1988-05-07,22.979
11451,1988-05-08,20.672
11452,1988-05-09,18.288
11453,1988-05-10,16.653
11454,1988-05-11,16.258
11455,1988-05-12,16.258
11456,1988-05-13,16.258
11457,1988-05-14,21.35
11458,1988-05-15,20.897
11459,1988-05-16,22.04
11460,1988-05-17,25.17
11461,1988-05-18,22.743
11462,1988-05-19,21.123
11463,1988-05-20,19.569
11464,1988-05-21,18.709
11465,1988-05-22,18.709
11466,1988-05-23,18.922
11467,1988-05-24,29.063
11468,1988-05-25,26.69
11469,1988-05-26,21.809
11470,1988-05-27,20.672
11471,1988-05-28,20.227
11472,1988-05-29,19.352
11473,1988-05-30,19.136
11474,1988-05-31,18.709
11475,1988-04-01,18.498
11476,1988-04-02,27.208
11477,1988-04-03,20.897
11478,1988-04-04,17.665
11479,1988-04-05,16.455
11480,1988-04-06,15.867
11481,1988-04-07,15.674
11482,1988-04-08,16.258
11483,1988-04-09,29.606
11484,1988-04-10,21.35
11485,1988-04-11,17.256
11486,1988-04-12,19.787
11487,1988-04-13,18.922
11488,1988-04-14,17.256
11489,1988-04-15,16.653
11490,1988-04-16,15.867
11491,1988-04-17,15.482
11492,1988-04-18,16.258
11493,1988-04-19,15.291
11494,1988-04-20,15.102
11495,1988-04-21,14.914
11496,1988-04-22,14.727
11497,1988-04-23,14.727
11498,1988-04-24,14.727
11499,1988-04-25,14.727
11500,1988-04-26,14.727
11501,1988-04-27,15.102
11502,1988-04-28,50.925
11503,1988-04-29,53.757
11504,1988-04-30,43.261
11505,1988-03-01,30.429
11506,1988-03-02,29.879
11507,1988-03-03,38.94
11508,1988-03-04,36.585
11509,1988-03-05,35.723
11510,1988-03-06,35.439
11511,1988-03-07,34.313
11512,1988-03-08,31.547
11513,1988-03-09,38.94
11514,1988-03-10,35.155
11515,1988-03-11,33.208
11516,1988-03-12,31.83
11517,1988-03-13,30.985
11518,1988-03-14,30.429
11519,1988-03-15,28.526
11520,1988-03-16,26.178
11521,1988-03-17,23.939
11522,1988-03-18,23.697
11523,1988-03-19,24.427
11524,1988-03-20,23.456
11525,1988-03-21,22.507
11526,1988-03-22,20.672
11527,1988-03-23,19.352
11528,1988-03-24,18.709
11529,1988-03-25,18.288
11530,1988-03-26,18.288
11531,1988-03-27,18.079
11532,1988-03-28,18.079
11533,1988-03-29,17.871
11534,1988-03-30,17.871
11535,1988-03-31,17.871
11536,1988-02-01,6.623
11537,1988-02-02,22.04
11538,1988-02-03,18.288
11539,1988-02-04,17.665
11540,1988-02-05,83.688
11541,1988-02-06,94.193
11542,1988-02-07,100.732
11543,1988-02-08,61.606
11544,1988-02-09,45.193
11545,1988-02-10,41.688
11546,1988-02-11,53.398
11547,1988-02-12,60.832
11548,1988-02-13,60.064
11549,1988-02-14,53.398
11550,1988-02-15,39.541
11551,1988-02-16,32.399
11552,1988-02-17,27.208
11553,1988-02-18,23.217
11554,1988-02-19,53.398
11555,1988-02-20,106.46
11556,1988-02-21,102.276
11557,1988-02-22,124.148
11558,1988-02-23,92.719
11559,1988-02-24,43.9
11560,1988-02-25,26.69
11561,1988-02-26,31.83
11562,1988-02-27,40.148
11563,1988-02-28,36.585
11564,1988-02-29,32.935
11565,1988-01-01,23.697
11566,1988-01-02,25.924
11567,1988-01-03,17.665
11568,1988-01-04,15.482
11569,1988-01-05,13.992
11570,1988-01-06,12.929
11571,1988-01-07,19.352
11572,1988-01-08,20.449
11573,1988-01-09,18.922
11574,1988-01-10,13.992
11575,1988-01-11,11.258
11576,1988-01-12,12.245
11577,1988-01-13,12.245
11578,1988-01-14,10.938
11579,1988-01-15,9.861
11580,1988-01-16,9.272
11581,1988-01-17,8.703
11582,1988-01-18,8.154
11583,1988-01-19,7.624
11584,1988-01-20,7.367
11585,1988-01-21,7.114
11586,1988-01-22,6.989
11587,1988-01-23,6.866
11588,1988-01-24,6.866
11589,1988-01-25,8.844
11590,1988-01-26,7.495
11591,1988-01-27,6.866
11592,1988-01-28,6.623
11593,1988-01-29,6.623
11594,1988-01-30,6.623
11595,1988-01-31,6.267
11596,1987-12-01,5.37
11597,1987-12-02,5.922
11598,1987-12-03,6.866
11599,1987-12-04,7.887
11600,1987-12-05,8.985
11601,1987-12-06,9.564
11602,1987-12-07,9.861
11603,1987-12-08,9.564
11604,1987-12-09,10.162
11605,1987-12-10,12.584
11606,1987-12-11,15.867
11607,1987-12-12,17.256
11608,1987-12-13,18.922
11609,1987-12-14,19.352
11610,1987-12-15,27.208
11611,1987-12-16,18.079
11612,1987-12-17,12.414
11613,1987-12-18,9.272
11614,1987-12-19,9.128
11615,1987-12-20,18.288
11616,1987-12-21,39.24
11617,1987-12-22,32.935
11618,1987-12-23,23.697
11619,1987-12-24,14.914
11620,1987-12-25,10.624
11621,1987-12-26,8.844
11622,1987-12-27,8.29
11623,1987-12-28,8.426
11624,1987-12-29,10.011
11625,1987-12-30,10.162
11626,1987-12-31,11.746
11627,1987-11-01,5.37
11628,1987-11-02,5.263
11629,1987-11-03,5.157
11630,1987-11-04,5.053
11631,1987-11-05,4.847
11632,1987-11-06,4.747
11633,1987-11-07,4.747
11634,1987-11-08,24.183
11635,1987-11-09,30.985
11636,1987-11-10,19.136
11637,1987-11-11,15.867
11638,1987-11-12,20.227
11639,1987-11-13,18.498
11640,1987-11-14,20.897
11641,1987-11-15,16.062
11642,1987-11-16,13.992
11643,1987-11-17,11.746
11644,1987-11-18,11.419
11645,1987-11-19,8.844
11646,1987-11-20,4.548
11647,1987-11-21,3.712
11648,1987-11-22,3.453
11649,1987-11-23,3.453
11650,1987-11-24,3.889
11651,1987-11-25,5.053
11652,1987-11-26,6.267
11653,1987-11-27,7.887
11654,1987-11-28,7.367
11655,1987-11-29,6.744
11656,1987-11-30,5.809
11657,1987-10-01,5.157
11658,1987-10-02,5.157
11659,1987-10-03,5.697
11660,1987-10-04,5.37
11661,1987-10-05,5.157
11662,1987-10-06,5.157
11663,1987-10-07,5.587
11664,1987-10-08,6.267
11665,1987-10-09,5.922
11666,1987-10-10,5.478
11667,1987-10-11,5.157
11668,1987-10-12,5.053
11669,1987-10-13,4.95
11670,1987-10-14,4.95
11671,1987-10-15,6.035
11672,1987-10-16,5.478
11673,1987-10-17,5.053
11674,1987-10-18,4.95
11675,1987-10-19,5.053
11676,1987-10-20,22.04
11677,1987-10-21,15.867
11678,1987-10-22,15.102
11679,1987-10-23,16.653
11680,1987-10-24,18.288
11681,1987-10-25,16.455
11682,1987-10-26,8.154
11683,1987-10-27,6.503
11684,1987-10-28,6.035
11685,1987-10-29,6.503
11686,1987-10-30,5.922
11687,1987-10-31,5.478
11688,1987-09-01,8.564
11689,1987-09-02,7.24
11690,1987-09-03,6.384
11691,1987-09-04,6.15
11692,1987-09-05,5.809
11693,1987-09-06,5.809
11694,1987-09-07,6.989
11695,1987-09-08,6.035
11696,1987-09-09,5.478
11697,1987-09-10,5.37
11698,1987-09-11,5.37
11699,1987-09-12,6.503
11700,1987-09-13,9.417
11701,1987-09-14,7.114
11702,1987-09-15,6.384
11703,1987-09-16,6.035
11704,1987-09-17,6.035
11705,1987-09-18,6.267
11706,1987-09-19,6.503
11707,1987-09-20,6.866
11708,1987-09-21,6.866
11709,1987-09-22,6.623
11710,1987-09-23,6.503
11711,1987-09-24,6.866
11712,1987-09-25,6.503
11713,1987-09-26,6.267
11714,1987-09-27,5.922
11715,1987-09-28,5.587
11716,1987-09-29,5.37
11717,1987-09-30,5.37
11718,1987-08-01,6.866
11719,1987-08-02,5.809
11720,1987-08-03,5.263
11721,1987-08-04,5.157
11722,1987-08-05,5.157
11723,1987-08-06,5.157
11724,1987-08-07,5.157
11725,1987-08-08,5.157
11726,1987-08-09,5.157
11727,1987-08-10,4.847
11728,1987-08-11,4.847
11729,1987-08-12,4.847
11730,1987-08-13,4.747
11731,1987-08-14,4.647
11732,1987-08-15,4.451
11733,1987-08-16,4.354
11734,1987-08-17,4.354
11735,1987-08-18,4.548
11736,1987-08-19,8.426
11737,1987-08-20,7.367
11738,1987-08-21,6.035
11739,1987-08-22,5.37
11740,1987-08-23,5.263
11741,1987-08-24,5.157
11742,1987-08-25,5.053
11743,1987-08-26,4.95
11744,1987-08-27,4.95
11745,1987-08-28,4.847
11746,1987-08-29,4.847
11747,1987-08-30,4.747
11748,1987-08-31,5.478
11749,1987-07-01,7.624
11750,1987-07-02,7.367
11751,1987-07-03,7.367
11752,1987-07-04,7.114
11753,1987-07-05,6.866
11754,1987-07-06,6.623
11755,1987-07-07,6.384
11756,1987-07-08,6.384
11757,1987-07-09,6.267
11758,1987-07-10,6.623
11759,1987-07-11,6.503
11760,1987-07-12,6.267
11761,1987-07-13,6.15
11762,1987-07-14,6.035
11763,1987-07-15,6.035
11764,1987-07-16,5.922
11765,1987-07-17,5.697
11766,1987-07-18,5.587
11767,1987-07-19,5.478
11768,1987-07-20,5.478
11769,1987-07-21,5.37
11770,1987-07-22,6.15
11771,1987-07-23,6.035
11772,1987-07-24,5.809
11773,1987-07-25,5.587
11774,1987-07-26,5.478
11775,1987-07-27,5.37
11776,1987-07-28,5.263
11777,1987-07-29,5.157
11778,1987-07-30,5.157
11779,1987-07-31,5.263
11780,1987-06-01,9.272
11781,1987-06-02,8.703
11782,1987-06-03,8.426
11783,1987-06-04,8.29
11784,1987-06-05,8.29
11785,1987-06-06,8.29
11786,1987-06-07,11.097
11787,1987-06-08,21.579
11788,1987-06-09,28.26
11789,1987-06-10,13.812
11790,1987-06-11,11.258
11791,1987-06-12,9.712
11792,1987-06-13,9.272
11793,1987-06-14,8.844
11794,1987-06-15,8.844
11795,1987-06-16,10.011
11796,1987-06-17,11.582
11797,1987-06-18,10.781
11798,1987-06-19,10.315
11799,1987-06-20,9.861
11800,1987-06-21,9.128
11801,1987-06-22,8.29
11802,1987-06-23,9.417
11803,1987-06-24,14.174
11804,1987-06-25,11.419
11805,1987-06-26,8.703
11806,1987-06-27,8.29
11807,1987-06-28,8.29
11808,1987-06-29,8.154
11809,1987-06-30,7.887
11810,1987-05-01,11.258
11811,1987-05-02,11.258
11812,1987-05-03,10.781
11813,1987-05-04,11.746
11814,1987-05-05,12.414
11815,1987-05-06,10.781
11816,1987-05-07,10.469
11817,1987-05-08,10.011
11818,1987-05-09,10.011
11819,1987-05-10,10.011
11820,1987-05-11,9.712
11821,1987-05-12,9.712
11822,1987-05-13,9.712
11823,1987-05-14,10.938
11824,1987-05-15,9.861
11825,1987-05-16,10.624
11826,1987-05-17,10.315
11827,1987-05-18,10.162
11828,1987-05-19,9.564
11829,1987-05-20,9.128
11830,1987-05-21,10.011
11831,1987-05-22,10.469
11832,1987-05-23,9.861
11833,1987-05-24,9.712
11834,1987-05-25,10.162
11835,1987-05-26,10.624
11836,1987-05-27,10.162
11837,1987-05-28,9.417
11838,1987-05-29,8.985
11839,1987-05-30,10.011
11840,1987-05-31,9.712
11841,1987-04-01,13.812
11842,1987-04-02,13.103
11843,1987-04-03,14.914
11844,1987-04-04,19.787
11845,1987-04-05,23.456
11846,1987-04-06,20.006
11847,1987-04-07,17.665
11848,1987-04-08,16.853
11849,1987-04-09,16.258
11850,1987-04-10,15.867
11851,1987-04-11,15.674
11852,1987-04-12,14.541
11853,1987-04-13,13.812
11854,1987-04-14,13.103
11855,1987-04-15,12.414
11856,1987-04-16,12.077
11857,1987-04-17,11.582
11858,1987-04-18,11.419
11859,1987-04-19,11.097
11860,1987-04-20,10.781
11861,1987-04-21,10.315
11862,1987-04-22,13.455
11863,1987-04-23,21.579
11864,1987-04-24,20.006
11865,1987-04-25,18.079
11866,1987-04-26,15.102
11867,1987-04-27,13.633
11868,1987-04-28,12.414
11869,1987-04-29,11.746
11870,1987-04-30,11.419
11871,1987-03-01,16.062
11872,1987-03-02,15.291
11873,1987-03-03,14.541
11874,1987-03-04,13.992
11875,1987-03-05,13.812
11876,1987-03-06,13.455
11877,1987-03-07,13.278
11878,1987-03-08,13.278
11879,1987-03-09,14.541
11880,1987-03-10,19.787
11881,1987-03-11,37.166
11882,1987-03-12,22.273
11883,1987-03-13,20.449
11884,1987-03-14,38.047
11885,1987-03-15,38.94
11886,1987-03-16,42.0
11887,1987-03-17,57.047
11888,1987-03-18,34.313
11889,1987-03-19,29.063
11890,1987-03-20,29.606
11891,1987-03-21,35.155
11892,1987-03-22,26.434
11893,1987-03-23,22.04
11894,1987-03-24,19.352
11895,1987-03-25,17.46
11896,1987-03-26,16.455
11897,1987-03-27,15.867
11898,1987-03-28,15.482
11899,1987-03-29,15.102
11900,1987-03-30,15.102
11901,1987-03-31,14.727
11902,1987-02-01,30.429
11903,1987-02-02,25.17
11904,1987-02-03,19.787
11905,1987-02-04,22.743
11906,1987-02-05,28.26
11907,1987-02-06,22.507
11908,1987-02-07,19.569
11909,1987-02-08,17.46
11910,1987-02-09,16.853
11911,1987-02-10,22.979
11912,1987-02-11,38.343
11913,1987-02-12,43.58
11914,1987-02-13,48.179
11915,1987-02-14,43.9
11916,1987-02-15,42.314
11917,1987-02-16,39.24
11918,1987-02-17,38.047
11919,1987-02-18,43.261
11920,1987-02-19,34.592
11921,1987-02-20,25.671
11922,1987-02-21,21.35
11923,1987-02-22,19.136
11924,1987-02-23,18.709
11925,1987-02-24,18.498
11926,1987-02-25,18.079
11927,1987-02-26,17.665
11928,1987-02-27,17.256
11929,1987-02-28,17.054
11930,1987-01-01,42.0
11931,1987-01-02,31.265
11932,1987-01-03,22.273
11933,1987-01-04,19.136
11934,1987-01-05,16.653
11935,1987-01-06,14.914
11936,1987-01-07,13.812
11937,1987-01-08,13.633
11938,1987-01-09,15.102
11939,1987-01-10,14.357
11940,1987-01-11,13.812
11941,1987-01-12,12.756
11942,1987-01-13,11.746
11943,1987-01-14,11.097
11944,1987-01-15,10.469
11945,1987-01-16,10.315
11946,1987-01-17,14.727
11947,1987-01-18,20.672
11948,1987-01-19,73.022
11949,1987-01-20,69.232
11950,1987-01-21,43.58
11951,1987-01-22,23.697
11952,1987-01-23,18.288
11953,1987-01-24,18.922
11954,1987-01-25,22.743
11955,1987-01-26,28.526
11956,1987-01-27,26.178
11957,1987-01-28,24.183
11958,1987-01-29,34.035
11959,1987-01-30,42.0
11960,1987-01-31,36.585
11961,1986-12-01,4.587
11962,1986-12-02,4.587
11963,1986-12-03,4.587
11964,1986-12-04,4.587
11965,1986-12-05,4.587
11966,1986-12-06,4.587
11967,1986-12-07,5.362
11968,1986-12-08,6.092
11969,1986-12-09,17.322
11970,1986-12-10,9.674
11971,1986-12-11,9.503
11972,1986-12-12,34.633
11973,1986-12-13,12.099
11974,1986-12-14,8.836
11975,1986-12-15,7.307
11976,1986-12-16,7.025
11977,1986-12-17,7.598
11978,1986-12-18,7.746
11979,1986-12-19,8.357
11980,1986-12-20,9.848
11981,1986-12-21,10.382
11982,1986-12-22,9.503
11983,1986-12-23,8.674
11984,1986-12-24,8.357
11985,1986-12-25,7.896
11986,1986-12-26,7.896
11987,1986-12-27,7.896
11988,1986-12-28,8.357
11989,1986-12-29,11.899
11990,1986-12-30,97.683
11991,1986-12-31,46.838
11992,1986-11-01,4.8
11993,1986-11-02,4.587
11994,1986-11-03,4.587
11995,1986-11-04,4.587
11996,1986-11-05,4.587
11997,1986-11-06,4.587
11998,1986-11-07,8.515
11999,1986-11-08,35.86
12000,1986-11-09,42.432
12001,1986-11-10,14.217
12002,1986-11-11,12.71
12003,1986-11-12,18.627
12004,1986-11-13,16.079
12005,1986-11-14,14.441
12006,1986-11-15,12.71
12007,1986-11-16,9.674
12008,1986-11-17,7.165
12009,1986-11-18,6.22
12010,1986-11-19,5.362
12011,1986-11-20,5.02
12012,1986-11-21,4.8
12013,1986-11-22,4.693
12014,1986-11-23,4.587
12015,1986-11-24,4.587
12016,1986-11-25,4.587
12017,1986-11-26,4.587
12018,1986-11-27,4.587
12019,1986-11-28,6.749
12020,1986-11-29,5.362
12021,1986-11-30,4.909
12022,1986-10-01,6.614
12023,1986-10-02,6.22
12024,1986-10-03,5.966
12025,1986-10-04,5.719
12026,1986-10-05,5.479
12027,1986-10-06,5.246
12028,1986-10-07,5.02
12029,1986-10-08,5.02
12030,1986-10-09,5.02
12031,1986-10-10,4.8
12032,1986-10-11,4.8
12033,1986-10-12,4.8
12034,1986-10-13,4.8
12035,1986-10-14,5.479
12036,1986-10-15,5.719
12037,1986-10-16,5.362
12038,1986-10-17,5.02
12039,1986-10-18,5.02
12040,1986-10-19,14.441
12041,1986-10-20,14.897
12042,1986-10-21,10.748
12043,1986-10-22,7.452
12044,1986-10-23,15.363
12045,1986-10-24,11.507
12046,1986-10-25,8.836
12047,1986-10-26,7.746
12048,1986-10-27,6.749
12049,1986-10-28,6.092
12050,1986-10-29,5.719
12051,1986-10-30,5.362
12052,1986-10-31,4.909
12053,1986-09-01,4.8
12054,1986-09-02,4.8
12055,1986-09-03,4.8
12056,1986-09-04,4.8
12057,1986-09-05,4.8
12058,1986-09-06,4.8
12059,1986-09-07,5.02
12060,1986-09-08,5.966
12061,1986-09-09,5.479
12062,1986-09-10,5.02
12063,1986-09-11,4.8
12064,1986-09-12,4.8
12065,1986-09-13,4.587
12066,1986-09-14,4.587
12067,1986-09-15,4.587
12068,1986-09-16,4.38
12069,1986-09-17,4.179
12070,1986-09-18,3.985
12071,1986-09-19,3.985
12072,1986-09-20,3.985
12073,1986-09-21,14.668
12074,1986-09-22,24.182
12075,1986-09-23,15.363
12076,1986-09-24,8.836
12077,1986-09-25,6.749
12078,1986-09-26,6.886
12079,1986-09-27,32.264
12080,1986-09-28,18.361
12081,1986-09-29,8.201
12082,1986-09-30,7.165
12083,1986-08-01,5.966
12084,1986-08-02,5.966
12085,1986-08-03,5.719
12086,1986-08-04,5.719
12087,1986-08-05,5.719
12088,1986-08-06,5.479
12089,1986-08-07,5.479
12090,1986-08-08,5.479
12091,1986-08-09,5.479
12092,1986-08-10,5.246
12093,1986-08-11,5.132
12094,1986-08-12,5.02
12095,1986-08-13,5.02
12096,1986-08-14,4.8
12097,1986-08-15,4.8
12098,1986-08-16,4.8
12099,1986-08-17,4.8
12100,1986-08-18,4.8
12101,1986-08-19,4.8
12102,1986-08-20,4.8
12103,1986-08-21,5.02
12104,1986-08-22,5.842
12105,1986-08-23,6.092
12106,1986-08-24,5.599
12107,1986-08-25,5.479
12108,1986-08-26,5.246
12109,1986-08-27,5.246
12110,1986-08-28,5.02
12111,1986-08-29,5.02
12112,1986-08-30,5.02
12113,1986-08-31,5.02
12114,1986-07-01,5.719
12115,1986-07-02,5.719
12116,1986-07-03,5.719
12117,1986-07-04,5.719
12118,1986-07-05,5.719
12119,1986-07-06,6.092
12120,1986-07-07,15.129
12121,1986-07-08,13.342
12122,1986-07-09,9.848
12123,1986-07-10,9.0
12124,1986-07-11,8.357
12125,1986-07-12,7.598
12126,1986-07-13,7.025
12127,1986-07-14,6.749
12128,1986-07-15,6.481
12129,1986-07-16,6.35
12130,1986-07-17,6.092
12131,1986-07-18,5.842
12132,1986-07-19,5.719
12133,1986-07-20,5.719
12134,1986-07-21,6.749
12135,1986-07-22,12.918
12136,1986-07-23,9.848
12137,1986-07-24,8.836
12138,1986-07-25,6.886
12139,1986-07-26,6.22
12140,1986-07-27,5.966
12141,1986-07-28,5.719
12142,1986-07-29,5.719
12143,1986-07-30,6.886
12144,1986-07-31,6.35
12145,1986-06-01,10.935
12146,1986-06-02,10.202
12147,1986-06-03,9.503
12148,1986-06-04,9.0
12149,1986-06-05,8.515
12150,1986-06-06,8.515
12151,1986-06-07,8.201
12152,1986-06-08,8.201
12153,1986-06-09,7.896
12154,1986-06-10,7.598
12155,1986-06-11,7.307
12156,1986-06-12,7.307
12157,1986-06-13,8.674
12158,1986-06-14,7.746
12159,1986-06-15,7.307
12160,1986-06-16,7.025
12161,1986-06-17,7.025
12162,1986-06-18,7.025
12163,1986-06-19,7.025
12164,1986-06-20,7.307
12165,1986-06-21,8.836
12166,1986-06-22,7.598
12167,1986-06-23,6.886
12168,1986-06-24,6.749
12169,1986-06-25,6.481
12170,1986-06-26,6.22
12171,1986-06-27,6.22
12172,1986-06-28,5.966
12173,1986-06-29,5.842
12174,1986-06-30,5.719
12175,1986-05-01,14.217
12176,1986-05-02,13.775
12177,1986-05-03,13.129
12178,1986-05-04,12.3
12179,1986-05-05,11.702
12180,1986-05-06,11.314
12181,1986-05-07,11.314
12182,1986-05-08,11.314
12183,1986-05-09,11.314
12184,1986-05-10,11.314
12185,1986-05-11,11.314
12186,1986-05-12,11.314
12187,1986-05-13,11.314
12188,1986-05-14,11.702
12189,1986-05-15,15.599
12190,1986-05-16,12.71
12191,1986-05-17,10.382
12192,1986-05-18,9.848
12193,1986-05-19,9.848
12194,1986-05-20,9.503
12195,1986-05-21,9.503
12196,1986-05-22,13.775
12197,1986-05-23,14.217
12198,1986-05-24,12.71
12199,1986-05-25,11.314
12200,1986-05-26,10.935
12201,1986-05-27,10.564
12202,1986-05-28,10.024
12203,1986-05-29,9.503
12204,1986-05-30,9.333
12205,1986-05-31,9.165
12206,1986-04-01,14.217
12207,1986-04-02,14.217
12208,1986-04-03,13.775
12209,1986-04-04,13.775
12210,1986-04-05,13.342
12211,1986-04-06,13.342
12212,1986-04-07,12.918
12213,1986-04-08,12.504
12214,1986-04-09,12.504
12215,1986-04-10,12.099
12216,1986-04-11,12.099
12217,1986-04-12,12.099
12218,1986-04-13,14.441
12219,1986-04-14,13.129
12220,1986-04-15,12.918
12221,1986-04-16,38.401
12222,1986-04-17,28.559
12223,1986-04-18,19.44
12224,1986-04-19,15.129
12225,1986-04-20,13.342
12226,1986-04-21,12.918
12227,1986-04-22,12.71
12228,1986-04-23,12.504
12229,1986-04-24,12.71
12230,1986-04-25,13.342
12231,1986-04-26,13.342
12232,1986-04-27,14.217
12233,1986-04-28,47.172
12234,1986-04-29,22.023
12235,1986-04-30,16.079
12236,1986-03-01,20.277
12237,1986-03-02,22.323
12238,1986-03-03,28.559
12239,1986-03-04,51.977
12240,1986-03-05,42.432
12241,1986-03-06,29.276
12242,1986-03-07,42.432
12243,1986-03-08,60.064
12244,1986-03-09,47.172
12245,1986-03-10,39.273
12246,1986-03-11,30.746
12247,1986-03-12,22.023
12248,1986-03-13,18.627
12249,1986-03-14,17.322
12250,1986-03-15,16.322
12251,1986-03-16,16.079
12252,1986-03-17,15.599
12253,1986-03-18,14.897
12254,1986-03-19,14.668
12255,1986-03-20,16.079
12256,1986-03-21,17.577
12257,1986-03-22,16.817
12258,1986-03-23,15.838
12259,1986-03-24,15.129
12260,1986-03-25,14.668
12261,1986-03-26,16.079
12262,1986-03-27,18.361
12263,1986-03-28,17.836
12264,1986-03-29,16.322
12265,1986-03-30,15.363
12266,1986-03-31,14.441
12267,1986-02-01,10.024
12268,1986-02-02,9.848
12269,1986-02-03,12.099
12270,1986-02-04,25.808
12271,1986-02-05,22.626
12272,1986-02-06,18.895
12273,1986-02-07,18.627
12274,1986-02-08,17.577
12275,1986-02-09,15.363
12276,1986-02-10,13.994
12277,1986-02-11,12.71
12278,1986-02-12,13.775
12279,1986-02-13,32.264
12280,1986-02-14,23.552
12281,1986-02-15,33.435
12282,1986-02-16,55.571
12283,1986-02-17,76.925
12284,1986-02-18,58.922
12285,1986-02-19,35.86
12286,1986-02-20,28.559
12287,1986-02-21,47.506
12288,1986-02-22,47.172
12289,1986-02-23,41.058
12290,1986-02-24,36.694
12291,1986-02-25,26.818
12292,1986-02-26,20.848
12293,1986-02-27,19.996
12294,1986-02-28,19.166
12295,1986-01-01,15.599
12296,1986-01-02,18.895
12297,1986-01-03,18.627
12298,1986-01-04,15.838
12299,1986-01-05,13.557
12300,1986-01-06,11.702
12301,1986-01-07,10.748
12302,1986-01-08,10.564
12303,1986-01-09,11.702
12304,1986-01-10,16.079
12305,1986-01-11,21.43
12306,1986-01-12,53.398
12307,1986-01-13,42.432
12308,1986-01-14,36.694
12309,1986-01-15,35.448
12310,1986-01-16,31.499
12311,1986-01-17,28.916
12312,1986-01-18,28.559
12313,1986-01-19,28.559
12314,1986-01-20,29.639
12315,1986-01-21,39.715
12316,1986-01-22,35.448
12317,1986-01-23,31.121
12318,1986-01-24,26.142
12319,1986-01-25,20.848
12320,1986-01-26,15.838
12321,1986-01-27,13.557
12322,1986-01-28,13.775
12323,1986-01-29,11.899
12324,1986-01-30,11.123
12325,1986-01-31,10.382
12326,1985-12-01,17.836
12327,1985-12-02,15.599
12328,1985-12-03,21.43
12329,1985-12-04,25.808
12330,1985-12-05,25.149
12331,1985-12-06,21.725
12332,1985-12-07,17.068
12333,1985-12-08,15.599
12334,1985-12-09,13.129
12335,1985-12-10,10.564
12336,1985-12-11,9.503
12337,1985-12-12,9.0
12338,1985-12-13,8.357
12339,1985-12-14,7.896
12340,1985-12-15,7.896
12341,1985-12-16,7.598
12342,1985-12-17,7.307
12343,1985-12-18,7.025
12344,1985-12-19,6.749
12345,1985-12-20,7.025
12346,1985-12-21,7.025
12347,1985-12-22,8.048
12348,1985-12-23,10.748
12349,1985-12-24,20.562
12350,1985-12-25,24.824
12351,1985-12-26,12.918
12352,1985-12-27,9.503
12353,1985-12-28,9.165
12354,1985-12-29,8.836
12355,1985-12-30,9.848
12356,1985-12-31,11.899
12357,1985-11-01,9.503
12358,1985-11-02,7.896
12359,1985-11-03,10.748
12360,1985-11-04,85.546
12361,1985-11-05,99.201
12362,1985-11-06,73.45
12363,1985-11-07,24.502
12364,1985-11-08,16.569
12365,1985-11-09,12.3
12366,1985-11-10,9.848
12367,1985-11-11,8.674
12368,1985-11-12,8.201
12369,1985-11-13,7.746
12370,1985-11-14,7.165
12371,1985-11-15,6.749
12372,1985-11-16,6.481
12373,1985-11-17,6.481
12374,1985-11-18,6.35
12375,1985-11-19,6.22
12376,1985-11-20,6.22
12377,1985-11-21,9.0
12378,1985-11-22,7.452
12379,1985-11-23,7.025
12380,1985-11-24,7.452
12381,1985-11-25,10.748
12382,1985-11-26,13.129
12383,1985-11-27,22.023
12384,1985-11-28,34.633
12385,1985-11-29,28.205
12386,1985-11-30,22.023
12387,1985-10-01,17.836
12388,1985-10-02,11.507
12389,1985-10-03,17.068
12390,1985-10-04,10.748
12391,1985-10-05,7.452
12392,1985-10-06,6.481
12393,1985-10-07,6.22
12394,1985-10-08,7.452
12395,1985-10-09,6.749
12396,1985-10-10,6.092
12397,1985-10-11,5.362
12398,1985-10-12,4.909
12399,1985-10-13,4.8
12400,1985-10-14,4.587
12401,1985-10-15,4.8
12402,1985-10-16,4.587
12403,1985-10-17,5.599
12404,1985-10-18,5.479
12405,1985-10-19,5.02
12406,1985-10-20,5.02
12407,1985-10-21,5.966
12408,1985-10-22,16.322
12409,1985-10-23,10.024
12410,1985-10-24,8.357
12411,1985-10-25,8.048
12412,1985-10-26,7.896
12413,1985-10-27,7.165
12414,1985-10-28,6.886
12415,1985-10-29,6.749
12416,1985-10-30,6.481
12417,1985-10-31,6.22
12418,1985-09-01,6.35
12419,1985-09-02,28.205
12420,1985-09-03,14.217
12421,1985-09-04,8.357
12422,1985-09-05,6.749
12423,1985-09-06,10.748
12424,1985-09-07,9.503
12425,1985-09-08,7.598
12426,1985-09-09,6.749
12427,1985-09-10,6.35
12428,1985-09-11,6.092
12429,1985-09-12,5.719
12430,1985-09-13,5.362
12431,1985-09-14,4.909
12432,1985-09-15,4.8
12433,1985-09-16,4.587
12434,1985-09-17,4.587
12435,1985-09-18,5.02
12436,1985-09-19,5.246
12437,1985-09-20,5.246
12438,1985-09-21,5.02
12439,1985-09-22,4.8
12440,1985-09-23,4.8
12441,1985-09-24,4.8
12442,1985-09-25,4.8
12443,1985-09-26,4.8
12444,1985-09-27,5.132
12445,1985-09-28,5.246
12446,1985-09-29,6.35
12447,1985-09-30,22.932
12448,1985-08-01,5.479
12449,1985-08-02,5.479
12450,1985-08-03,5.246
12451,1985-08-04,5.246
12452,1985-08-05,5.02
12453,1985-08-06,5.02
12454,1985-08-07,5.02
12455,1985-08-08,4.8
12456,1985-08-09,4.8
12457,1985-08-10,4.8
12458,1985-08-11,4.8
12459,1985-08-12,4.8
12460,1985-08-13,4.8
12461,1985-08-14,4.8
12462,1985-08-15,4.587
12463,1985-08-16,4.587
12464,1985-08-17,4.587
12465,1985-08-18,4.587
12466,1985-08-19,4.587
12467,1985-08-20,4.587
12468,1985-08-21,4.587
12469,1985-08-22,5.842
12470,1985-08-23,23.866
12471,1985-08-24,16.569
12472,1985-08-25,9.848
12473,1985-08-26,7.746
12474,1985-08-27,6.35
12475,1985-08-28,5.842
12476,1985-08-29,5.362
12477,1985-08-30,5.246
12478,1985-08-31,5.246
12479,1985-07-01,7.025
12480,1985-07-02,6.749
12481,1985-07-03,6.481
12482,1985-07-04,6.35
12483,1985-07-05,6.22
12484,1985-07-06,6.22
12485,1985-07-07,6.22
12486,1985-07-08,6.22
12487,1985-07-09,6.22
12488,1985-07-10,6.22
12489,1985-07-11,6.22
12490,1985-07-12,6.22
12491,1985-07-13,6.22
12492,1985-07-14,6.22
12493,1985-07-15,6.22
12494,1985-07-16,6.22
12495,1985-07-17,5.966
12496,1985-07-18,5.966
12497,1985-07-19,5.966
12498,1985-07-20,5.966
12499,1985-07-21,5.966
12500,1985-07-22,5.966
12501,1985-07-23,5.966
12502,1985-07-24,5.966
12503,1985-07-25,7.307
12504,1985-07-26,6.35
12505,1985-07-27,6.35
12506,1985-07-28,6.35
12507,1985-07-29,6.35
12508,1985-07-30,5.842
12509,1985-07-31,5.719
12510,1985-06-01,11.73
12511,1985-06-02,13.012
12512,1985-06-03,14.217
12513,1985-06-04,12.504
12514,1985-06-05,10.935
12515,1985-06-06,10.202
12516,1985-06-07,10.202
12517,1985-06-08,10.202
12518,1985-06-09,10.935
12519,1985-06-10,10.935
12520,1985-06-11,10.935
12521,1985-06-12,9.848
12522,1985-06-13,9.503
12523,1985-06-14,9.165
12524,1985-06-15,8.515
12525,1985-06-16,8.515
12526,1985-06-17,8.201
12527,1985-06-18,8.201
12528,1985-06-19,7.896
12529,1985-06-20,7.896
12530,1985-06-21,7.896
12531,1985-06-22,7.896
12532,1985-06-23,7.598
12533,1985-06-24,7.598
12534,1985-06-25,7.598
12535,1985-06-26,7.598
12536,1985-06-27,7.307
12537,1985-06-28,7.025
12538,1985-06-29,7.025
12539,1985-06-30,7.025
12540,1985-05-01,48.179
12541,1985-05-02,48.518
12542,1985-05-03,36.721
12543,1985-05-04,31.01
12544,1985-05-05,26.95
12545,1985-05-06,22.929
12546,1985-05-07,19.315
12547,1985-05-08,17.124
12548,1985-05-09,16.345
12549,1985-05-10,15.839
12550,1985-05-11,15.343
12551,1985-05-12,15.343
12552,1985-05-13,14.857
12553,1985-05-14,14.618
12554,1985-05-15,14.147
12555,1985-05-16,13.915
12556,1985-05-17,13.459
12557,1985-05-18,13.459
12558,1985-05-19,13.459
12559,1985-05-20,14.147
12560,1985-05-21,16.602
12561,1985-05-22,18.474
12562,1985-05-23,15.589
12563,1985-05-24,14.147
12564,1985-05-25,13.459
12565,1985-05-26,12.792
12566,1985-05-27,12.148
12567,1985-05-28,11.938
12568,1985-05-29,11.73
12569,1985-05-30,11.73
12570,1985-05-31,11.73
12571,1985-04-01,21.988
12572,1985-04-02,20.182
12573,1985-04-03,18.474
12574,1985-04-04,17.656
12575,1985-04-05,16.602
12576,1985-04-06,15.589
12577,1985-04-07,15.839
12578,1985-04-08,33.788
12579,1985-04-09,34.61
12580,1985-04-10,28.75
12581,1985-04-11,23.248
12582,1985-04-12,19.315
12583,1985-04-13,18.474
12584,1985-04-14,17.926
12585,1985-04-15,17.926
12586,1985-04-16,17.926
12587,1985-04-17,16.861
12588,1985-04-18,44.543
12589,1985-04-19,77.366
12590,1985-04-20,63.96
12591,1985-04-21,51.977
12592,1985-04-22,39.541
12593,1985-04-23,26.598
12594,1985-04-24,21.988
12595,1985-04-25,19.032
12596,1985-04-26,18.198
12597,1985-04-27,16.602
12598,1985-04-28,16.345
12599,1985-04-29,15.839
12600,1985-04-30,15.839
12601,1985-03-01,37.152
12602,1985-03-02,41.068
12603,1985-03-03,85.546
12604,1985-03-04,67.995
12605,1985-03-05,60.064
12606,1985-03-06,57.047
12607,1985-03-07,51.977
12608,1985-03-08,48.179
12609,1985-03-09,43.58
12610,1985-03-10,42.0
12611,1985-03-11,39.541
12612,1985-03-12,38.467
12613,1985-03-13,35.867
12614,1985-03-14,34.197
12615,1985-03-15,33.788
12616,1985-03-16,31.788
12617,1985-03-17,34.61
12618,1985-03-18,40.454
12619,1985-03-19,34.197
12620,1985-03-20,32.979
12621,1985-03-21,30.245
12622,1985-03-22,25.223
12623,1985-03-23,22.929
12624,1985-03-24,21.375
12625,1985-03-25,20.476
12626,1985-03-26,20.182
12627,1985-03-27,19.601
12628,1985-03-28,22.929
12629,1985-03-29,21.988
12630,1985-03-30,21.375
12631,1985-03-31,21.375
12632,1985-02-01,58.544
12633,1985-02-02,44.543
12634,1985-02-03,31.01
12635,1985-02-04,35.867
12636,1985-02-05,42.628
12637,1985-02-06,46.507
12638,1985-02-07,45.847
12639,1985-02-08,43.261
12640,1985-02-09,42.628
12641,1985-02-10,38.026
12642,1985-02-11,30.626
12643,1985-02-12,29.491
12644,1985-02-13,29.119
12645,1985-02-14,28.75
12646,1985-02-15,28.021
12647,1985-02-16,24.553
12648,1985-02-17,22.929
12649,1985-02-18,21.375
12650,1985-02-19,19.601
12651,1985-02-20,17.388
12652,1985-02-21,15.839
12653,1985-02-22,20.773
12654,1985-02-23,30.245
12655,1985-02-24,37.152
12656,1985-02-25,34.61
12657,1985-02-26,33.788
12658,1985-02-27,31.788
12659,1985-02-28,38.94
12660,1985-01-01,22.612
12661,1985-01-02,21.988
12662,1985-01-03,28.75
12663,1985-01-04,24.223
12664,1985-01-05,18.198
12665,1985-01-06,22.612
12666,1985-01-07,34.61
12667,1985-01-08,45.847
12668,1985-01-09,58.168
12669,1985-01-10,44.221
12670,1985-01-11,21.68
12671,1985-01-12,19.032
12672,1985-01-13,17.926
12673,1985-01-14,18.474
12674,1985-01-15,18.474
12675,1985-01-16,18.198
12676,1985-01-17,22.612
12677,1985-01-18,28.021
12678,1985-01-19,25.905
12679,1985-01-20,23.57
12680,1985-01-21,22.929
12681,1985-01-22,29.866
12682,1985-01-23,47.842
12683,1985-01-24,69.232
12684,1985-01-25,78.697
12685,1985-01-26,115.112
12686,1985-01-27,72.595
12687,1985-01-28,80.944
12688,1985-01-29,68.819
12689,1985-01-30,69.232
12690,1985-01-31,64.357
12691,1984-12-01,10.726
12692,1984-12-02,10.922
12693,1984-12-03,14.618
12694,1984-12-04,17.388
12695,1984-12-05,11.322
12696,1984-12-06,8.214
12697,1984-12-07,7.89
12698,1984-12-08,9.062
12699,1984-12-09,13.234
12700,1984-12-10,12.792
12701,1984-12-11,10.151
12702,1984-12-12,8.547
12703,1984-12-13,8.051
12704,1984-12-14,8.051
12705,1984-12-15,8.547
12706,1984-12-16,13.915
12707,1984-12-17,25.563
12708,1984-12-18,14.147
12709,1984-12-19,11.322
12710,1984-12-20,10.922
12711,1984-12-21,10.151
12712,1984-12-22,9.416
12713,1984-12-23,9.416
12714,1984-12-24,8.888
12715,1984-12-25,8.379
12716,1984-12-26,26.25
12717,1984-12-27,59.301
12718,1984-12-28,29.866
12719,1984-12-29,22.299
12720,1984-12-30,27.304
12721,1984-12-31,35.026
12722,1984-11-01,18.474
12723,1984-11-02,15.098
12724,1984-11-03,9.964
12725,1984-11-04,6.675
12726,1984-11-05,5.848
12727,1984-11-06,5.716
12728,1984-11-07,5.716
12729,1984-11-08,6.252
12730,1984-11-09,6.252
12731,1984-11-10,6.252
12732,1984-11-11,6.252
12733,1984-11-12,6.532
12734,1984-11-13,8.379
12735,1984-11-14,10.341
12736,1984-11-15,9.416
12737,1984-11-16,9.416
12738,1984-11-17,9.78
12739,1984-11-18,11.73
12740,1984-11-19,12.575
12741,1984-11-20,11.322
12742,1984-11-21,8.547
12743,1984-11-22,9.78
12744,1984-11-23,11.121
12745,1984-11-24,8.716
12746,1984-11-25,7.574
12747,1984-11-26,10.533
12748,1984-11-27,21.68
12749,1984-11-28,14.618
12750,1984-11-29,13.012
12751,1984-11-30,11.73
12752,1984-10-01,3.671
12753,1984-10-02,3.671
12754,1984-10-03,3.671
12755,1984-10-04,3.671
12756,1984-10-05,3.671
12757,1984-10-06,3.671
12758,1984-10-07,3.769
12759,1984-10-08,3.87
12760,1984-10-09,3.87
12761,1984-10-10,3.671
12762,1984-10-11,3.671
12763,1984-10-12,3.671
12764,1984-10-13,3.671
12765,1984-10-14,3.573
12766,1984-10-15,3.478
12767,1984-10-16,3.292
12768,1984-10-17,3.292
12769,1984-10-18,3.292
12770,1984-10-19,6.966
12771,1984-10-20,16.602
12772,1984-10-21,14.857
12773,1984-10-22,9.416
12774,1984-10-23,7.266
12775,1984-10-24,8.379
12776,1984-10-25,10.533
12777,1984-10-26,17.926
12778,1984-10-27,12.575
12779,1984-10-28,9.78
12780,1984-10-29,9.238
12781,1984-10-30,8.547
12782,1984-10-31,7.731
12783,1984-09-01,4.97
12784,1984-09-02,4.97
12785,1984-09-03,4.97
12786,1984-09-04,5.848
12787,1984-09-05,6.252
12788,1984-09-06,5.716
12789,1984-09-07,5.46
12790,1984-09-08,5.335
12791,1984-09-09,5.211
12792,1984-09-10,5.211
12793,1984-09-11,4.97
12794,1984-09-12,4.97
12795,1984-09-13,4.97
12796,1984-09-14,4.97
12797,1984-09-15,4.97
12798,1984-09-16,4.852
12799,1984-09-17,4.621
12800,1984-09-18,4.508
12801,1984-09-19,4.288
12802,1984-09-20,4.181
12803,1984-09-21,4.076
12804,1984-09-22,4.076
12805,1984-09-23,3.87
12806,1984-09-24,3.87
12807,1984-09-25,3.87
12808,1984-09-26,3.87
12809,1984-09-27,3.87
12810,1984-09-28,3.87
12811,1984-09-29,3.87
12812,1984-09-30,3.87
12813,1984-08-01,4.735
12814,1984-08-02,4.735
12815,1984-08-03,4.735
12816,1984-08-04,5.211
12817,1984-08-05,5.46
12818,1984-08-06,4.735
12819,1984-08-07,4.508
12820,1984-08-08,4.508
12821,1984-08-09,4.076
12822,1984-08-10,3.87
12823,1984-08-11,3.87
12824,1984-08-12,3.972
12825,1984-08-13,4.076
12826,1984-08-14,4.076
12827,1984-08-15,5.46
12828,1984-08-16,5.46
12829,1984-08-17,5.089
12830,1984-08-18,4.97
12831,1984-08-19,4.735
12832,1984-08-20,4.621
12833,1984-08-21,4.508
12834,1984-08-22,4.508
12835,1984-08-23,4.288
12836,1984-08-24,4.288
12837,1984-08-25,4.288
12838,1984-08-26,12.575
12839,1984-08-27,9.238
12840,1984-08-28,6.391
12841,1984-08-29,5.587
12842,1984-08-30,5.211
12843,1984-08-31,4.97
12844,1984-07-01,3.87
12845,1984-07-02,3.87
12846,1984-07-03,3.478
12847,1984-07-04,3.478
12848,1984-07-05,3.292
12849,1984-07-06,2.94
12850,1984-07-07,2.94
12851,1984-07-08,2.94
12852,1984-07-09,2.773
12853,1984-07-10,2.773
12854,1984-07-11,2.773
12855,1984-07-12,2.94
12856,1984-07-13,3.292
12857,1984-07-14,3.87
12858,1984-07-15,4.398
12859,1984-07-16,4.508
12860,1984-07-17,4.288
12861,1984-07-18,4.288
12862,1984-07-19,4.288
12863,1984-07-20,4.076
12864,1984-07-21,3.87
12865,1984-07-22,3.87
12866,1984-07-23,3.87
12867,1984-07-24,3.671
12868,1984-07-25,3.671
12869,1984-07-26,3.87
12870,1984-07-27,3.87
12871,1984-07-28,3.87
12872,1984-07-29,3.671
12873,1984-07-30,21.375
12874,1984-07-31,4.97
12875,1984-06-01,7.731
12876,1984-06-02,7.419
12877,1984-06-03,7.419
12878,1984-06-04,7.419
12879,1984-06-05,7.115
12880,1984-06-06,6.819
12881,1984-06-07,6.532
12882,1984-06-08,6.532
12883,1984-06-09,6.532
12884,1984-06-10,6.532
12885,1984-06-11,6.252
12886,1984-06-12,5.981
12887,1984-06-13,5.981
12888,1984-06-14,5.981
12889,1984-06-15,5.981
12890,1984-06-16,5.716
12891,1984-06-17,5.716
12892,1984-06-18,5.716
12893,1984-06-19,5.46
12894,1984-06-20,5.46
12895,1984-06-21,5.46
12896,1984-06-22,5.211
12897,1984-06-23,5.211
12898,1984-06-24,5.211
12899,1984-06-25,4.97
12900,1984-06-26,4.97
12901,1984-06-27,3.87
12902,1984-06-28,3.87
12903,1984-06-29,4.97
12904,1984-06-30,4.97
12905,1984-05-01,12.148
12906,1984-05-02,14.857
12907,1984-05-03,15.589
12908,1984-05-04,13.234
12909,1984-05-05,11.73
12910,1984-05-06,10.533
12911,1984-05-07,10.151
12912,1984-05-08,9.597
12913,1984-05-09,9.416
12914,1984-05-10,9.062
12915,1984-05-11,9.238
12916,1984-05-12,9.964
12917,1984-05-13,9.416
12918,1984-05-14,8.888
12919,1984-05-15,21.68
12920,1984-05-16,17.656
12921,1984-05-17,12.575
12922,1984-05-18,11.121
12923,1984-05-19,10.151
12924,1984-05-20,9.416
12925,1984-05-21,9.238
12926,1984-05-22,8.888
12927,1984-05-23,8.547
12928,1984-05-24,8.379
12929,1984-05-25,7.731
12930,1984-05-26,7.731
12931,1984-05-27,7.419
12932,1984-05-28,7.266
12933,1984-05-29,7.115
12934,1984-05-30,7.419
12935,1984-05-31,7.731
12936,1984-04-01,14.147
12937,1984-04-02,13.234
12938,1984-04-03,12.361
12939,1984-04-04,16.345
12940,1984-04-05,14.857
12941,1984-04-06,13.012
12942,1984-04-07,20.182
12943,1984-04-08,17.926
12944,1984-04-09,13.234
12945,1984-04-10,14.381
12946,1984-04-11,38.026
12947,1984-04-12,16.345
12948,1984-04-13,16.09
12949,1984-04-14,15.098
12950,1984-04-15,13.234
12951,1984-04-16,11.938
12952,1984-04-17,11.322
12953,1984-04-18,10.726
12954,1984-04-19,9.78
12955,1984-04-20,9.416
12956,1984-04-21,9.062
12957,1984-04-22,8.716
12958,1984-04-23,11.938
12959,1984-04-24,10.726
12960,1984-04-25,29.491
12961,1984-04-26,14.618
12962,1984-04-27,10.922
12963,1984-04-28,13.234
12964,1984-04-29,11.938
12965,1984-04-30,10.533
12966,1984-03-01,9.416
12967,1984-03-02,9.416
12968,1984-03-03,9.416
12969,1984-03-04,9.964
12970,1984-03-05,17.926
12971,1984-03-06,19.601
12972,1984-03-07,17.926
12973,1984-03-08,17.926
12974,1984-03-09,16.09
12975,1984-03-10,13.915
12976,1984-03-11,12.148
12977,1984-03-12,11.322
12978,1984-03-13,11.73
12979,1984-03-14,20.773
12980,1984-03-15,19.89
12981,1984-03-16,14.618
12982,1984-03-17,11.121
12983,1984-03-18,10.533
12984,1984-03-19,10.533
12985,1984-03-20,10.922
12986,1984-03-21,18.751
12987,1984-03-22,17.656
12988,1984-03-23,17.388
12989,1984-03-24,16.09
12990,1984-03-25,14.381
12991,1984-03-26,12.792
12992,1984-03-27,11.525
12993,1984-03-28,11.322
12994,1984-03-29,9.062
12995,1984-03-30,8.716
12996,1984-03-31,54.478
12997,1984-02-01,17.926
12998,1984-02-02,15.589
12999,1984-02-03,13.686
13000,1984-02-04,12.792
13001,1984-02-05,12.148
13002,1984-02-06,12.148
13003,1984-02-07,13.012
13004,1984-02-08,16.345
13005,1984-02-09,16.09
13006,1984-02-10,17.926
13007,1984-02-11,16.861
13008,1984-02-12,14.381
13009,1984-02-13,12.792
13010,1984-02-14,11.938
13011,1984-02-15,11.322
13012,1984-02-16,10.922
13013,1984-02-17,10.533
13014,1984-02-18,10.151
13015,1984-02-19,11.322
13016,1984-02-20,11.322
13017,1984-02-21,11.121
13018,1984-02-22,10.341
13019,1984-02-23,9.78
13020,1984-02-24,9.416
13021,1984-02-25,9.416
13022,1984-02-26,9.416
13023,1984-02-27,9.416
13024,1984-02-28,9.416
13025,1984-02-29,9.416
13026,1984-01-01,17.388
13027,1984-01-02,14.381
13028,1984-01-03,12.575
13029,1984-01-04,15.589
13030,1984-01-05,18.198
13031,1984-01-06,23.57
13032,1984-01-07,23.248
13033,1984-01-08,20.773
13034,1984-01-09,19.89
13035,1984-01-10,17.926
13036,1984-01-11,17.388
13037,1984-01-12,18.751
13038,1984-01-13,16.345
13039,1984-01-14,14.618
13040,1984-01-15,13.686
13041,1984-01-16,13.012
13042,1984-01-17,12.361
13043,1984-01-18,12.148
13044,1984-01-19,12.148
13045,1984-01-20,11.73
13046,1984-01-21,11.73
13047,1984-01-22,14.147
13048,1984-01-23,22.929
13049,1984-01-24,49.885
13050,1984-01-25,35.867
13051,1984-01-26,32.579
13052,1984-01-27,26.25
13053,1984-01-28,21.375
13054,1984-01-29,25.563
13055,1984-01-30,22.929
13056,1984-01-31,21.072
13057,1983-12-01,9.238
13058,1983-12-02,8.716
13059,1983-12-03,10.922
13060,1983-12-04,13.459
13061,1983-12-05,17.926
13062,1983-12-06,17.926
13063,1983-12-07,19.601
13064,1983-12-08,45.847
13065,1983-12-09,26.25
13066,1983-12-10,17.926
13067,1983-12-11,16.09
13068,1983-12-12,16.345
13069,1983-12-13,19.315
13070,1983-12-14,23.895
13071,1983-12-15,20.476
13072,1983-12-16,18.751
13073,1983-12-17,16.861
13074,1983-12-18,17.388
13075,1983-12-19,36.721
13076,1983-12-20,26.25
13077,1983-12-21,21.072
13078,1983-12-22,32.979
13079,1983-12-23,35.867
13080,1983-12-24,40.148
13081,1983-12-25,43.58
13082,1983-12-26,54.841
13083,1983-12-27,75.611
13084,1983-12-28,50.925
13085,1983-12-29,42.628
13086,1983-12-30,31.01
13087,1983-12-31,23.248
13088,1983-11-01,9.964
13089,1983-11-02,9.78
13090,1983-11-03,9.78
13091,1983-11-04,11.322
13092,1983-11-05,18.198
13093,1983-11-06,17.926
13094,1983-11-07,20.773
13095,1983-11-08,15.343
13096,1983-11-09,13.686
13097,1983-11-10,13.459
13098,1983-11-11,17.656
13099,1983-11-12,15.098
13100,1983-11-13,14.381
13101,1983-11-14,18.751
13102,1983-11-15,19.315
13103,1983-11-16,35.026
13104,1983-11-17,20.182
13105,1983-11-18,14.381
13106,1983-11-19,13.459
13107,1983-11-20,13.012
13108,1983-11-21,12.361
13109,1983-11-22,24.223
13110,1983-11-23,29.866
13111,1983-11-24,19.032
13112,1983-11-25,14.618
13113,1983-11-26,12.792
13114,1983-11-27,11.938
13115,1983-11-28,11.322
13116,1983-11-29,10.726
13117,1983-11-30,9.964
13118,1983-10-01,19.315
13119,1983-10-02,12.361
13120,1983-10-03,12.792
13121,1983-10-04,14.381
13122,1983-10-05,11.938
13123,1983-10-06,9.78
13124,1983-10-07,9.78
13125,1983-10-08,9.78
13126,1983-10-09,9.238
13127,1983-10-10,8.379
13128,1983-10-11,8.214
13129,1983-10-12,9.78
13130,1983-10-13,13.012
13131,1983-10-14,20.182
13132,1983-10-15,18.474
13133,1983-10-16,14.857
13134,1983-10-17,12.361
13135,1983-10-18,25.223
13136,1983-10-19,26.25
13137,1983-10-20,23.248
13138,1983-10-21,19.315
13139,1983-10-22,14.857
13140,1983-10-23,11.938
13141,1983-10-24,29.119
13142,1983-10-25,20.773
13143,1983-10-26,17.926
13144,1983-10-27,16.345
13145,1983-10-28,13.686
13146,1983-10-29,13.012
13147,1983-10-30,12.361
13148,1983-10-31,10.922
13149,1983-09-01,4.735
13150,1983-09-02,4.97
13151,1983-09-03,4.97
13152,1983-09-04,4.97
13153,1983-09-05,5.335
13154,1983-09-06,6.391
13155,1983-09-07,7.115
13156,1983-09-08,7.574
13157,1983-09-09,12.575
13158,1983-09-10,16.09
13159,1983-09-11,10.922
13160,1983-09-12,9.238
13161,1983-09-13,8.547
13162,1983-09-14,7.89
13163,1983-09-15,7.731
13164,1983-09-16,9.416
13165,1983-09-17,9.78
13166,1983-09-18,10.533
13167,1983-09-19,11.525
13168,1983-09-20,29.866
13169,1983-09-21,38.467
13170,1983-09-22,29.119
13171,1983-09-23,20.773
13172,1983-09-24,14.618
13173,1983-09-25,10.922
13174,1983-09-26,20.182
13175,1983-09-27,22.612
13176,1983-09-28,26.25
13177,1983-09-29,33.788
13178,1983-09-30,30.626
13179,1983-08-01,6.675
13180,1983-08-02,6.391
13181,1983-08-03,6.252
13182,1983-08-04,5.981
13183,1983-08-05,5.716
13184,1983-08-06,5.716
13185,1983-08-07,5.716
13186,1983-08-08,5.46
13187,1983-08-09,5.335
13188,1983-08-10,5.211
13189,1983-08-11,5.211
13190,1983-08-12,5.089
13191,1983-08-13,4.97
13192,1983-08-14,4.97
13193,1983-08-15,4.97
13194,1983-08-16,4.735
13195,1983-08-17,4.735
13196,1983-08-18,4.735
13197,1983-08-19,4.735
13198,1983-08-20,4.735
13199,1983-08-21,5.848
13200,1983-08-22,7.419
13201,1983-08-23,6.391
13202,1983-08-24,5.848
13203,1983-08-25,5.335
13204,1983-08-26,4.97
13205,1983-08-27,4.97
13206,1983-08-28,4.97
13207,1983-08-29,4.97
13208,1983-08-30,4.97
13209,1983-08-31,4.735
13210,1983-07-01,12.575
13211,1983-07-02,11.938
13212,1983-07-03,10.922
13213,1983-07-04,9.597
13214,1983-07-05,8.888
13215,1983-07-06,8.547
13216,1983-07-07,8.379
13217,1983-07-08,8.379
13218,1983-07-09,8.051
13219,1983-07-10,7.89
13220,1983-07-11,7.731
13221,1983-07-12,7.731
13222,1983-07-13,7.419
13223,1983-07-14,7.419
13224,1983-07-15,7.419
13225,1983-07-16,7.115
13226,1983-07-17,7.115
13227,1983-07-18,7.115
13228,1983-07-19,8.051
13229,1983-07-20,13.012
13230,1983-07-21,13.012
13231,1983-07-22,11.525
13232,1983-07-23,10.726
13233,1983-07-24,9.416
13234,1983-07-25,8.214
13235,1983-07-26,7.266
13236,1983-07-27,8.716
13237,1983-07-28,7.731
13238,1983-07-29,7.419
13239,1983-07-30,7.115
13240,1983-07-31,7.115
13241,1983-06-01,20.773
13242,1983-06-02,20.773
13243,1983-06-03,21.375
13244,1983-06-04,21.375
13245,1983-06-05,22.612
13246,1983-06-06,24.887
13247,1983-06-07,26.25
13248,1983-06-08,25.223
13249,1983-06-09,21.68
13250,1983-06-10,18.474
13251,1983-06-11,17.124
13252,1983-06-12,15.589
13253,1983-06-13,14.147
13254,1983-06-14,13.234
13255,1983-06-15,13.012
13256,1983-06-16,13.012
13257,1983-06-17,13.012
13258,1983-06-18,12.575
13259,1983-06-19,11.938
13260,1983-06-20,11.322
13261,1983-06-21,10.922
13262,1983-06-22,10.533
13263,1983-06-23,10.341
13264,1983-06-24,9.964
13265,1983-06-25,9.78
13266,1983-06-26,10.533
13267,1983-06-27,12.148
13268,1983-06-28,13.012
13269,1983-06-29,21.072
13270,1983-06-30,15.589
13271,1983-05-01,16.09
13272,1983-05-02,16.602
13273,1983-05-03,24.887
13274,1983-05-04,42.0
13275,1983-05-05,27.304
13276,1983-05-06,18.474
13277,1983-05-07,16.861
13278,1983-05-08,16.861
13279,1983-05-09,16.861
13280,1983-05-10,16.345
13281,1983-05-11,15.839
13282,1983-05-12,15.839
13283,1983-05-13,15.343
13284,1983-05-14,16.09
13285,1983-05-15,19.89
13286,1983-05-16,20.476
13287,1983-05-17,17.926
13288,1983-05-18,16.09
13289,1983-05-19,14.618
13290,1983-05-20,14.147
13291,1983-05-21,13.915
13292,1983-05-22,13.686
13293,1983-05-23,13.012
13294,1983-05-24,12.575
13295,1983-05-25,12.148
13296,1983-05-26,16.09
13297,1983-05-27,16.861
13298,1983-05-28,17.124
13299,1983-05-29,17.926
13300,1983-05-30,17.926
13301,1983-05-31,19.601
13302,1983-04-01,40.76
13303,1983-04-02,37.587
13304,1983-04-03,32.579
13305,1983-04-04,
13306,1983-04-05,
13307,1983-04-06,
13308,1983-04-07,
13309,1983-04-08,
13310,1983-04-09,
13311,1983-04-10,
13312,1983-04-11,
13313,1983-04-12,
13314,1983-04-13,
13315,1983-04-14,
13316,1983-04-15,
13317,1983-04-16,17.656
13318,1983-04-17,17.926
13319,1983-04-18,28.384
13320,1983-04-19,21.072
13321,1983-04-20,17.926
13322,1983-04-21,20.182
13323,1983-04-22,28.021
13324,1983-04-23,36.292
13325,1983-04-24,31.01
13326,1983-04-25,28.75
13327,1983-04-26,25.223
13328,1983-04-27,22.612
13329,1983-04-28,25.563
13330,1983-04-29,21.68
13331,1983-04-30,17.656
13332,1983-03-01,13.012
13333,1983-03-02,11.322
13334,1983-03-03,10.533
13335,1983-03-04,10.533
13336,1983-03-05,10.922
13337,1983-03-06,11.938
13338,1983-03-07,13.459
13339,1983-03-08,12.148
13340,1983-03-09,11.121
13341,1983-03-10,10.341
13342,1983-03-11,10.151
13343,1983-03-12,9.964
13344,1983-03-13,10.922
13345,1983-03-14,101.76
13346,1983-03-15,51.977
13347,1983-03-16,41.068
13348,1983-03-17,33.788
13349,1983-03-18,28.75
13350,1983-03-19,28.021
13351,1983-03-20,40.454
13352,1983-03-21,48.857
13353,1983-03-22,49.199
13354,1983-03-23,45.519
13355,1983-03-24,41.688
13356,1983-03-25,35.867
13357,1983-03-26,30.245
13358,1983-03-27,29.119
13359,1983-03-28,28.021
13360,1983-03-29,29.491
13361,1983-03-30,43.58
13362,1983-03-31,44.867
13363,1983-02-01,
13364,1983-02-02,
13365,1983-02-03,
13366,1983-02-04,
13367,1983-02-05,
13368,1983-02-06,
13369,1983-02-07,
13370,1983-02-08,
13371,1983-02-09,
13372,1983-02-10,
13373,1983-02-11,
13374,1983-02-12,26.25
13375,1983-02-13,36.721
13376,1983-02-14,31.398
13377,1983-02-15,26.95
13378,1983-02-16,21.988
13379,1983-02-17,17.388
13380,1983-02-18,12.148
13381,1983-02-19,14.618
13382,1983-02-20,14.381
13383,1983-02-21,13.234
13384,1983-02-22,11.73
13385,1983-02-23,10.151
13386,1983-02-24,9.416
13387,1983-02-25,11.322
13388,1983-02-26,11.73
13389,1983-02-27,14.618
13390,1983-02-28,15.839
13391,1983-01-01,36.721
13392,1983-01-02,35.026
13393,1983-01-03,31.788
13394,1983-01-04,32.979
13395,1983-01-05,32.579
13396,1983-01-06,41.688
13397,1983-01-07,36.292
13398,1983-01-08,30.245
13399,1983-01-09,36.721
13400,1983-01-10,31.01
13401,1983-01-11,28.75
13402,1983-01-12,36.292
13403,1983-01-13,39.541
13404,1983-01-14,33.788
13405,1983-01-15,29.866
13406,1983-01-16,28.75
13407,1983-01-17,30.626
13408,1983-01-18,29.866
13409,1983-01-19,29.119
13410,1983-01-20,31.01
13411,1983-01-21,32.979
13412,1983-01-22,31.398
13413,1983-01-23,28.75
13414,1983-01-24,
13415,1983-01-25,
13416,1983-01-26,
13417,1983-01-27,
13418,1983-01-28,
13419,1983-01-29,
13420,1983-01-30,
13421,1983-01-31,
13422,1982-12-01,4.97
13423,1982-12-02,4.735
13424,1982-12-03,6.675
13425,1982-12-04,12.792
13426,1982-12-05,10.533
13427,1982-12-06,7.89
13428,1982-12-07,7.731
13429,1982-12-08,12.148
13430,1982-12-09,32.979
13431,1982-12-10,16.345
13432,1982-12-11,12.148
13433,1982-12-12,10.533
13434,1982-12-13,9.062
13435,1982-12-14,8.214
13436,1982-12-15,7.731
13437,1982-12-16,7.419
13438,1982-12-17,6.966
13439,1982-12-18,6.675
13440,1982-12-19,6.252
13441,1982-12-20,6.819
13442,1982-12-21,31.01
13443,1982-12-22,32.979
13444,1982-12-23,29.491
13445,1982-12-24,28.021
13446,1982-12-25,33.788
13447,1982-12-26,35.867
13448,1982-12-27,41.688
13449,1982-12-28,38.94
13450,1982-12-29,35.867
13451,1982-12-30,31.398
13452,1982-12-31,30.626
13453,1982-11-01,
13454,1982-11-02,
13455,1982-11-03,
13456,1982-11-04,
13457,1982-11-05,
13458,1982-11-06,
13459,1982-11-07,
13460,1982-11-08,
13461,1982-11-09,
13462,1982-11-10,
13463,1982-11-11,
13464,1982-11-12,
13465,1982-11-13,
13466,1982-11-14,
13467,1982-11-15,
13468,1982-11-16,3.87
13469,1982-11-17,4.398
13470,1982-11-18,4.288
13471,1982-11-19,4.181
13472,1982-11-20,3.972
13473,1982-11-21,3.769
13474,1982-11-22,3.384
13475,1982-11-23,3.202
13476,1982-11-24,3.769
13477,1982-11-25,6.391
13478,1982-11-26,14.857
13479,1982-11-27,17.388
13480,1982-11-28,11.938
13481,1982-11-29,7.731
13482,1982-11-30,5.335
