,Datas,75295000
0,1974-11-01,
1,1974-11-02,
2,1974-11-03,
3,1974-11-04,
4,1974-11-05,
5,1974-11-06,
6,1974-11-07,
7,1974-11-08,
8,1974-11-09,
9,1974-11-10,
10,1974-11-11,
11,1974-11-12,12.833
12,1974-11-13,9.624
13,1974-11-14,10.543
14,1974-11-15,10.543
15,1974-11-16,10.233
16,1974-11-17,9.326
17,1974-11-18,8.743
18,1974-11-19,8.457
19,1974-11-20,10.543
20,1974-11-21,15.693
21,1974-11-22,19.626
22,1974-11-23,20.459
23,1974-11-24,14.954
24,1974-11-25,11.827
25,1974-11-26,16.832
26,1974-11-27,13.875
27,1974-11-28,11.5
28,1974-11-29,12.833
29,1974-11-30,10.543
30,1974-12-01,13.875
31,1974-12-02,25.782
32,1974-12-03,40.867
33,1974-12-04,35.317
34,1974-12-05,23.052
35,1974-12-06,15.322
36,1974-12-07,12.158
37,1974-12-08,10.858
38,1974-12-09,10.543
39,1974-12-10,8.457
40,1974-12-11,9.624
41,1974-12-12,15.322
42,1974-12-13,18.808
43,1974-12-14,47.388
44,1974-12-15,48.002
45,1974-12-16,34.782
46,1974-12-17,29.633
47,1974-12-18,51.76
48,1974-12-19,49.24
49,1974-12-20,32.678
50,1974-12-21,19.626
51,1974-12-22,139.208
52,1974-12-23,407.018
53,1974-12-24,618.639
54,1974-12-25,326.23
55,1974-12-26,163.906
56,1974-12-27,83.12
57,1974-12-28,44.37
58,1974-12-29,35.856
59,1974-12-30,33.199
60,1974-12-31,28.648
61,1975-01-01,23.052
62,1975-01-02,20.459
63,1975-01-03,18.405
64,1975-01-04,16.448
65,1975-01-05,16.069
66,1975-01-06,15.693
67,1975-01-07,15.693
68,1975-01-08,16.832
69,1975-01-09,20.882
70,1975-01-10,40.296
71,1975-01-11,56.305
72,1975-01-12,51.125
73,1975-01-13,35.317
74,1975-01-14,23.052
75,1975-01-15,18.006
76,1975-01-16,22.172
77,1975-01-17,54.336
78,1975-01-18,243.505
79,1975-01-19,192.68
80,1975-01-20,117.244
81,1975-01-21,75.415
82,1975-01-22,36.398
83,1975-01-23,28.161
84,1975-01-24,24.4
85,1975-01-25,21.308
86,1975-01-26,20.041
87,1975-01-27,18.808
88,1975-01-28,18.808
89,1975-01-29,22.61
90,1975-01-30,29.633
91,1975-01-31,19.215
92,1975-02-01,20.882
93,1975-02-02,20.041
94,1975-02-03,20.882
95,1975-02-04,20.882
96,1975-02-05,15.693
97,1975-02-06,13.875
98,1975-02-07,15.322
99,1975-02-08,13.875
100,1975-02-09,13.524
101,1975-02-10,12.158
102,1975-02-11,12.158
103,1975-02-12,12.158
104,1975-02-13,12.158
105,1975-02-14,11.827
106,1975-02-15,11.177
107,1975-02-16,10.858
108,1975-02-17,12.158
109,1975-02-18,14.231
110,1975-02-19,15.322
111,1975-02-20,18.405
112,1975-02-21,15.693
113,1975-02-22,13.524
114,1975-02-23,12.833
115,1975-02-24,20.882
116,1975-02-25,44.967
117,1975-02-26,43.778
118,1975-02-27,38.047
119,1975-02-28,24.857
120,1975-03-01,15.693
121,1975-03-02,13.875
122,1975-03-03,13.875
123,1975-03-04,16.448
124,1975-03-05,13.524
125,1975-03-06,13.875
126,1975-03-07,14.59
127,1975-03-08,13.176
128,1975-03-09,12.833
129,1975-03-10,16.832
130,1975-03-11,23.947
131,1975-03-12,64.49
132,1975-03-13,44.967
133,1975-03-14,42.021
134,1975-03-15,27.678
135,1975-03-16,19.215
136,1975-03-17,18.006
137,1975-03-18,16.069
138,1975-03-19,25.318
139,1975-03-20,72.427
140,1975-03-21,66.614
141,1975-03-22,63.091
142,1975-03-23,49.865
143,1975-03-24,31.139
144,1975-03-25,23.497
145,1975-03-26,20.459
146,1975-03-27,15.322
147,1975-03-28,14.59
148,1975-03-29,64.49
149,1975-03-30,156.516
150,1975-03-31,97.828
151,1975-04-01,70.953
152,1975-04-02,56.968
153,1975-04-03,30.132
154,1975-04-04,22.172
155,1975-04-05,21.738
156,1975-04-06,21.308
157,1975-04-07,20.041
158,1975-04-08,19.626
159,1975-04-09,19.215
160,1975-04-10,18.405
161,1975-04-11,17.219
162,1975-04-12,16.448
163,1975-04-13,15.693
164,1975-04-14,16.069
165,1975-04-15,20.041
166,1975-04-16,19.626
167,1975-04-17,19.626
168,1975-04-18,15.693
169,1975-04-19,15.322
170,1975-04-20,18.405
171,1975-04-21,20.041
172,1975-04-22,40.867
173,1975-04-23,81.553
174,1975-04-24,63.091
175,1975-04-25,49.865
176,1975-04-26,31.139
177,1975-04-27,23.052
178,1975-04-28,38.047
179,1975-04-29,36.398
180,1975-04-30,39.164
181,1975-05-01,33.199
182,1975-05-02,38.604
183,1975-05-03,50.493
184,1975-05-04,56.305
185,1975-05-05,43.778
186,1975-05-06,38.047
187,1975-05-07,32.678
188,1975-05-08,27.678
189,1975-05-09,23.052
190,1975-05-10,19.626
191,1975-05-11,18.405
192,1975-05-12,19.215
193,1975-05-13,28.161
194,1975-05-14,79.226
195,1975-05-15,112.694
196,1975-05-16,82.335
197,1975-05-17,73.914
198,1975-05-18,57.634
199,1975-05-19,46.777
200,1975-05-20,41.442
201,1975-05-21,33.199
202,1975-05-22,27.678
203,1975-05-23,21.738
204,1975-05-24,25.782
205,1975-05-25,19.626
206,1975-05-26,19.626
207,1975-05-27,19.626
208,1975-05-28,19.626
209,1975-05-29,19.626
210,1975-05-30,26.25
211,1975-05-31,47.388
212,1975-06-01,73.914
213,1975-06-02,237.176
214,1975-06-03,176.928
215,1975-06-04,99.528
216,1975-06-05,91.159
217,1975-06-06,112.694
218,1975-06-07,136.247
219,1975-06-08,117.244
220,1975-06-09,98.676
221,1975-06-10,75.415
222,1975-06-11,48.619
223,1975-06-12,40.296
224,1975-06-13,48.619
225,1975-06-14,46.777
226,1975-06-15,36.398
227,1975-06-16,39.164
228,1975-06-17,36.398
229,1975-06-18,29.139
230,1975-06-19,28.161
231,1975-06-20,29.139
232,1975-06-21,35.317
233,1975-06-22,134.29
234,1975-06-23,237.176
235,1975-06-24,200.781
236,1975-06-25,155.473
237,1975-06-26,113.598
238,1975-06-27,72.427
239,1975-06-28,53.687
240,1975-06-29,46.777
241,1975-06-30,44.967
242,1975-07-01,54.336
243,1975-07-02,146.225
244,1975-07-03,151.331
245,1975-07-04,87.098
246,1975-07-05,66.614
247,1975-07-06,57.634
248,1975-07-07,53.687
249,1975-07-08,48.002
250,1975-07-09,40.867
251,1975-07-10,38.604
252,1975-07-11,36.944
253,1975-07-12,42.603
254,1975-07-13,71.689
255,1975-07-14,73.914
256,1975-07-15,65.903
257,1975-07-16,57.634
258,1975-07-17,52.399
259,1975-07-18,45.567
260,1975-07-19,40.867
261,1975-07-20,36.398
262,1975-07-21,31.649
263,1975-07-22,30.132
264,1975-07-23,30.132
265,1975-07-24,30.132
266,1975-07-25,30.132
267,1975-07-26,30.132
268,1975-07-27,30.132
269,1975-07-28,28.648
270,1975-07-29,27.678
271,1975-07-30,25.318
272,1975-07-31,32.678
273,1975-08-01,33.723
274,1975-08-02,34.25
275,1975-08-03,36.398
276,1975-08-04,39.164
277,1975-08-05,57.634
278,1975-08-06,79.226
279,1975-08-07,83.12
280,1975-08-08,57.634
281,1975-08-09,57.634
282,1975-08-10,112.694
283,1975-08-11,151.331
284,1975-08-12,194.979
285,1975-08-13,224.743
286,1975-08-14,178.033
287,1975-08-15,146.225
288,1975-08-16,95.302
289,1975-08-17,75.415
290,1975-08-18,61.019
291,1975-08-19,56.305
292,1975-08-20,44.967
293,1975-08-21,39.164
294,1975-08-22,36.398
295,1975-08-23,36.398
296,1975-08-24,36.398
297,1975-08-25,36.398
298,1975-08-26,71.689
299,1975-08-27,75.415
300,1975-08-28,64.49
301,1975-08-29,71.689
302,1975-08-30,83.12
303,1975-08-31,108.224
304,1975-09-01,99.528
305,1975-09-02,79.226
306,1975-09-03,57.634
307,1975-09-04,48.002
308,1975-09-05,42.021
309,1975-09-06,42.021
310,1975-09-07,44.967
311,1975-09-08,61.019
312,1975-09-09,75.415
313,1975-09-10,103.835
314,1975-09-11,136.247
315,1975-09-12,141.197
316,1975-09-13,183.605
317,1975-09-14,296.794
318,1975-09-15,351.272
319,1975-09-16,296.794
320,1975-09-17,230.922
321,1975-09-18,172.538
322,1975-09-19,158.612
323,1975-09-20,151.331
324,1975-09-21,156.516
325,1975-09-22,256.384
326,1975-09-23,318.156
327,1975-09-24,303.785
328,1975-09-25,256.384
329,1975-09-26,212.611
330,1975-09-27,156.516
331,1975-09-28,131.377
332,1975-09-29,117.244
333,1975-09-30,99.528
334,1975-10-01,91.159
335,1975-10-02,83.12
336,1975-10-03,79.226
337,1975-10-04,71.689
338,1975-10-05,68.047
339,1975-10-06,57.634
340,1975-10-07,51.125
341,1975-10-08,48.002
342,1975-10-09,49.24
343,1975-10-10,50.493
344,1975-10-11,48.002
345,1975-10-12,42.021
346,1975-10-13,40.867
347,1975-10-14,39.164
348,1975-10-15,39.164
349,1975-10-16,39.164
350,1975-10-17,36.944
351,1975-10-18,36.398
352,1975-10-19,36.398
353,1975-10-20,36.944
354,1975-10-21,38.604
355,1975-10-22,38.604
356,1975-10-23,37.494
357,1975-10-24,36.398
358,1975-10-25,36.944
359,1975-10-26,39.164
360,1975-10-27,40.867
361,1975-10-28,42.021
362,1975-10-29,79.226
363,1975-10-30,99.528
364,1975-10-31,121.875
365,1975-11-01,146.225
366,1975-11-02,146.225
367,1975-11-03,117.244
368,1975-11-04,79.226
369,1975-11-05,57.634
370,1975-11-06,48.002
371,1975-11-07,44.967
372,1975-11-08,42.021
373,1975-11-09,38.047
374,1975-11-10,31.139
375,1975-11-11,30.634
376,1975-11-12,28.648
377,1975-11-13,26.25
378,1975-11-14,27.198
379,1975-11-15,23.052
380,1975-11-16,23.947
381,1975-11-17,61.019
382,1975-11-18,141.197
383,1975-11-19,146.225
384,1975-11-20,121.875
385,1975-11-21,83.12
386,1975-11-22,75.415
387,1975-11-23,71.689
388,1975-11-24,91.159
389,1975-11-25,103.835
390,1975-11-26,108.224
391,1975-11-27,99.528
392,1975-11-28,83.12
393,1975-11-29,64.49
394,1975-11-30,48.002
395,1975-12-01,38.604
396,1975-12-02,36.398
397,1975-12-03,32.162
398,1975-12-04,30.634
399,1975-12-05,33.199
400,1975-12-06,49.865
401,1975-12-07,33.723
402,1975-12-08,38.047
403,1975-12-09,35.317
404,1975-12-10,32.162
405,1975-12-11,27.678
406,1975-12-12,38.604
407,1975-12-13,63.091
408,1975-12-14,53.041
409,1975-12-15,51.125
410,1975-12-16,43.188
411,1975-12-17,38.047
412,1975-12-18,31.649
413,1975-12-19,28.648
414,1975-12-20,31.649
415,1975-12-21,30.634
416,1975-12-22,33.199
417,1975-12-23,32.678
418,1975-12-24,31.649
419,1975-12-25,31.139
420,1975-12-26,30.634
421,1975-12-27,25.318
422,1975-12-28,30.132
423,1975-12-29,36.944
424,1975-12-30,23.947
425,1975-12-31,19.626
426,1976-01-01,21.738
427,1976-01-02,20.882
428,1976-01-03,20.882
429,1976-01-04,23.947
430,1976-01-05,46.777
431,1976-01-06,51.125
432,1976-01-07,146.225
433,1976-01-08,118.164
434,1976-01-09,87.098
435,1976-01-10,48.002
436,1976-01-11,96.141
437,1976-01-12,103.835
438,1976-01-13,159.665
439,1976-01-14,212.611
440,1976-01-15,121.875
441,1976-01-16,95.302
442,1976-01-17,51.76
443,1976-01-18,46.17
444,1976-01-19,41.442
445,1976-01-20,34.25
446,1976-01-21,38.047
447,1976-01-22,38.047
448,1976-01-23,31.649
449,1976-01-24,29.139
450,1976-01-25,31.649
451,1976-01-26,31.649
452,1976-01-27,32.678
453,1976-01-28,31.139
454,1976-01-29,30.634
455,1976-01-30,36.944
456,1976-01-31,32.678
457,1976-02-01,58.304
458,1976-02-02,73.914
459,1976-02-03,79.226
460,1976-02-04,58.304
461,1976-02-05,53.041
462,1976-02-06,41.442
463,1976-02-07,39.164
464,1976-02-08,36.398
465,1976-02-09,35.317
466,1976-02-10,28.161
467,1976-02-11,20.882
468,1976-02-12,18.006
469,1976-02-13,19.626
470,1976-02-14,18.808
471,1976-02-15,17.61
472,1976-02-16,14.954
473,1976-02-17,13.875
474,1976-02-18,13.875
475,1976-02-19,20.882
476,1976-02-20,93.635
477,1976-02-21,198.451
478,1976-02-22,183.605
479,1976-02-23,123.75
480,1976-02-24,102.103
481,1976-02-25,54.989
482,1976-02-26,30.634
483,1976-02-27,20.882
484,1976-02-28,17.61
485,1976-02-29,20.459
486,1976-03-01,18.808
487,1976-03-02,18.405
488,1976-03-03,18.405
489,1976-03-04,17.61
490,1976-03-05,18.405
491,1976-03-06,30.634
492,1976-03-07,34.25
493,1976-03-08,44.37
494,1976-03-09,78.457
495,1976-03-10,63.091
496,1976-03-11,78.457
497,1976-03-12,89.525
498,1976-03-13,131.377
499,1976-03-14,167.12
500,1976-03-15,106.459
501,1976-03-16,81.553
502,1976-03-17,96.141
503,1976-03-18,109.112
504,1976-03-19,54.336
505,1976-03-20,36.944
506,1976-03-21,33.723
507,1976-03-22,29.633
508,1976-03-23,23.947
509,1976-03-24,23.947
510,1976-03-25,22.61
511,1976-03-26,19.626
512,1976-03-27,19.626
513,1976-03-28,18.808
514,1976-03-29,19.626
515,1976-03-30,21.738
516,1976-03-31,19.626
517,1976-04-01,19.215
518,1976-04-02,18.808
519,1976-04-03,23.947
520,1976-04-04,32.678
521,1976-04-05,59.655
522,1976-04-06,131.377
523,1976-04-07,117.244
524,1976-04-08,99.528
525,1976-04-09,91.981
526,1976-04-10,54.336
527,1976-04-11,33.723
528,1976-04-12,39.164
529,1976-04-13,38.047
530,1976-04-14,23.947
531,1976-04-15,20.882
532,1976-04-16,23.052
533,1976-04-17,23.947
534,1976-04-18,21.738
535,1976-04-19,23.947
536,1976-04-20,31.649
537,1976-04-21,38.604
538,1976-04-22,43.778
539,1976-04-23,30.132
540,1976-04-24,23.497
541,1976-04-25,22.61
542,1976-04-26,21.308
543,1976-04-27,20.041
544,1976-04-28,19.626
545,1976-04-29,20.041
546,1976-04-30,19.626
547,1976-05-01,19.215
548,1976-05-02,20.041
549,1976-05-03,21.308
550,1976-05-04,21.738
551,1976-05-05,21.738
552,1976-05-06,19.626
553,1976-05-07,13.875
554,1976-05-08,17.219
555,1976-05-09,21.738
556,1976-05-10,25.318
557,1976-05-11,22.61
558,1976-05-12,19.626
559,1976-05-13,20.459
560,1976-05-14,20.041
561,1976-05-15,20.041
562,1976-05-16,20.459
563,1976-05-17,18.006
564,1976-05-18,11.827
565,1976-05-19,18.006
566,1976-05-20,15.693
567,1976-05-21,17.61
568,1976-05-22,19.626
569,1976-05-23,19.626
570,1976-05-24,18.808
571,1976-05-25,18.006
572,1976-05-26,23.497
573,1976-05-27,51.125
574,1976-05-28,126.586
575,1976-05-29,178.033
576,1976-05-30,156.516
577,1976-05-31,152.362
578,1976-06-01,112.694
579,1976-06-02,83.12
580,1976-06-03,51.125
581,1976-06-04,36.398
582,1976-06-05,38.047
583,1976-06-06,35.856
584,1976-06-07,47.388
585,1976-06-08,36.398
586,1976-06-09,32.678
587,1976-06-10,30.132
588,1976-06-11,29.139
589,1976-06-12,28.161
590,1976-06-13,23.947
591,1976-06-14,22.61
592,1976-06-15,22.172
593,1976-06-16,19.626
594,1976-06-17,20.459
595,1976-06-18,18.808
596,1976-06-19,16.448
597,1976-06-20,15.693
598,1976-06-21,16.448
599,1976-06-22,18.006
600,1976-06-23,19.215
601,1976-06-24,18.808
602,1976-06-25,18.405
603,1976-06-26,20.041
604,1976-06-27,31.139
605,1976-06-28,57.634
606,1976-06-29,56.305
607,1976-06-30,46.777
608,1976-07-01,31.139
609,1976-07-02,24.857
610,1976-07-03,21.308
611,1976-07-04,21.308
612,1976-07-05,20.041
613,1976-07-06,19.626
614,1976-07-07,20.882
615,1976-07-08,25.782
616,1976-07-09,28.161
617,1976-07-10,25.782
618,1976-07-11,23.052
619,1976-07-12,20.459
620,1976-07-13,40.867
621,1976-07-14,167.12
622,1976-07-15,192.68
623,1976-07-16,126.586
624,1976-07-17,93.635
625,1976-07-18,65.903
626,1976-07-19,36.944
627,1976-07-20,33.723
628,1976-07-21,29.139
629,1976-07-22,30.634
630,1976-07-23,28.161
631,1976-07-24,25.782
632,1976-07-25,27.678
633,1976-07-26,28.648
634,1976-07-27,30.132
635,1976-07-28,35.317
636,1976-07-29,35.317
637,1976-07-30,32.162
638,1976-07-31,34.782
639,1976-08-01,29.139
640,1976-08-02,30.132
641,1976-08-03,30.634
642,1976-08-04,40.867
643,1976-08-05,49.865
644,1976-08-06,102.967
645,1976-08-07,26.25
646,1976-08-08,85.497
647,1976-08-09,131.377
648,1976-08-10,414.614
649,1976-08-11,368.658
650,1976-08-12,219.854
651,1976-08-13,151.331
652,1976-08-14,119.087
653,1976-08-15,54.336
654,1976-08-16,49.865
655,1976-08-17,46.17
656,1976-08-18,47.388
657,1976-08-19,43.188
658,1976-08-20,38.604
659,1976-08-21,40.296
660,1976-08-22,38.047
661,1976-08-23,34.25
662,1976-08-24,31.649
663,1976-08-25,29.633
664,1976-08-26,28.161
665,1976-08-27,29.633
666,1976-08-28,30.634
667,1976-08-29,29.139
668,1976-08-30,30.132
669,1976-08-31,29.139
670,1976-09-01,26.722
671,1976-09-02,25.782
672,1976-09-03,30.634
673,1976-09-04,103.835
674,1976-09-05,210.221
675,1976-09-06,186.985
676,1976-09-07,144.204
677,1976-09-08,91.159
678,1976-09-09,79.998
679,1976-09-10,63.789
680,1976-09-11,51.76
681,1976-09-12,43.778
682,1976-09-13,39.164
683,1976-09-14,35.856
684,1976-09-15,33.723
685,1976-09-16,28.161
686,1976-09-17,29.139
687,1976-09-18,29.139
688,1976-09-19,29.633
689,1976-09-20,27.198
690,1976-09-21,24.857
691,1976-09-22,22.61
692,1976-09-23,24.857
693,1976-09-24,24.4
694,1976-09-25,24.4
695,1976-09-26,23.947
696,1976-09-27,22.61
697,1976-09-28,21.308
698,1976-09-29,19.626
699,1976-09-30,21.738
700,1976-10-01,41.442
701,1976-10-02,71.689
702,1976-10-03,54.989
703,1976-10-04,38.047
704,1976-10-05,36.398
705,1976-10-06,36.398
706,1976-10-07,38.047
707,1976-10-08,32.162
708,1976-10-09,25.782
709,1976-10-10,23.052
710,1976-10-11,21.738
711,1976-10-12,21.738
712,1976-10-13,21.308
713,1976-10-14,18.808
714,1976-10-15,18.808
715,1976-10-16,20.459
716,1976-10-17,21.738
717,1976-10-18,24.857
718,1976-10-19,24.4
719,1976-10-20,23.497
720,1976-10-21,21.308
721,1976-10-22,19.626
722,1976-10-23,22.172
723,1976-10-24,19.626
724,1976-10-25,19.215
725,1976-10-26,18.006
726,1976-10-27,16.069
727,1976-10-28,14.231
728,1976-10-29,12.494
729,1976-10-30,10.543
730,1976-10-31,18.006
731,1976-11-01,29.139
732,1976-11-02,40.296
733,1976-11-03,32.162
734,1976-11-04,68.047
735,1976-11-05,163.906
736,1976-11-06,139.208
737,1976-11-07,116.328
738,1976-11-08,82.335
739,1976-11-09,51.125
740,1976-11-10,34.782
741,1976-11-11,26.25
742,1976-11-12,23.497
743,1976-11-13,20.459
744,1976-11-14,19.215
745,1976-11-15,19.215
746,1976-11-16,19.215
747,1976-11-17,19.215
748,1976-11-18,18.808
749,1976-11-19,15.693
750,1976-11-20,18.808
751,1976-11-21,17.61
752,1976-11-22,13.176
753,1976-11-23,15.322
754,1976-11-24,14.954
755,1976-11-25,14.954
756,1976-11-26,14.954
757,1976-11-27,15.322
758,1976-11-28,18.808
759,1976-11-29,27.678
760,1976-11-30,36.944
761,1976-12-01,63.789
762,1976-12-02,70.222
763,1976-12-03,36.944
764,1976-12-04,28.648
765,1976-12-05,23.052
766,1976-12-06,19.215
767,1976-12-07,23.947
768,1976-12-08,26.25
769,1976-12-09,21.308
770,1976-12-10,20.882
771,1976-12-11,19.215
772,1976-12-12,18.405
773,1976-12-13,73.914
774,1976-12-14,12.158
775,1976-12-15,14.231
776,1976-12-16,20.041
777,1976-12-17,23.052
778,1976-12-18,20.041
779,1976-12-19,20.459
780,1976-12-20,20.882
781,1976-12-21,31.649
782,1976-12-22,23.052
783,1976-12-23,28.161
784,1976-12-24,28.648
785,1976-12-25,25.318
786,1976-12-26,23.497
787,1976-12-27,21.308
788,1976-12-28,20.041
789,1976-12-29,18.405
790,1976-12-30,16.832
791,1976-12-31,15.322
792,1977-01-01,13.875
793,1977-01-02,17.219
794,1977-01-03,67.329
795,1977-01-04,189.254
796,1977-01-05,154.433
797,1977-01-06,109.112
798,1977-01-07,83.909
799,1977-01-08,42.021
800,1977-01-09,23.497
801,1977-01-10,23.052
802,1977-01-11,20.882
803,1977-01-12,24.4
804,1977-01-13,25.318
805,1977-01-14,33.723
806,1977-01-15,27.198
807,1977-01-16,24.4
808,1977-01-17,68.047
809,1977-01-18,257.689
810,1977-01-19,196.133
811,1977-01-20,120.013
812,1977-01-21,95.302
813,1977-01-22,71.689
814,1977-01-23,120.013
815,1977-01-24,80.774
816,1977-01-25,49.865
817,1977-01-26,40.867
818,1977-01-27,33.723
819,1977-01-28,30.132
820,1977-01-29,26.25
821,1977-01-30,24.4
822,1977-01-31,23.947
823,1977-02-01,23.947
824,1977-02-02,21.308
825,1977-02-03,20.882
826,1977-02-04,20.041
827,1977-02-05,19.215
828,1977-02-06,20.882
829,1977-02-07,32.678
830,1977-02-08,85.497
831,1977-02-09,49.865
832,1977-02-10,42.603
833,1977-02-11,36.944
834,1977-02-12,31.649
835,1977-02-13,90.34
836,1977-02-14,32.678
837,1977-02-15,25.318
838,1977-02-16,23.052
839,1977-02-17,22.61
840,1977-02-18,22.172
841,1977-02-19,42.603
842,1977-02-20,51.76
843,1977-02-21,35.856
844,1977-02-22,23.052
845,1977-02-23,39.728
846,1977-02-24,110.896
847,1977-02-25,70.222
848,1977-02-26,38.047
849,1977-02-27,34.25
850,1977-02-28,30.132
851,1977-03-01,23.947
852,1977-03-02,21.308
853,1977-03-03,20.041
854,1977-03-04,20.041
855,1977-03-05,19.626
856,1977-03-06,19.626
857,1977-03-07,19.215
858,1977-03-08,19.215
859,1977-03-09,18.405
860,1977-03-10,18.006
861,1977-03-11,18.006
862,1977-03-12,18.006
863,1977-03-13,18.006
864,1977-03-14,18.006
865,1977-03-15,18.006
866,1977-03-16,18.006
867,1977-03-17,17.219
868,1977-03-18,17.219
869,1977-03-19,16.448
870,1977-03-20,16.448
871,1977-03-21,15.693
872,1977-03-22,16.448
873,1977-03-23,16.448
874,1977-03-24,15.322
875,1977-03-25,15.322
876,1977-03-26,14.59
877,1977-03-27,14.59
878,1977-03-28,19.626
879,1977-03-29,108.224
880,1977-03-30,89.525
881,1977-03-31,36.398
882,1977-04-01,33.723
883,1977-04-02,19.626
884,1977-04-03,19.215
885,1977-04-04,19.215
886,1977-04-05,19.215
887,1977-04-06,16.832
888,1977-04-07,15.693
889,1977-04-08,11.5
890,1977-04-09,13.875
891,1977-04-10,14.954
892,1977-04-11,14.954
893,1977-04-12,14.59
894,1977-04-13,11.827
895,1977-04-14,26.25
896,1977-04-15,53.041
897,1977-04-16,42.603
898,1977-04-17,44.967
899,1977-04-18,51.125
900,1977-04-19,49.865
901,1977-04-20,43.778
902,1977-04-21,31.649
903,1977-04-22,24.4
904,1977-04-23,22.61
905,1977-04-24,21.308
906,1977-04-25,19.215
907,1977-04-26,18.405
908,1977-04-27,17.61
909,1977-04-28,16.832
910,1977-04-29,13.524
911,1977-04-30,14.954
912,1977-05-01,12.494
913,1977-05-02,13.524
914,1977-05-03,14.59
915,1977-05-04,13.875
916,1977-05-05,10.858
917,1977-05-06,12.158
918,1977-05-07,28.161
919,1977-05-08,51.125
920,1977-05-09,43.778
921,1977-05-10,44.967
922,1977-05-11,42.021
923,1977-05-12,32.162
924,1977-05-13,22.172
925,1977-05-14,23.052
926,1977-05-15,20.041
927,1977-05-16,22.172
928,1977-05-17,20.882
929,1977-05-18,20.882
930,1977-05-19,18.808
931,1977-05-20,17.61
932,1977-05-21,15.322
933,1977-05-22,11.177
934,1977-05-23,11.177
935,1977-05-24,13.524
936,1977-05-25,11.177
937,1977-05-26,12.833
938,1977-05-27,19.215
939,1977-05-28,19.626
940,1977-05-29,21.738
941,1977-05-30,21.308
942,1977-05-31,37.494
943,1977-06-01,39.164
944,1977-06-02,35.856
945,1977-06-03,19.626
946,1977-06-04,20.041
947,1977-06-05,19.626
948,1977-06-06,19.626
949,1977-06-07,19.215
950,1977-06-08,19.626
951,1977-06-09,18.405
952,1977-06-10,17.61
953,1977-06-11,16.832
954,1977-06-12,14.59
955,1977-06-13,14.954
956,1977-06-14,13.875
957,1977-06-15,14.59
958,1977-06-16,14.954
959,1977-06-17,15.693
960,1977-06-18,16.448
961,1977-06-19,23.947
962,1977-06-20,71.689
963,1977-06-21,77.691
964,1977-06-22,129.451
965,1977-06-23,140.201
966,1977-06-24,102.103
967,1977-06-25,86.296
968,1977-06-26,70.222
969,1977-06-27,54.336
970,1977-06-28,46.777
971,1977-06-29,91.159
972,1977-06-30,183.605
973,1977-07-01,141.197
974,1977-07-02,108.224
975,1977-07-03,74.663
976,1977-07-04,46.17
977,1977-07-05,42.603
978,1977-07-06,42.021
979,1977-07-07,38.604
980,1977-07-08,37.494
981,1977-07-09,59.655
982,1977-07-10,106.459
983,1977-07-11,128.493
984,1977-07-12,70.953
985,1977-07-13,86.296
986,1977-07-14,89.525
987,1977-07-15,96.141
988,1977-07-16,99.528
989,1977-07-17,82.335
990,1977-07-18,68.047
991,1977-07-19,56.305
992,1977-07-20,49.865
993,1977-07-21,61.707
994,1977-07-22,125.638
995,1977-07-23,222.293
996,1977-07-24,164.974
997,1977-07-25,146.225
998,1977-07-26,122.811
999,1977-07-27,79.226
1000,1977-07-28,159.665
1001,1977-07-29,256.384
1002,1977-07-30,224.743
1003,1977-07-31,170.361
1004,1977-08-01,228.442
1005,1977-08-02,247.337
1006,1977-08-03,194.979
1007,1977-08-04,159.665
1008,1977-08-05,148.258
1009,1977-08-06,102.103
1010,1977-08-07,85.497
1011,1977-08-08,71.689
1012,1977-08-09,65.195
1013,1977-08-10,57.634
1014,1977-08-11,63.091
1015,1977-08-12,58.304
1016,1977-08-13,141.197
1017,1977-08-14,129.451
1018,1977-08-15,131.377
1019,1977-08-16,139.208
1020,1977-08-17,189.254
1021,1977-08-18,198.451
1022,1977-08-19,178.033
1023,1977-08-20,156.516
1024,1977-08-21,121.875
1025,1977-08-22,83.12
1026,1977-08-23,84.702
1027,1977-08-24,105.581
1028,1977-08-25,140.201
1029,1977-08-26,129.451
1030,1977-08-27,111.794
1031,1977-08-28,87.098
1032,1977-08-29,75.415
1033,1977-08-30,64.49
1034,1977-08-31,60.335
1035,1977-09-01,56.968
1036,1977-09-02,59.655
1037,1977-09-03,53.041
1038,1977-09-04,48.002
1039,1977-09-05,46.17
1040,1977-09-06,44.37
1041,1977-09-07,44.967
1042,1977-09-08,44.37
1043,1977-09-09,43.778
1044,1977-09-10,40.867
1045,1977-09-11,37.494
1046,1977-09-12,37.494
1047,1977-09-13,36.398
1048,1977-09-14,39.164
1049,1977-09-15,68.047
1050,1977-09-16,186.985
1051,1977-09-17,342.787
1052,1977-09-18,278.958
1053,1977-09-19,172.538
1054,1977-09-20,129.451
1055,1977-09-21,106.459
1056,1977-09-22,71.689
1057,1977-09-23,63.789
1058,1977-09-24,62.397
1059,1977-09-25,56.305
1060,1977-09-26,53.687
1061,1977-09-27,48.002
1062,1977-09-28,44.37
1063,1977-09-29,53.687
1064,1977-09-30,51.125
1065,1977-10-01,44.37
1066,1977-10-02,40.867
1067,1977-10-03,38.047
1068,1977-10-04,36.944
1069,1977-10-05,33.723
1070,1977-10-06,32.678
1071,1977-10-07,31.139
1072,1977-10-08,29.139
1073,1977-10-09,28.648
1074,1977-10-10,28.648
1075,1977-10-11,30.634
1076,1977-10-12,28.648
1077,1977-10-13,30.634
1078,1977-10-14,31.139
1079,1977-10-15,27.678
1080,1977-10-16,31.649
1081,1977-10-17,35.317
1082,1977-10-18,36.398
1083,1977-10-19,31.649
1084,1977-10-20,24.4
1085,1977-10-21,23.497
1086,1977-10-22,20.882
1087,1977-10-23,19.626
1088,1977-10-24,20.882
1089,1977-10-25,19.626
1090,1977-10-26,21.308
1091,1977-10-27,19.626
1092,1977-10-28,20.041
1093,1977-10-29,19.626
1094,1977-10-30,17.219
1095,1977-10-31,18.006
1096,1977-11-01,49.865
1097,1977-11-02,181.367
1098,1977-11-03,121.875
1099,1977-11-04,103.835
1100,1977-11-05,79.226
1101,1977-11-06,43.778
1102,1977-11-07,30.132
1103,1977-11-08,26.25
1104,1977-11-09,26.722
1105,1977-11-10,44.37
1106,1977-11-11,63.091
1107,1977-11-12,71.689
1108,1977-11-13,56.968
1109,1977-11-14,42.021
1110,1977-11-15,34.25
1111,1977-11-16,31.139
1112,1977-11-17,23.052
1113,1977-11-18,24.4
1114,1977-11-19,23.052
1115,1977-11-20,21.308
1116,1977-11-21,20.882
1117,1977-11-22,20.882
1118,1977-11-23,19.626
1119,1977-11-24,27.678
1120,1977-11-25,38.047
1121,1977-11-26,35.317
1122,1977-11-27,35.317
1123,1977-11-28,39.164
1124,1977-11-29,68.047
1125,1977-11-30,63.091
1126,1977-12-01,41.442
1127,1977-12-02,37.494
1128,1977-12-03,21.308
1129,1977-12-04,19.626
1130,1977-12-05,17.219
1131,1977-12-06,21.738
1132,1977-12-07,87.098
1133,1977-12-08,127.538
1134,1977-12-09,109.112
1135,1977-12-10,49.24
1136,1977-12-11,46.17
1137,1977-12-12,35.317
1138,1977-12-13,32.162
1139,1977-12-14,26.25
1140,1977-12-15,22.172
1141,1977-12-16,23.052
1142,1977-12-17,21.738
1143,1977-12-18,18.808
1144,1977-12-19,17.61
1145,1977-12-20,20.459
1146,1977-12-21,19.215
1147,1977-12-22,18.405
1148,1977-12-23,18.006
1149,1977-12-24,19.215
1150,1977-12-25,17.219
1151,1977-12-26,18.808
1152,1977-12-27,18.006
1153,1977-12-28,18.405
1154,1977-12-29,17.61
1155,1977-12-30,13.875
1156,1977-12-31,18.006
1157,1978-01-01,17.219
1158,1978-01-02,18.808
1159,1978-01-03,20.041
1160,1978-01-04,16.448
1161,1978-01-05,13.875
1162,1978-01-06,13.875
1163,1978-01-07,12.158
1164,1978-01-08,13.875
1165,1978-01-09,11.827
1166,1978-01-10,13.524
1167,1978-01-11,12.833
1168,1978-01-12,11.177
1169,1978-01-13,9.926
1170,1978-01-14,14.954
1171,1978-01-15,13.176
1172,1978-01-16,13.176
1173,1978-01-17,13.176
1174,1978-01-18,14.59
1175,1978-01-19,11.5
1176,1978-01-20,11.5
1177,1978-01-21,12.158
1178,1978-01-22,14.59
1179,1978-01-23,14.954
1180,1978-01-24,11.5
1181,1978-01-25,11.827
1182,1978-01-26,12.833
1183,1978-01-27,13.176
1184,1978-01-28,14.231
1185,1978-01-29,14.59
1186,1978-01-30,14.59
1187,1978-01-31,11.827
1188,1978-02-01,10.233
1189,1978-02-02,9.032
1190,1978-02-03,9.624
1191,1978-02-04,9.032
1192,1978-02-05,9.032
1193,1978-02-06,12.158
1194,1978-02-07,14.231
1195,1978-02-08,10.858
1196,1978-02-09,11.177
1197,1978-02-10,9.624
1198,1978-02-11,9.926
1199,1978-02-12,8.743
1200,1978-02-13,12.833
1201,1978-02-14,10.233
1202,1978-02-15,8.457
1203,1978-02-16,6.328
1204,1978-02-17,9.926
1205,1978-02-18,11.177
1206,1978-02-19,7.094
1207,1978-02-20,11.5
1208,1978-02-21,8.457
1209,1978-02-22,7.094
1210,1978-02-23,8.743
1211,1978-02-24,7.626
1212,1978-02-25,9.326
1213,1978-02-26,7.094
1214,1978-02-27,9.326
1215,1978-02-28,7.626
1216,1978-03-01,10.233
1217,1978-03-02,11.827
1218,1978-03-03,15.693
1219,1978-03-04,11.827
1220,1978-03-05,11.827
1221,1978-03-06,10.543
1222,1978-03-07,9.624
1223,1978-03-08,9.032
1224,1978-03-09,9.624
1225,1978-03-10,8.176
1226,1978-03-11,7.358
1227,1978-03-12,7.358
1228,1978-03-13,10.858
1229,1978-03-14,9.326
1230,1978-03-15,8.743
1231,1978-03-16,9.326
1232,1978-03-17,9.032
1233,1978-03-18,9.624
1234,1978-03-19,7.899
1235,1978-03-20,10.233
1236,1978-03-21,8.176
1237,1978-03-22,7.626
1238,1978-03-23,7.626
1239,1978-03-24,8.176
1240,1978-03-25,6.579
1241,1978-03-26,5.601
1242,1978-03-27,11.827
1243,1978-03-28,8.176
1244,1978-03-29,9.032
1245,1978-03-30,9.326
1246,1978-03-31,6.579
1247,1978-04-01,9.326
1248,1978-04-02,6.834
1249,1978-04-03,7.899
1250,1978-04-04,7.358
1251,1978-04-05,10.233
1252,1978-04-06,9.032
1253,1978-04-07,7.626
1254,1978-04-08,7.358
1255,1978-04-09,6.579
1256,1978-04-10,7.094
1257,1978-04-11,6.579
1258,1978-04-12,5.601
1259,1978-04-13,5.601
1260,1978-04-14,6.834
1261,1978-04-15,6.328
1262,1978-04-16,5.139
1263,1978-04-17,6.834
1264,1978-04-18,6.081
1265,1978-04-19,5.139
1266,1978-04-20,5.839
1267,1978-04-21,4.694
1268,1978-04-22,4.694
1269,1978-04-23,2.747
1270,1978-04-24,5.839
1271,1978-04-25,6.081
1272,1978-04-26,4.694
1273,1978-04-27,4.914
1274,1978-04-28,4.914
1275,1978-04-29,5.368
1276,1978-04-30,2.747
1277,1978-05-01,3.099
1278,1978-05-02,4.914
1279,1978-05-03,4.061
1280,1978-05-04,4.061
1281,1978-05-05,4.914
1282,1978-05-06,4.061
1283,1978-05-07,3.099
1284,1978-05-08,3.662
1285,1978-05-09,3.662
1286,1978-05-10,3.47
1287,1978-05-11,3.47
1288,1978-05-12,3.099
1289,1978-05-13,2.254
1290,1978-05-14,2.414
1291,1978-05-15,7.094
1292,1978-05-16,6.328
1293,1978-05-17,6.328
1294,1978-05-18,6.328
1295,1978-05-19,5.839
1296,1978-05-20,6.328
1297,1978-05-21,5.139
1298,1978-05-22,4.061
1299,1978-05-23,5.139
1300,1978-05-24,4.914
1301,1978-05-25,4.694
1302,1978-05-26,4.914
1303,1978-05-27,2.92
1304,1978-05-28,2.254
1305,1978-05-29,3.662
1306,1978-05-30,3.662
1307,1978-05-31,4.694
1308,1978-06-01,3.86
1309,1978-06-02,3.86
1310,1978-06-03,4.061
1311,1978-06-04,2.414
1312,1978-06-05,5.139
1313,1978-06-06,4.914
1314,1978-06-07,3.86
1315,1978-06-08,4.061
1316,1978-06-09,3.86
1317,1978-06-10,4.914
1318,1978-06-11,3.282
1319,1978-06-12,5.139
1320,1978-06-13,6.081
1321,1978-06-14,5.601
1322,1978-06-15,6.328
1323,1978-06-16,7.626
1324,1978-06-17,21.308
1325,1978-06-18,18.808
1326,1978-06-19,16.832
1327,1978-06-20,20.882
1328,1978-06-21,20.882
1329,1978-06-22,19.215
1330,1978-06-23,17.61
1331,1978-06-24,11.5
1332,1978-06-25,10.543
1333,1978-06-26,10.233
1334,1978-06-27,8.743
1335,1978-06-28,11.5
1336,1978-06-29,7.899
1337,1978-06-30,9.326
1338,1978-07-01,6.834
1339,1978-07-02,4.914
1340,1978-07-03,6.081
1341,1978-07-04,7.626
1342,1978-07-05,6.328
1343,1978-07-06,6.081
1344,1978-07-07,5.139
1345,1978-07-08,6.328
1346,1978-07-09,3.86
1347,1978-07-10,3.47
1348,1978-07-11,5.139
1349,1978-07-12,5.139
1350,1978-07-13,6.081
1351,1978-07-14,6.328
1352,1978-07-15,14.954
1353,1978-07-16,14.954
1354,1978-07-17,20.882
1355,1978-07-18,38.047
1356,1978-07-19,36.944
1357,1978-07-20,66.614
1358,1978-07-21,107.34
1359,1978-07-22,104.707
1360,1978-07-23,94.467
1361,1978-07-24,149.279
1362,1978-07-25,120.013
1363,1978-07-26,87.098
1364,1978-07-27,67.329
1365,1978-07-28,141.197
1366,1978-07-29,137.231
1367,1978-07-30,102.103
1368,1978-07-31,82.335
1369,1978-08-01,83.12
1370,1978-08-02,77.691
1371,1978-08-03,70.953
1372,1978-08-04,61.707
1373,1978-08-05,38.604
1374,1978-08-06,31.139
1375,1978-08-07,31.139
1376,1978-08-08,24.857
1377,1978-08-09,33.723
1378,1978-08-10,61.019
1379,1978-08-11,82.335
1380,1978-08-12,103.835
1381,1978-08-13,77.691
1382,1978-08-14,61.019
1383,1978-08-15,44.967
1384,1978-08-16,36.398
1385,1978-08-17,30.132
1386,1978-08-18,28.648
1387,1978-08-19,25.782
1388,1978-08-20,23.052
1389,1978-08-21,20.459
1390,1978-08-22,20.041
1391,1978-08-23,19.215
1392,1978-08-24,19.626
1393,1978-08-25,20.041
1394,1978-08-26,19.626
1395,1978-08-27,17.61
1396,1978-08-28,18.808
1397,1978-08-29,17.61
1398,1978-08-30,19.626
1399,1978-08-31,20.459
1400,1978-09-01,24.857
1401,1978-09-02,28.648
1402,1978-09-03,20.882
1403,1978-09-04,25.318
1404,1978-09-05,30.634
1405,1978-09-06,31.139
1406,1978-09-07,29.139
1407,1978-09-08,24.4
1408,1978-09-09,28.648
1409,1978-09-10,35.317
1410,1978-09-11,34.25
1411,1978-09-12,32.162
1412,1978-09-13,20.459
1413,1978-09-14,27.678
1414,1978-09-15,70.222
1415,1978-09-16,87.098
1416,1978-09-17,64.49
1417,1978-09-18,42.603
1418,1978-09-19,33.723
1419,1978-09-20,29.139
1420,1978-09-21,28.161
1421,1978-09-22,28.161
1422,1978-09-23,24.4
1423,1978-09-24,22.172
1424,1978-09-25,21.308
1425,1978-09-26,17.61
1426,1978-09-27,18.405
1427,1978-09-28,17.61
1428,1978-09-29,15.693
1429,1978-09-30,14.231
1430,1978-10-01,14.59
1431,1978-10-02,12.158
1432,1978-10-03,13.176
1433,1978-10-04,14.954
1434,1978-10-05,16.069
1435,1978-10-06,18.808
1436,1978-10-07,20.459
1437,1978-10-08,16.069
1438,1978-10-09,15.322
1439,1978-10-10,14.954
1440,1978-10-11,14.954
1441,1978-10-12,14.954
1442,1978-10-13,14.59
1443,1978-10-14,16.448
1444,1978-10-15,13.524
1445,1978-10-16,12.158
1446,1978-10-17,12.833
1447,1978-10-18,12.158
1448,1978-10-19,10.543
1449,1978-10-20,10.233
1450,1978-10-21,8.176
1451,1978-10-22,7.094
1452,1978-10-23,9.032
1453,1978-10-24,7.899
1454,1978-10-25,6.579
1455,1978-10-26,6.328
1456,1978-10-27,7.094
1457,1978-10-28,13.176
1458,1978-10-29,15.693
1459,1978-10-30,16.069
1460,1978-10-31,16.832
1461,1978-11-01,18.808
1462,1978-11-02,33.723
1463,1978-11-03,26.722
1464,1978-11-04,22.172
1465,1978-11-05,27.198
1466,1978-11-06,33.723
1467,1978-11-07,28.648
1468,1978-11-08,19.626
1469,1978-11-09,15.322
1470,1978-11-10,13.176
1471,1978-11-11,13.875
1472,1978-11-12,15.693
1473,1978-11-13,13.524
1474,1978-11-14,11.177
1475,1978-11-15,9.624
1476,1978-11-16,8.743
1477,1978-11-17,14.59
1478,1978-11-18,128.493
1479,1978-11-19,652.275
1480,1978-11-20,882.114
1481,1978-11-21,674.465
1482,1978-11-22,434.016
1483,1978-11-23,227.206
1484,1978-11-24,161.779
1485,1978-11-25,85.497
1486,1978-11-26,68.769
1487,1978-11-27,64.49
1488,1978-11-28,51.125
1489,1978-11-29,48.002
1490,1978-11-30,45.567
1491,1978-12-01,35.856
1492,1978-12-02,36.398
1493,1978-12-03,23.947
1494,1978-12-04,30.132
1495,1978-12-05,34.782
1496,1978-12-06,44.967
1497,1978-12-07,48.619
1498,1978-12-08,46.777
1499,1978-12-09,36.398
1500,1978-12-10,27.198
1501,1978-12-11,21.308
1502,1978-12-12,20.882
1503,1978-12-13,20.459
1504,1978-12-14,19.626
1505,1978-12-15,20.882
1506,1978-12-16,21.738
1507,1978-12-17,20.459
1508,1978-12-18,16.069
1509,1978-12-19,18.006
1510,1978-12-20,16.069
1511,1978-12-21,14.954
1512,1978-12-22,12.833
1513,1978-12-23,13.176
1514,1978-12-24,14.231
1515,1978-12-25,14.231
1516,1978-12-26,17.61
1517,1978-12-27,14.954
1518,1978-12-28,15.693
1519,1978-12-29,12.494
1520,1978-12-30,12.158
1521,1978-12-31,12.158
1522,1979-01-01,14.231
1523,1979-01-02,13.176
1524,1979-01-03,12.833
1525,1979-01-04,11.5
1526,1979-01-05,8.743
1527,1979-01-06,8.176
1528,1979-01-07,8.457
1529,1979-01-08,9.624
1530,1979-01-09,7.899
1531,1979-01-10,6.328
1532,1979-01-11,7.899
1533,1979-01-12,7.094
1534,1979-01-13,7.626
1535,1979-01-14,7.626
1536,1979-01-15,8.457
1537,1979-01-16,6.834
1538,1979-01-17,6.834
1539,1979-01-18,7.626
1540,1979-01-19,6.579
1541,1979-01-20,6.081
1542,1979-01-21,7.094
1543,1979-01-22,6.834
1544,1979-01-23,6.328
1545,1979-01-24,6.834
1546,1979-01-25,6.328
1547,1979-01-26,6.328
1548,1979-01-27,6.328
1549,1979-01-28,6.081
1550,1979-01-29,6.834
1551,1979-01-30,6.579
1552,1979-01-31,7.626
1553,1979-02-01,6.328
1554,1979-02-02,6.081
1555,1979-02-03,6.328
1556,1979-02-04,6.081
1557,1979-02-05,7.626
1558,1979-02-06,6.328
1559,1979-02-07,6.328
1560,1979-02-08,6.579
1561,1979-02-09,6.328
1562,1979-02-10,7.358
1563,1979-02-11,4.694
1564,1979-02-12,7.899
1565,1979-02-13,6.834
1566,1979-02-14,8.457
1567,1979-02-15,15.693
1568,1979-02-16,10.858
1569,1979-02-17,11.827
1570,1979-02-18,39.728
1571,1979-02-19,46.777
1572,1979-02-20,31.139
1573,1979-02-21,19.626
1574,1979-02-22,15.693
1575,1979-02-23,12.494
1576,1979-02-24,11.5
1577,1979-02-25,11.177
1578,1979-02-26,12.158
1579,1979-02-27,9.032
1580,1979-02-28,10.543
1581,1979-03-01,10.543
1582,1979-03-02,23.497
1583,1979-03-03,26.722
1584,1979-03-04,18.006
1585,1979-03-05,13.176
1586,1979-03-06,10.543
1587,1979-03-07,10.233
1588,1979-03-08,7.358
1589,1979-03-09,13.176
1590,1979-03-10,9.032
1591,1979-03-11,14.59
1592,1979-03-12,13.176
1593,1979-03-13,12.494
1594,1979-03-14,16.448
1595,1979-03-15,11.177
1596,1979-03-16,8.457
1597,1979-03-17,8.176
1598,1979-03-18,7.094
1599,1979-03-19,7.094
1600,1979-03-20,6.834
1601,1979-03-21,5.839
1602,1979-03-22,7.094
1603,1979-03-23,6.328
1604,1979-03-24,6.328
1605,1979-03-25,5.139
1606,1979-03-26,6.579
1607,1979-03-27,6.328
1608,1979-03-28,6.328
1609,1979-03-29,6.328
1610,1979-03-30,6.328
1611,1979-03-31,6.081
1612,1979-04-01,6.081
1613,1979-04-02,6.328
1614,1979-04-03,6.579
1615,1979-04-04,6.328
1616,1979-04-05,7.626
1617,1979-04-06,6.834
1618,1979-04-07,6.328
1619,1979-04-08,6.834
1620,1979-04-09,8.743
1621,1979-04-10,6.834
1622,1979-04-11,6.834
1623,1979-04-12,6.328
1624,1979-04-13,5.139
1625,1979-04-14,7.626
1626,1979-04-15,29.633
1627,1979-04-16,93.635
1628,1979-04-17,128.493
1629,1979-04-18,181.367
1630,1979-04-19,134.29
1631,1979-04-20,103.835
1632,1979-04-21,76.929
1633,1979-04-22,59.655
1634,1979-04-23,47.388
1635,1979-04-24,37.494
1636,1979-04-25,30.132
1637,1979-04-26,24.857
1638,1979-04-27,22.61
1639,1979-04-28,20.882
1640,1979-04-29,19.626
1641,1979-04-30,18.808
1642,1979-05-01,18.006
1643,1979-05-02,16.832
1644,1979-05-03,16.448
1645,1979-05-04,20.882
1646,1979-05-05,38.047
1647,1979-05-06,40.867
1648,1979-05-07,21.738
1649,1979-05-08,21.308
1650,1979-05-09,19.626
1651,1979-05-10,19.626
1652,1979-05-11,21.308
1653,1979-05-12,23.052
1654,1979-05-13,17.61
1655,1979-05-14,16.832
1656,1979-05-15,15.693
1657,1979-05-16,14.954
1658,1979-05-17,12.833
1659,1979-05-18,13.176
1660,1979-05-19,64.49
1661,1979-05-20,108.224
1662,1979-05-21,112.694
1663,1979-05-22,116.328
1664,1979-05-23,119.087
1665,1979-05-24,92.807
1666,1979-05-25,75.415
1667,1979-05-26,63.091
1668,1979-05-27,48.002
1669,1979-05-28,35.317
1670,1979-05-29,31.649
1671,1979-05-30,31.649
1672,1979-05-31,25.318
1673,1979-06-01,21.738
1674,1979-06-02,23.947
1675,1979-06-03,21.738
1676,1979-06-04,20.882
1677,1979-06-05,27.198
1678,1979-06-06,60.335
1679,1979-06-07,61.019
1680,1979-06-08,52.399
1681,1979-06-09,36.398
1682,1979-06-10,30.132
1683,1979-06-11,26.722
1684,1979-06-12,26.25
1685,1979-06-13,24.4
1686,1979-06-14,23.052
1687,1979-06-15,22.172
1688,1979-06-16,21.308
1689,1979-06-17,20.041
1690,1979-06-18,19.215
1691,1979-06-19,18.405
1692,1979-06-20,18.006
1693,1979-06-21,17.219
1694,1979-06-22,16.832
1695,1979-06-23,16.448
1696,1979-06-24,17.61
1697,1979-06-25,22.61
1698,1979-06-26,36.398
1699,1979-06-27,37.494
1700,1979-06-28,27.198
1701,1979-06-29,24.4
1702,1979-06-30,20.459
1703,1979-07-01,19.626
1704,1979-07-02,28.648
1705,1979-07-03,54.336
1706,1979-07-04,81.553
1707,1979-07-05,70.953
1708,1979-07-06,59.655
1709,1979-07-07,77.691
1710,1979-07-08,155.473
1711,1979-07-09,143.199
1712,1979-07-10,99.528
1713,1979-07-11,84.702
1714,1979-07-12,61.019
1715,1979-07-13,46.777
1716,1979-07-14,42.021
1717,1979-07-15,39.164
1718,1979-07-16,33.199
1719,1979-07-17,35.317
1720,1979-07-18,32.678
1721,1979-07-19,31.649
1722,1979-07-20,36.398
1723,1979-07-21,46.17
1724,1979-07-22,44.967
1725,1979-07-23,44.967
1726,1979-07-24,38.604
1727,1979-07-25,33.723
1728,1979-07-26,44.967
1729,1979-07-27,49.865
1730,1979-07-28,51.76
1731,1979-07-29,41.442
1732,1979-07-30,34.782
1733,1979-07-31,32.162
1734,1979-08-01,28.648
1735,1979-08-02,26.722
1736,1979-08-03,23.947
1737,1979-08-04,87.098
1738,1979-08-05,161.779
1739,1979-08-06,139.208
1740,1979-08-07,114.505
1741,1979-08-08,89.525
1742,1979-08-09,70.222
1743,1979-08-10,63.091
1744,1979-08-11,82.335
1745,1979-08-12,91.159
1746,1979-08-13,80.774
1747,1979-08-14,73.169
1748,1979-08-15,72.427
1749,1979-08-16,60.335
1750,1979-08-17,129.451
1751,1979-08-18,90.34
1752,1979-08-19,82.335
1753,1979-08-20,66.614
1754,1979-08-21,53.041
1755,1979-08-22,44.37
1756,1979-08-23,43.778
1757,1979-08-24,39.164
1758,1979-08-25,39.164
1759,1979-08-26,44.37
1760,1979-08-27,44.37
1761,1979-08-28,43.778
1762,1979-08-29,42.021
1763,1979-08-30,38.047
1764,1979-08-31,35.856
1765,1979-09-01,33.723
1766,1979-09-02,30.132
1767,1979-09-03,30.132
1768,1979-09-04,29.139
1769,1979-09-05,27.198
1770,1979-09-06,26.25
1771,1979-09-07,25.318
1772,1979-09-08,24.857
1773,1979-09-09,21.738
1774,1979-09-10,28.161
1775,1979-09-11,30.634
1776,1979-09-12,32.678
1777,1979-09-13,37.494
1778,1979-09-14,40.867
1779,1979-09-15,47.388
1780,1979-09-16,47.388
1781,1979-09-17,40.867
1782,1979-09-18,31.649
1783,1979-09-19,26.25
1784,1979-09-20,25.318
1785,1979-09-21,23.497
1786,1979-09-22,22.172
1787,1979-09-23,22.172
1788,1979-09-24,23.052
1789,1979-09-25,40.867
1790,1979-09-26,266.901
1791,1979-09-27,365.136
1792,1979-09-28,388.436
1793,1979-09-29,410.805
1794,1979-09-30,456.046
1795,1979-10-01,410.805
1796,1979-10-02,299.581
1797,1979-10-03,213.811
1798,1979-10-04,159.665
1799,1979-10-05,255.083
1800,1979-10-06,591.54
1801,1979-10-07,753.671
1802,1979-10-08,696.987
1803,1979-10-09,610.841
1804,1979-10-10,392.106
1805,1979-10-11,219.854
1806,1979-10-12,132.345
1807,1979-10-13,146.225
1808,1979-10-14,126.586
1809,1979-10-15,114.505
1810,1979-10-16,106.459
1811,1979-10-17,97.828
1812,1979-10-18,85.497
1813,1979-10-19,73.914
1814,1979-10-20,73.914
1815,1979-10-21,64.49
1816,1979-10-22,64.49
1817,1979-10-23,70.953
1818,1979-10-24,98.676
1819,1979-10-25,408.909
1820,1979-10-26,478.81
1821,1979-10-27,504.573
1822,1979-10-28,511.733
1823,1979-10-29,499.233
1824,1979-10-30,315.122
1825,1979-10-31,256.384
1826,1979-11-01,175.826
1827,1979-11-02,155.473
1828,1979-11-03,117.244
1829,1979-11-04,89.525
1830,1979-11-05,83.12
1831,1979-11-06,77.691
1832,1979-11-07,71.689
1833,1979-11-08,78.457
1834,1979-11-09,74.663
1835,1979-11-10,71.689
1836,1979-11-11,66.614
1837,1979-11-12,58.978
1838,1979-11-13,58.304
1839,1979-11-14,51.76
1840,1979-11-15,48.002
1841,1979-11-16,48.002
1842,1979-11-17,75.415
1843,1979-11-18,171.448
1844,1979-11-19,251.197
1845,1979-11-20,257.689
1846,1979-11-21,170.361
1847,1979-11-22,154.433
1848,1979-11-23,85.497
1849,1979-11-24,70.953
1850,1979-11-25,77.691
1851,1979-11-26,73.914
1852,1979-11-27,67.329
1853,1979-11-28,50.493
1854,1979-11-29,44.37
1855,1979-11-30,40.867
1856,1979-12-01,42.603
1857,1979-12-02,39.164
1858,1979-12-03,36.944
1859,1979-12-04,42.603
1860,1979-12-05,97.828
1861,1979-12-06,122.811
1862,1979-12-07,249.907
1863,1979-12-08,443.94
1864,1979-12-09,434.016
1865,1979-12-10,289.875
1866,1979-12-11,224.743
1867,1979-12-12,155.473
1868,1979-12-13,94.467
1869,1979-12-14,77.691
1870,1979-12-15,95.302
1871,1979-12-16,68.047
1872,1979-12-17,66.614
1873,1979-12-18,59.655
1874,1979-12-19,54.336
1875,1979-12-20,48.002
1876,1979-12-21,45.567
1877,1979-12-22,44.967
1878,1979-12-23,42.021
1879,1979-12-24,39.164
1880,1979-12-25,37.494
1881,1979-12-26,34.25
1882,1979-12-27,33.723
1883,1979-12-28,32.162
1884,1979-12-29,48.002
1885,1979-12-30,61.019
1886,1979-12-31,101.241
1887,1980-01-01,68.769
1888,1980-01-02,42.603
1889,1980-01-03,42.603
1890,1980-01-04,33.723
1891,1980-01-05,33.723
1892,1980-01-06,32.678
1893,1980-01-07,29.139
1894,1980-01-08,38.047
1895,1980-01-09,53.687
1896,1980-01-10,44.967
1897,1980-01-11,43.778
1898,1980-01-12,34.782
1899,1980-01-13,27.678
1900,1980-01-14,26.25
1901,1980-01-15,24.4
1902,1980-01-16,23.052
1903,1980-01-17,20.882
1904,1980-01-18,20.459
1905,1980-01-19,21.738
1906,1980-01-20,21.308
1907,1980-01-21,27.198
1908,1980-01-22,30.132
1909,1980-01-23,23.052
1910,1980-01-24,23.052
1911,1980-01-25,24.4
1912,1980-01-26,26.25
1913,1980-01-27,23.497
1914,1980-01-28,24.4
1915,1980-01-29,22.61
1916,1980-01-30,18.808
1917,1980-01-31,15.693
1918,1980-02-01,16.069
1919,1980-02-02,15.693
1920,1980-02-03,14.954
1921,1980-02-04,14.59
1922,1980-02-05,14.231
1923,1980-02-06,14.954
1924,1980-02-07,13.524
1925,1980-02-08,12.833
1926,1980-02-09,12.158
1927,1980-02-10,11.177
1928,1980-02-11,12.158
1929,1980-02-12,11.827
1930,1980-02-13,11.177
1931,1980-02-14,8.743
1932,1980-02-15,10.543
1933,1980-02-16,10.858
1934,1980-02-17,9.926
1935,1980-02-18,10.543
1936,1980-02-19,10.233
1937,1980-02-20,8.743
1938,1980-02-21,9.926
1939,1980-02-22,8.176
1940,1980-02-23,7.358
1941,1980-02-24,9.032
1942,1980-02-25,10.543
1943,1980-02-26,8.743
1944,1980-02-27,8.457
1945,1980-02-28,8.457
1946,1980-02-29,6.834
1947,1980-03-01,7.358
1948,1980-03-02,7.899
1949,1980-03-03,9.326
1950,1980-03-04,10.858
1951,1980-03-05,8.743
1952,1980-03-06,7.626
1953,1980-03-07,8.176
1954,1980-03-08,7.899
1955,1980-03-09,6.081
1956,1980-03-10,9.032
1957,1980-03-11,13.524
1958,1980-03-12,13.176
1959,1980-03-13,19.215
1960,1980-03-14,29.139
1961,1980-03-15,30.132
1962,1980-03-16,25.782
1963,1980-03-17,16.832
1964,1980-03-18,13.524
1965,1980-03-19,8.743
1966,1980-03-20,8.457
1967,1980-03-21,9.624
1968,1980-03-22,8.457
1969,1980-03-23,8.176
1970,1980-03-24,7.626
1971,1980-03-25,6.834
1972,1980-03-26,8.176
1973,1980-03-27,7.358
1974,1980-03-28,9.624
1975,1980-03-29,14.59
1976,1980-03-30,26.25
1977,1980-03-31,24.4
1978,1980-04-01,21.738
1979,1980-04-02,14.954
1980,1980-04-03,11.177
1981,1980-04-04,9.326
1982,1980-04-05,11.5
1983,1980-04-06,9.926
1984,1980-04-07,8.743
1985,1980-04-08,10.233
1986,1980-04-09,9.624
1987,1980-04-10,6.834
1988,1980-04-11,7.094
1989,1980-04-12,22.61
1990,1980-04-13,167.12
1991,1980-04-14,197.291
1992,1980-04-15,108.224
1993,1980-04-16,48.002
1994,1980-04-17,40.867
1995,1980-04-18,26.25
1996,1980-04-19,20.041
1997,1980-04-20,18.808
1998,1980-04-21,15.693
1999,1980-04-22,15.693
2000,1980-04-23,14.59
2001,1980-04-24,14.59
2002,1980-04-25,12.833
2003,1980-04-26,12.158
2004,1980-04-27,9.032
2005,1980-04-28,9.624
2006,1980-04-29,9.624
2007,1980-04-30,8.743
2008,1980-05-01,9.032
2009,1980-05-02,13.524
2010,1980-05-03,11.827
2011,1980-05-04,14.59
2012,1980-05-05,14.954
2013,1980-05-06,10.233
2014,1980-05-07,10.543
2015,1980-05-08,14.954
2016,1980-05-09,20.882
2017,1980-05-10,247.337
2018,1980-05-11,244.779
2019,1980-05-12,184.729
2020,1980-05-13,120.013
2021,1980-05-14,97.828
2022,1980-05-15,56.305
2023,1980-05-16,38.047
2024,1980-05-17,49.24
2025,1980-05-18,44.37
2026,1980-05-19,65.195
2027,1980-05-20,63.091
2028,1980-05-21,60.335
2029,1980-05-22,61.019
2030,1980-05-23,43.778
2031,1980-05-24,39.728
2032,1980-05-25,34.782
2033,1980-05-26,30.634
2034,1980-05-27,26.25
2035,1980-05-28,25.318
2036,1980-05-29,23.947
2037,1980-05-30,23.497
2038,1980-05-31,23.052
2039,1980-06-01,25.318
2040,1980-06-02,29.633
2041,1980-06-03,31.649
2042,1980-06-04,28.648
2043,1980-06-05,23.947
2044,1980-06-06,24.4
2045,1980-06-07,20.882
2046,1980-06-08,20.041
2047,1980-06-09,19.626
2048,1980-06-10,17.61
2049,1980-06-11,14.954
2050,1980-06-12,17.61
2051,1980-06-13,24.4
2052,1980-06-14,38.047
2053,1980-06-15,45.567
2054,1980-06-16,40.296
2055,1980-06-17,32.162
2056,1980-06-18,26.722
2057,1980-06-19,27.198
2058,1980-06-20,31.649
2059,1980-06-21,34.782
2060,1980-06-22,30.634
2061,1980-06-23,28.161
2062,1980-06-24,24.857
2063,1980-06-25,24.857
2064,1980-06-26,25.318
2065,1980-06-27,23.947
2066,1980-06-28,22.172
2067,1980-06-29,21.738
2068,1980-06-30,21.738
2069,1980-07-01,23.947
2070,1980-07-02,26.722
2071,1980-07-03,29.633
2072,1980-07-04,25.782
2073,1980-07-05,22.172
2074,1980-07-06,21.308
2075,1980-07-07,21.308
2076,1980-07-08,21.308
2077,1980-07-09,28.161
2078,1980-07-10,33.199
2079,1980-07-11,48.619
2080,1980-07-12,36.944
2081,1980-07-13,26.722
2082,1980-07-14,25.782
2083,1980-07-15,23.052
2084,1980-07-16,21.738
2085,1980-07-17,20.459
2086,1980-07-18,19.626
2087,1980-07-19,19.626
2088,1980-07-20,18.808
2089,1980-07-21,23.947
2090,1980-07-22,28.648
2091,1980-07-23,32.678
2092,1980-07-24,26.722
2093,1980-07-25,21.308
2094,1980-07-26,19.626
2095,1980-07-27,18.808
2096,1980-07-28,19.626
2097,1980-07-29,21.308
2098,1980-07-30,109.112
2099,1980-07-31,96.141
2100,1980-08-01,83.12
2101,1980-08-02,61.019
2102,1980-08-03,44.967
2103,1980-08-04,34.782
2104,1980-08-05,32.678
2105,1980-08-06,36.944
2106,1980-08-07,44.967
2107,1980-08-08,44.967
2108,1980-08-09,36.398
2109,1980-08-10,34.782
2110,1980-08-11,30.634
2111,1980-08-12,28.161
2112,1980-08-13,26.25
2113,1980-08-14,24.857
2114,1980-08-15,23.497
2115,1980-08-16,22.172
2116,1980-08-17,56.968
2117,1980-08-18,35.317
2118,1980-08-19,29.633
2119,1980-08-20,230.922
2120,1980-08-21,420.373
2121,1980-08-22,243.505
2122,1980-08-23,164.974
2123,1980-08-24,124.692
2124,1980-08-25,83.909
2125,1980-08-26,58.978
2126,1980-08-27,51.76
2127,1980-08-28,43.778
2128,1980-08-29,43.188
2129,1980-08-30,34.782
2130,1980-08-31,37.494
2131,1980-09-01,52.399
2132,1980-09-02,71.689
2133,1980-09-03,91.981
2134,1980-09-04,75.415
2135,1980-09-05,57.634
2136,1980-09-06,44.967
2137,1980-09-07,39.164
2138,1980-09-08,35.856
2139,1980-09-09,40.296
2140,1980-09-10,44.37
2141,1980-09-11,39.728
2142,1980-09-12,35.856
2143,1980-09-13,33.199
2144,1980-09-14,30.132
2145,1980-09-15,29.633
2146,1980-09-16,30.132
2147,1980-09-17,29.633
2148,1980-09-18,28.648
2149,1980-09-19,27.198
2150,1980-09-20,21.308
2151,1980-09-21,22.172
2152,1980-09-22,24.4
2153,1980-09-23,26.25
2154,1980-09-24,23.497
2155,1980-09-25,21.738
2156,1980-09-26,20.041
2157,1980-09-27,19.626
2158,1980-09-28,20.882
2159,1980-09-29,25.318
2160,1980-09-30,27.678
2161,1980-10-01,22.172
2162,1980-10-02,22.172
2163,1980-10-03,20.459
2164,1980-10-04,19.626
2165,1980-10-05,21.738
2166,1980-10-06,22.61
2167,1980-10-07,23.947
2168,1980-10-08,23.052
2169,1980-10-09,20.459
2170,1980-10-10,20.459
2171,1980-10-11,19.626
2172,1980-10-12,26.25
2173,1980-10-13,31.139
2174,1980-10-14,31.139
2175,1980-10-15,21.738
2176,1980-10-16,18.006
2177,1980-10-17,16.448
2178,1980-10-18,14.231
2179,1980-10-19,18.006
2180,1980-10-20,21.738
2181,1980-10-21,33.723
2182,1980-10-22,261.619
2183,1980-10-23,537.146
2184,1980-10-24,553.775
2185,1980-10-25,403.255
2186,1980-10-26,159.665
2187,1980-10-27,51.125
2188,1980-10-28,222.293
2189,1980-10-29,247.337
2190,1980-10-30,212.611
2191,1980-10-31,129.451
2192,1980-11-01,125.638
2193,1980-11-02,91.159
2194,1980-11-03,64.49
2195,1980-11-04,53.687
2196,1980-11-05,53.687
2197,1980-11-06,103.835
2198,1980-11-07,157.563
2199,1980-11-08,124.692
2200,1980-11-09,183.605
2201,1980-11-10,221.072
2202,1980-11-11,192.68
2203,1980-11-12,147.24
2204,1980-11-13,117.244
2205,1980-11-14,91.981
2206,1980-11-15,76.171
2207,1980-11-16,65.903
2208,1980-11-17,59.655
2209,1980-11-18,55.645
2210,1980-11-19,52.399
2211,1980-11-20,56.305
2212,1980-11-21,141.197
2213,1980-11-22,151.331
2214,1980-11-23,197.291
2215,1980-11-24,179.141
2216,1980-11-25,141.197
2217,1980-11-26,103.835
2218,1980-11-27,83.909
2219,1980-11-28,70.222
2220,1980-11-29,103.835
2221,1980-11-30,100.383
2222,1980-12-01,89.525
2223,1980-12-02,73.169
2224,1980-12-03,82.335
2225,1980-12-04,83.909
2226,1980-12-05,79.226
2227,1980-12-06,58.304
2228,1980-12-07,51.76
2229,1980-12-08,44.967
2230,1980-12-09,42.021
2231,1980-12-10,39.164
2232,1980-12-11,74.663
2233,1980-12-12,120.013
2234,1980-12-13,62.397
2235,1980-12-14,63.789
2236,1980-12-15,45.567
2237,1980-12-16,39.164
2238,1980-12-17,36.944
2239,1980-12-18,46.17
2240,1980-12-19,51.76
2241,1980-12-20,40.296
2242,1980-12-21,40.296
2243,1980-12-22,34.782
2244,1980-12-23,48.002
2245,1980-12-24,40.296
2246,1980-12-25,35.317
2247,1980-12-26,33.199
2248,1980-12-27,101.241
2249,1980-12-28,239.699
2250,1980-12-29,171.448
2251,1980-12-30,102.103
2252,1980-12-31,85.497
2253,1981-01-01,62.397
2254,1981-01-02,52.399
2255,1981-01-03,39.164
2256,1981-01-04,39.164
2257,1981-01-05,39.164
2258,1981-01-06,36.944
2259,1981-01-07,42.021
2260,1981-01-08,36.944
2261,1981-01-09,33.723
2262,1981-01-10,30.132
2263,1981-01-11,33.723
2264,1981-01-12,30.132
2265,1981-01-13,25.782
2266,1981-01-14,26.25
2267,1981-01-15,23.947
2268,1981-01-16,23.497
2269,1981-01-17,31.139
2270,1981-01-18,99.528
2271,1981-01-19,47.388
2272,1981-01-20,75.415
2273,1981-01-21,88.713
2274,1981-01-22,68.769
2275,1981-01-23,56.968
2276,1981-01-24,47.388
2277,1981-01-25,42.603
2278,1981-01-26,36.944
2279,1981-01-27,48.002
2280,1981-01-28,36.944
2281,1981-01-29,33.723
2282,1981-01-30,34.782
2283,1981-01-31,23.947
2284,1981-02-01,25.782
2285,1981-02-02,25.318
2286,1981-02-03,28.161
2287,1981-02-04,77.691
2288,1981-02-05,157.563
2289,1981-02-06,88.713
2290,1981-02-07,70.222
2291,1981-02-08,50.493
2292,1981-02-09,36.944
2293,1981-02-10,32.162
2294,1981-02-11,30.132
2295,1981-02-12,36.398
2296,1981-02-13,67.329
2297,1981-02-14,86.296
2298,1981-02-15,56.968
2299,1981-02-16,53.687
2300,1981-02-17,39.164
2301,1981-02-18,30.634
2302,1981-02-19,71.689
2303,1981-02-20,44.967
2304,1981-02-21,52.399
2305,1981-02-22,55.645
2306,1981-02-23,62.397
2307,1981-02-24,110.896
2308,1981-02-25,46.17
2309,1981-02-26,35.856
2310,1981-02-27,28.648
2311,1981-02-28,25.318
2312,1981-03-01,23.947
2313,1981-03-02,23.497
2314,1981-03-03,26.722
2315,1981-03-04,24.4
2316,1981-03-05,20.041
2317,1981-03-06,19.626
2318,1981-03-07,19.626
2319,1981-03-08,23.052
2320,1981-03-09,25.782
2321,1981-03-10,21.738
2322,1981-03-11,19.626
2323,1981-03-12,19.626
2324,1981-03-13,16.832
2325,1981-03-14,18.808
2326,1981-03-15,18.006
2327,1981-03-16,18.808
2328,1981-03-17,16.832
2329,1981-03-18,17.219
2330,1981-03-19,17.219
2331,1981-03-20,17.219
2332,1981-03-21,16.448
2333,1981-03-22,12.494
2334,1981-03-23,14.954
2335,1981-03-24,15.322
2336,1981-03-25,14.954
2337,1981-03-26,11.5
2338,1981-03-27,11.5
2339,1981-03-28,12.158
2340,1981-03-29,11.827
2341,1981-03-30,12.158
2342,1981-03-31,12.158
2343,1981-04-01,10.233
2344,1981-04-02,12.158
2345,1981-04-03,10.543
2346,1981-04-04,10.543
2347,1981-04-05,9.926
2348,1981-04-06,11.827
2349,1981-04-07,9.926
2350,1981-04-08,7.899
2351,1981-04-09,10.233
2352,1981-04-10,7.626
2353,1981-04-11,7.626
2354,1981-04-12,7.899
2355,1981-04-13,10.858
2356,1981-04-14,11.5
2357,1981-04-15,15.322
2358,1981-04-16,14.954
2359,1981-04-17,8.743
2360,1981-04-18,9.624
2361,1981-04-19,7.626
2362,1981-04-20,9.032
2363,1981-04-21,7.626
2364,1981-04-22,8.176
2365,1981-04-23,19.626
2366,1981-04-24,20.041
2367,1981-04-25,18.808
2368,1981-04-26,16.448
2369,1981-04-27,19.626
2370,1981-04-28,23.947
2371,1981-04-29,23.052
2372,1981-04-30,15.693
2373,1981-05-01,12.833
2374,1981-05-02,13.524
2375,1981-05-03,12.158
2376,1981-05-04,12.494
2377,1981-05-05,9.032
2378,1981-05-06,7.899
2379,1981-05-07,9.624
2380,1981-05-08,7.626
2381,1981-05-09,7.358
2382,1981-05-10,11.827
2383,1981-05-11,9.032
2384,1981-05-12,6.834
2385,1981-05-13,6.834
2386,1981-05-14,7.626
2387,1981-05-15,7.358
2388,1981-05-16,6.579
2389,1981-05-17,6.834
2390,1981-05-18,7.626
2391,1981-05-19,6.834
2392,1981-05-20,7.626
2393,1981-05-21,8.457
2394,1981-05-22,8.457
2395,1981-05-23,7.899
2396,1981-05-24,9.032
2397,1981-05-25,9.624
2398,1981-05-26,7.899
2399,1981-05-27,10.858
2400,1981-05-28,9.926
2401,1981-05-29,7.626
2402,1981-05-30,8.176
2403,1981-05-31,7.358
2404,1981-06-01,7.626
2405,1981-06-02,7.358
2406,1981-06-03,8.743
2407,1981-06-04,10.233
2408,1981-06-05,8.743
2409,1981-06-06,10.858
2410,1981-06-07,10.858
2411,1981-06-08,14.231
2412,1981-06-09,21.738
2413,1981-06-10,20.459
2414,1981-06-11,26.25
2415,1981-06-12,28.161
2416,1981-06-13,28.648
2417,1981-06-14,24.857
2418,1981-06-15,18.006
2419,1981-06-16,15.693
2420,1981-06-17,13.524
2421,1981-06-18,12.158
2422,1981-06-19,12.158
2423,1981-06-20,10.543
2424,1981-06-21,10.233
2425,1981-06-22,11.5
2426,1981-06-23,18.808
2427,1981-06-24,24.857
2428,1981-06-25,35.856
2429,1981-06-26,32.162
2430,1981-06-27,21.738
2431,1981-06-28,18.808
2432,1981-06-29,16.448
2433,1981-06-30,14.954
2434,1981-07-01,13.176
2435,1981-07-02,12.158
2436,1981-07-03,12.158
2437,1981-07-04,12.158
2438,1981-07-05,10.858
2439,1981-07-06,11.5
2440,1981-07-07,9.926
2441,1981-07-08,8.457
2442,1981-07-09,8.743
2443,1981-07-10,8.743
2444,1981-07-11,9.624
2445,1981-07-12,10.233
2446,1981-07-13,11.827
2447,1981-07-14,10.543
2448,1981-07-15,10.543
2449,1981-07-16,9.032
2450,1981-07-17,9.624
2451,1981-07-18,11.827
2452,1981-07-19,12.158
2453,1981-07-20,14.59
2454,1981-07-21,12.158
2455,1981-07-22,11.5
2456,1981-07-23,12.158
2457,1981-07-24,10.858
2458,1981-07-25,10.858
2459,1981-07-26,8.743
2460,1981-07-27,10.543
2461,1981-07-28,9.624
2462,1981-07-29,9.032
2463,1981-07-30,6.834
2464,1981-07-31,7.899
2465,1981-08-01,7.899
2466,1981-08-02,6.579
2467,1981-08-03,9.326
2468,1981-08-04,6.579
2469,1981-08-05,6.081
2470,1981-08-06,6.328
2471,1981-08-07,9.624
2472,1981-08-08,6.834
2473,1981-08-09,6.328
2474,1981-08-10,9.032
2475,1981-08-11,6.328
2476,1981-08-12,6.579
2477,1981-08-13,6.328
2478,1981-08-14,6.579
2479,1981-08-15,6.328
2480,1981-08-16,5.368
2481,1981-08-17,7.899
2482,1981-08-18,6.579
2483,1981-08-19,6.328
2484,1981-08-20,6.328
2485,1981-08-21,6.328
2486,1981-08-22,6.579
2487,1981-08-23,5.139
2488,1981-08-24,7.626
2489,1981-08-25,6.328
2490,1981-08-26,6.328
2491,1981-08-27,6.328
2492,1981-08-28,6.328
2493,1981-08-29,6.328
2494,1981-08-30,6.834
2495,1981-08-31,7.358
2496,1981-09-01,10.233
2497,1981-09-02,10.543
2498,1981-09-03,12.158
2499,1981-09-04,8.457
2500,1981-09-05,7.626
2501,1981-09-06,6.328
2502,1981-09-07,10.543
2503,1981-09-08,9.032
2504,1981-09-09,9.032
2505,1981-09-10,6.328
2506,1981-09-11,6.579
2507,1981-09-12,6.328
2508,1981-09-13,12.158
2509,1981-09-14,91.159
2510,1981-09-15,157.563
2511,1981-09-16,116.328
2512,1981-09-17,91.981
2513,1981-09-18,63.789
2514,1981-09-19,39.164
2515,1981-09-20,23.947
2516,1981-09-21,27.678
2517,1981-09-22,32.162
2518,1981-09-23,51.76
2519,1981-09-24,161.779
2520,1981-09-25,216.219
2521,1981-09-26,194.979
2522,1981-09-27,149.279
2523,1981-09-28,133.316
2524,1981-09-29,93.635
2525,1981-09-30,61.707
2526,1981-10-01,48.619
2527,1981-10-02,38.047
2528,1981-10-03,32.162
2529,1981-10-04,31.649
2530,1981-10-05,39.164
2531,1981-10-06,35.856
2532,1981-10-07,35.856
2533,1981-10-08,31.649
2534,1981-10-09,29.139
2535,1981-10-10,23.052
2536,1981-10-11,21.738
2537,1981-10-12,20.882
2538,1981-10-13,19.626
2539,1981-10-14,15.322
2540,1981-10-15,14.59
2541,1981-10-16,14.231
2542,1981-10-17,13.875
2543,1981-10-18,13.524
2544,1981-10-19,15.693
2545,1981-10-20,17.219
2546,1981-10-21,16.069
2547,1981-10-22,15.693
2548,1981-10-23,14.59
2549,1981-10-24,13.176
2550,1981-10-25,12.833
2551,1981-10-26,13.176
2552,1981-10-27,14.59
2553,1981-10-28,21.308
2554,1981-10-29,28.161
2555,1981-10-30,21.308
2556,1981-10-31,15.322
2557,1981-11-01,13.176
2558,1981-11-02,13.524
2559,1981-11-03,14.954
2560,1981-11-04,17.219
2561,1981-11-05,32.678
2562,1981-11-06,36.944
2563,1981-11-07,63.091
2564,1981-11-08,72.427
2565,1981-11-09,65.903
2566,1981-11-10,45.567
2567,1981-11-11,42.021
2568,1981-11-12,20.459
2569,1981-11-13,17.61
2570,1981-11-14,15.322
2571,1981-11-15,14.954
2572,1981-11-16,13.176
2573,1981-11-17,13.524
2574,1981-11-18,13.176
2575,1981-11-19,14.59
2576,1981-11-20,12.833
2577,1981-11-21,13.524
2578,1981-11-22,13.524
2579,1981-11-23,12.158
2580,1981-11-24,11.827
2581,1981-11-25,11.827
2582,1981-11-26,10.858
2583,1981-11-27,7.358
2584,1981-11-28,9.624
2585,1981-11-29,11.177
2586,1981-11-30,13.524
2587,1981-12-01,15.322
2588,1981-12-02,17.219
2589,1981-12-03,15.322
2590,1981-12-04,11.827
2591,1981-12-05,13.176
2592,1981-12-06,21.308
2593,1981-12-07,24.857
2594,1981-12-08,28.648
2595,1981-12-09,27.198
2596,1981-12-10,16.832
2597,1981-12-11,11.827
2598,1981-12-12,11.5
2599,1981-12-13,9.624
2600,1981-12-14,10.858
2601,1981-12-15,25.782
2602,1981-12-16,74.663
2603,1981-12-17,43.188
2604,1981-12-18,35.856
2605,1981-12-19,28.161
2606,1981-12-20,40.867
2607,1981-12-21,30.634
2608,1981-12-22,35.856
2609,1981-12-23,28.161
2610,1981-12-24,21.308
2611,1981-12-25,16.448
2612,1981-12-26,15.693
2613,1981-12-27,14.231
2614,1981-12-28,25.318
2615,1981-12-29,23.947
2616,1981-12-30,21.308
2617,1981-12-31,15.693
2618,1982-01-01,12.833
2619,1982-01-02,12.833
2620,1982-01-03,10.543
2621,1982-01-04,12.158
2622,1982-01-05,10.233
2623,1982-01-06,9.624
2624,1982-01-07,9.624
2625,1982-01-08,9.032
2626,1982-01-09,6.834
2627,1982-01-10,8.457
2628,1982-01-11,7.899
2629,1982-01-12,7.626
2630,1982-01-13,8.457
2631,1982-01-14,8.457
2632,1982-01-15,5.839
2633,1982-01-16,7.094
2634,1982-01-17,5.368
2635,1982-01-18,9.624
2636,1982-01-19,6.579
2637,1982-01-20,6.328
2638,1982-01-21,7.358
2639,1982-01-22,6.328
2640,1982-01-23,6.328
2641,1982-01-24,5.839
2642,1982-01-25,7.626
2643,1982-01-26,6.328
2644,1982-01-27,6.834
2645,1982-01-28,6.328
2646,1982-01-29,6.328
2647,1982-01-30,6.328
2648,1982-01-31,6.834
2649,1982-02-01,7.626
2650,1982-02-02,6.834
2651,1982-02-03,9.032
2652,1982-02-04,10.233
2653,1982-02-05,15.693
2654,1982-02-06,7.899
2655,1982-02-07,7.626
2656,1982-02-08,9.624
2657,1982-02-09,8.457
2658,1982-02-10,6.834
2659,1982-02-11,7.899
2660,1982-02-12,8.457
2661,1982-02-13,11.177
2662,1982-02-14,11.5
2663,1982-02-15,12.494
2664,1982-02-16,13.524
2665,1982-02-17,16.448
2666,1982-02-18,13.875
2667,1982-02-19,18.808
2668,1982-02-20,16.448
2669,1982-02-21,10.543
2670,1982-02-22,12.158
2671,1982-02-23,10.858
2672,1982-02-24,8.743
2673,1982-02-25,9.032
2674,1982-02-26,7.899
2675,1982-02-27,6.834
2676,1982-02-28,5.601
2677,1982-03-01,7.899
2678,1982-03-02,5.368
2679,1982-03-03,10.543
2680,1982-03-04,9.032
2681,1982-03-05,8.457
2682,1982-03-06,6.328
2683,1982-03-07,5.139
2684,1982-03-08,7.626
2685,1982-03-09,6.328
2686,1982-03-10,6.834
2687,1982-03-11,5.839
2688,1982-03-12,5.839
2689,1982-03-13,5.368
2690,1982-03-14,4.479
2691,1982-03-15,12.494
2692,1982-03-16,21.738
2693,1982-03-17,16.448
2694,1982-03-18,17.219
2695,1982-03-19,11.827
2696,1982-03-20,8.743
2697,1982-03-21,7.358
2698,1982-03-22,9.624
2699,1982-03-23,7.899
2700,1982-03-24,9.032
2701,1982-03-25,7.358
2702,1982-03-26,7.358
2703,1982-03-27,6.328
2704,1982-03-28,4.061
2705,1982-03-29,6.328
2706,1982-03-30,6.834
2707,1982-03-31,6.579
2708,1982-04-01,6.328
2709,1982-04-02,6.579
2710,1982-04-03,6.328
2711,1982-04-04,3.099
2712,1982-04-05,7.358
2713,1982-04-06,5.368
2714,1982-04-07,5.139
2715,1982-04-08,5.839
2716,1982-04-09,2.92
2717,1982-04-10,6.834
2718,1982-04-11,2.578
2719,1982-04-12,6.834
2720,1982-04-13,4.914
2721,1982-04-14,4.061
2722,1982-04-15,6.328
2723,1982-04-16,7.358
2724,1982-04-17,5.601
2725,1982-04-18,4.061
2726,1982-04-19,8.457
2727,1982-04-20,6.328
2728,1982-04-21,5.839
2729,1982-04-22,6.579
2730,1982-04-23,8.457
2731,1982-04-24,5.601
2732,1982-04-25,4.061
2733,1982-04-26,7.358
2734,1982-04-27,5.368
2735,1982-04-28,5.139
2736,1982-04-29,5.839
2737,1982-04-30,3.282
2738,1982-05-01,2.578
2739,1982-05-02,4.061
2740,1982-05-03,6.081
2741,1982-05-04,5.139
2742,1982-05-05,3.282
2743,1982-05-06,3.86
2744,1982-05-07,2.578
2745,1982-05-08,3.099
2746,1982-05-09,4.061
2747,1982-05-10,7.626
2748,1982-05-11,8.457
2749,1982-05-12,6.834
2750,1982-05-13,11.827
2751,1982-05-14,11.5
2752,1982-05-15,13.524
2753,1982-05-16,12.494
2754,1982-05-17,11.5
2755,1982-05-18,20.041
2756,1982-05-19,43.778
2757,1982-05-20,44.967
2758,1982-05-21,34.25
2759,1982-05-22,23.052
2760,1982-05-23,16.069
2761,1982-05-24,13.524
2762,1982-05-25,10.543
2763,1982-05-26,8.743
2764,1982-05-27,7.358
2765,1982-05-28,7.626
2766,1982-05-29,7.358
2767,1982-05-30,5.601
2768,1982-05-31,8.457
2769,1982-06-01,6.328
2770,1982-06-02,5.368
2771,1982-06-03,6.328
2772,1982-06-04,6.328
2773,1982-06-05,6.579
2774,1982-06-06,4.268
2775,1982-06-07,7.626
2776,1982-06-08,5.368
2777,1982-06-09,6.328
2778,1982-06-10,9.032
2779,1982-06-11,44.967
2780,1982-06-12,58.978
2781,1982-06-13,73.169
2782,1982-06-14,57.634
2783,1982-06-15,105.581
2784,1982-06-16,269.56
2785,1982-06-17,268.229
2786,1982-06-18,185.855
2787,1982-06-19,131.377
2788,1982-06-20,91.159
2789,1982-06-21,67.329
2790,1982-06-22,61.707
2791,1982-06-23,52.399
2792,1982-06-24,39.164
2793,1982-06-25,33.723
2794,1982-06-26,28.161
2795,1982-06-27,124.692
2796,1982-06-28,265.576
2797,1982-06-29,381.164
2798,1982-06-30,337.763
2799,1982-07-01,217.428
2800,1982-07-02,172.538
2801,1982-07-03,103.835
2802,1982-07-04,63.789
2803,1982-07-05,107.34
2804,1982-07-06,246.057
2805,1982-07-07,218.64
2806,1982-07-08,185.855
2807,1982-07-09,159.665
2808,1982-07-10,102.103
2809,1982-07-11,65.903
2810,1982-07-12,62.397
2811,1982-07-13,93.635
2812,1982-07-14,91.159
2813,1982-07-15,85.497
2814,1982-07-16,73.169
2815,1982-07-17,76.171
2816,1982-07-18,129.451
2817,1982-07-19,126.586
2818,1982-07-20,111.794
2819,1982-07-21,75.415
2820,1982-07-22,69.493
2821,1982-07-23,87.904
2822,1982-07-24,87.098
2823,1982-07-25,85.497
2824,1982-07-26,68.047
2825,1982-07-27,61.019
2826,1982-07-28,46.777
2827,1982-07-29,51.125
2828,1982-07-30,49.865
2829,1982-07-31,47.388
2830,1982-08-01,43.778
2831,1982-08-02,40.296
2832,1982-08-03,40.867
2833,1982-08-04,43.188
2834,1982-08-05,40.296
2835,1982-08-06,35.856
2836,1982-08-07,95.302
2837,1982-08-08,814.546
2838,1982-08-09,788.197
2839,1982-08-10,775.168
2840,1982-08-11,634.368
2841,1982-08-12,405.134
2842,1982-08-13,178.033
2843,1982-08-14,117.244
2844,1982-08-15,129.451
2845,1982-08-16,178.033
2846,1982-08-17,197.291
2847,1982-08-18,161.779
2848,1982-08-19,136.247
2849,1982-08-20,110.896
2850,1982-08-21,79.226
2851,1982-08-22,68.769
2852,1982-08-23,61.707
2853,1982-08-24,63.789
2854,1982-08-25,69.493
2855,1982-08-26,79.226
2856,1982-08-27,63.091
2857,1982-08-28,64.49
2858,1982-08-29,65.903
2859,1982-08-30,83.12
2860,1982-08-31,358.159
2861,1982-09-01,454.013
2862,1982-09-02,329.498
2863,1982-09-03,212.611
2864,1982-09-04,167.12
2865,1982-09-05,126.586
2866,1982-09-06,81.553
2867,1982-09-07,69.493
2868,1982-09-08,63.789
2869,1982-09-09,61.019
2870,1982-09-10,47.388
2871,1982-09-11,60.335
2872,1982-09-12,61.019
2873,1982-09-13,87.098
2874,1982-09-14,85.497
2875,1982-09-15,76.171
2876,1982-09-16,61.707
2877,1982-09-17,59.655
2878,1982-09-18,337.763
2879,1982-09-19,399.516
2880,1982-09-20,326.23
2881,1982-09-21,242.233
2882,1982-09-22,183.605
2883,1982-09-23,117.244
2884,1982-09-24,80.774
2885,1982-09-25,77.691
2886,1982-09-26,121.875
2887,1982-09-27,188.118
2888,1982-09-28,206.658
2889,1982-09-29,179.141
2890,1982-09-30,149.279
2891,1982-10-01,128.493
2892,1982-10-02,108.224
2893,1982-10-03,95.302
2894,1982-10-04,87.098
2895,1982-10-05,68.047
2896,1982-10-06,64.49
2897,1982-10-07,77.691
2898,1982-10-08,77.691
2899,1982-10-09,71.689
2900,1982-10-10,67.329
2901,1982-10-11,68.769
2902,1982-10-12,61.707
2903,1982-10-13,64.49
2904,1982-10-14,56.305
2905,1982-10-15,51.125
2906,1982-10-16,45.567
2907,1982-10-17,44.967
2908,1982-10-18,54.336
2909,1982-10-19,57.634
2910,1982-10-20,57.634
2911,1982-10-21,54.989
2912,1982-10-22,43.778
2913,1982-10-23,487.272
2914,1982-10-24,644.289
2915,1982-10-25,605.022
2916,1982-10-26,437.967
2917,1982-10-27,276.259
2918,1982-10-28,161.779
2919,1982-10-29,147.24
2920,1982-10-30,77.691
2921,1982-10-31,70.222
2922,1982-11-01,53.041
2923,1982-11-02,56.305
2924,1982-11-03,291.253
2925,1982-11-04,470.447
2926,1982-11-05,614.734
2927,1982-11-06,587.713
2928,1982-11-07,485.147
2929,1982-11-08,269.56
2930,1982-11-09,181.367
2931,1982-11-10,139.208
2932,1982-11-11,393.95
2933,1982-11-12,616.685
2934,1982-11-13,634.368
2935,1982-11-14,595.378
2936,1982-11-15,563.112
2937,1982-11-16,495.833
2938,1982-11-17,253.785
2939,1982-11-18,206.658
2940,1982-11-19,201.95
2941,1982-11-20,356.429
2942,1982-11-21,464.239
2943,1982-11-22,269.56
2944,1982-11-23,194.979
2945,1982-11-24,143.199
2946,1982-11-25,108.224
2947,1982-11-26,95.302
2948,1982-11-27,96.141
2949,1982-11-28,96.983
2950,1982-11-29,79.226
2951,1982-11-30,73.914
2952,1982-12-01,72.427
2953,1982-12-02,73.169
2954,1982-12-03,72.427
2955,1982-12-04,68.047
2956,1982-12-05,60.335
2957,1982-12-06,61.707
2958,1982-12-07,54.336
2959,1982-12-08,68.769
2960,1982-12-09,65.195
2961,1982-12-10,58.978
2962,1982-12-11,42.021
2963,1982-12-12,38.604
2964,1982-12-13,45.567
2965,1982-12-14,58.978
2966,1982-12-15,55.645
2967,1982-12-16,46.17
2968,1982-12-17,43.778
2969,1982-12-18,49.865
2970,1982-12-19,41.442
2971,1982-12-20,56.305
2972,1982-12-21,63.789
2973,1982-12-22,64.49
2974,1982-12-23,49.865
2975,1982-12-24,51.125
2976,1982-12-25,47.388
2977,1982-12-26,42.021
2978,1982-12-27,33.723
2979,1982-12-28,32.678
2980,1982-12-29,28.648
2981,1982-12-30,30.634
2982,1982-12-31,28.161
2983,1983-01-01,26.25
2984,1983-01-02,24.857
2985,1983-01-03,21.738
2986,1983-01-04,21.308
2987,1983-01-05,31.139
2988,1983-01-06,55.645
2989,1983-01-07,65.195
2990,1983-01-08,65.195
2991,1983-01-09,53.687
2992,1983-01-10,33.723
2993,1983-01-11,25.318
2994,1983-01-12,20.041
2995,1983-01-13,20.882
2996,1983-01-14,28.648
2997,1983-01-15,36.398
2998,1983-01-16,23.052
2999,1983-01-17,20.459
3000,1983-01-18,18.808
3001,1983-01-19,18.808
3002,1983-01-20,18.808
3003,1983-01-21,18.006
3004,1983-01-22,16.448
3005,1983-01-23,16.448
3006,1983-01-24,14.231
3007,1983-01-25,16.069
3008,1983-01-26,16.832
3009,1983-01-27,16.448
3010,1983-01-28,21.738
3011,1983-01-29,48.619
3012,1983-01-30,66.614
3013,1983-01-31,61.707
3014,1983-02-01,83.909
3015,1983-02-02,61.019
3016,1983-02-03,41.442
3017,1983-02-04,28.648
3018,1983-02-05,23.947
3019,1983-02-06,20.459
3020,1983-02-07,20.041
3021,1983-02-08,23.052
3022,1983-02-09,75.415
3023,1983-02-10,42.603
3024,1983-02-11,33.723
3025,1983-02-12,24.857
3026,1983-02-13,21.738
3027,1983-02-14,19.626
3028,1983-02-15,18.006
3029,1983-02-16,137.231
3030,1983-02-17,265.576
3031,1983-02-18,140.201
3032,1983-02-19,93.635
3033,1983-02-20,71.689
3034,1983-02-21,39.164
3035,1983-02-22,29.633
3036,1983-02-23,31.649
3037,1983-02-24,56.305
3038,1983-02-25,129.451
3039,1983-02-26,294.018
3040,1983-02-27,535.313
3041,1983-02-28,587.713
3042,1983-03-01,528.007
3043,1983-03-02,228.442
3044,1983-03-03,163.906
3045,1983-03-04,103.835
3046,1983-03-05,79.226
3047,1983-03-06,67.329
3048,1983-03-07,58.978
3049,1983-03-08,48.619
3050,1983-03-09,51.125
3051,1983-03-10,49.24
3052,1983-03-11,46.17
3053,1983-03-12,94.467
3054,1983-03-13,93.635
3055,1983-03-14,88.713
3056,1983-03-15,76.171
3057,1983-03-16,58.978
3058,1983-03-17,87.098
3059,1983-03-18,108.224
3060,1983-03-19,141.197
3061,1983-03-20,201.95
3062,1983-03-21,147.24
3063,1983-03-22,109.112
3064,1983-03-23,79.226
3065,1983-03-24,64.49
3066,1983-03-25,56.305
3067,1983-03-26,51.76
3068,1983-03-27,51.76
3069,1983-03-28,44.967
3070,1983-03-29,44.967
3071,1983-03-30,44.967
3072,1983-03-31,40.296
3073,1983-04-01,41.442
3074,1983-04-02,40.296
3075,1983-04-03,39.164
3076,1983-04-04,80.774
3077,1983-04-05,437.967
3078,1983-04-06,495.833
3079,1983-04-07,346.165
3080,1983-04-08,233.415
3081,1983-04-09,161.779
3082,1983-04-10,90.34
3083,1983-04-11,65.195
3084,1983-04-12,61.707
3085,1983-04-13,52.399
3086,1983-04-14,58.978
3087,1983-04-15,53.041
3088,1983-04-16,56.305
3089,1983-04-17,49.24
3090,1983-04-18,112.694
3091,1983-04-19,134.29
3092,1983-04-20,105.581
3093,1983-04-21,87.904
3094,1983-04-22,73.169
3095,1983-04-23,50.493
3096,1983-04-24,73.169
3097,1983-04-25,87.098
3098,1983-04-26,82.335
3099,1983-04-27,73.169
3100,1983-04-28,65.903
3101,1983-04-29,589.625
3102,1983-04-30,696.987
3103,1983-05-01,478.81
3104,1983-05-02,478.81
3105,1983-05-03,595.378
3106,1983-05-04,526.187
3107,1983-05-05,392.106
3108,1983-05-06,352.985
3109,1983-05-07,294.018
3110,1983-05-08,280.313
3111,1983-05-09,218.64
3112,1983-05-10,228.442
3113,1983-05-11,228.442
3114,1983-05-12,266.901
3115,1983-05-13,234.666
3116,1983-05-14,137.231
3117,1983-05-15,272.231
3118,1983-05-16,654.279
3119,1983-05-17,738.784
3120,1983-05-18,638.328
3121,1983-05-19,395.799
3122,1983-05-20,397.655
3123,1983-05-21,264.254
3124,1983-05-22,189.254
3125,1983-05-23,174.727
3126,1983-05-24,170.361
3127,1983-05-25,161.779
3128,1983-05-26,139.208
3129,1983-05-27,161.779
3130,1983-05-28,288.501
3131,1983-05-29,298.186
3132,1983-05-30,248.621
3133,1983-05-31,194.979
3134,1983-06-01,168.197
3135,1983-06-02,123.75
3136,1983-06-03,104.707
3137,1983-06-04,102.103
3138,1983-06-05,93.635
3139,1983-06-06,87.904
3140,1983-06-07,85.497
3141,1983-06-08,85.497
3142,1983-06-09,80.774
3143,1983-06-10,73.914
3144,1983-06-11,71.689
3145,1983-06-12,80.774
3146,1983-06-13,93.635
3147,1983-06-14,88.713
3148,1983-06-15,95.302
3149,1983-06-16,85.497
3150,1983-06-17,74.663
3151,1983-06-18,65.903
3152,1983-06-19,58.978
3153,1983-06-20,59.655
3154,1983-06-21,71.689
3155,1983-06-22,164.974
3156,1983-06-23,363.384
3157,1983-06-24,632.393
3158,1983-06-25,686.708
3159,1983-06-26,593.458
3160,1983-06-27,262.935
3161,1983-06-28,141.197
3162,1983-06-29,95.302
3163,1983-06-30,87.098
3164,1983-07-01,88.713
3165,1983-07-02,83.12
3166,1983-07-03,85.497
3167,1983-07-04,85.497
3168,1983-07-05,112.694
3169,1983-07-06,395.799
3170,1983-07-07,749.404
3171,1983-07-08,882.114
3172,1983-07-09,882.114
3173,1983-07-10,841.284
3174,1983-07-11,622.555
3175,1983-07-12,359.895
3176,1983-07-13,224.743
3177,1983-07-14,183.605
3178,1983-07-15,166.046
3179,1983-07-16,260.306
3180,1983-07-17,211.414
3181,1983-07-18,182.485
3182,1983-07-19,170.361
3183,1983-07-20,136.247
3184,1983-07-21,108.224
3185,1983-07-22,93.635
3186,1983-07-23,87.098
3187,1983-07-24,121.875
3188,1983-07-25,281.67
3189,1983-07-26,283.03
3190,1983-07-27,332.788
3191,1983-07-28,372.203
3192,1983-07-29,277.607
3193,1983-07-30,298.186
3194,1983-07-31,256.384
3195,1983-08-01,179.141
3196,1983-08-02,205.477
3197,1983-08-03,131.377
3198,1983-08-04,109.112
3199,1983-08-05,93.635
3200,1983-08-06,87.904
3201,1983-08-07,85.497
3202,1983-08-08,80.774
3203,1983-08-09,81.553
3204,1983-08-10,88.713
3205,1983-08-11,83.909
3206,1983-08-12,74.663
3207,1983-08-13,70.222
3208,1983-08-14,93.635
3209,1983-08-15,339.432
3210,1983-08-16,583.898
3211,1983-08-17,585.804
3212,1983-08-18,310.849
3213,1983-08-19,201.95
3214,1983-08-20,163.906
3215,1983-08-21,137.231
3216,1983-08-22,91.981
3217,1983-08-23,83.909
3218,1983-08-24,83.12
3219,1983-08-25,71.689
3220,1983-08-26,71.689
3221,1983-08-27,65.195
3222,1983-08-28,65.195
3223,1983-08-29,61.019
3224,1983-08-30,51.125
3225,1983-08-31,56.305
3226,1983-09-01,65.903
3227,1983-09-02,71.689
3228,1983-09-03,65.903
3229,1983-09-04,56.305
3230,1983-09-05,52.399
3231,1983-09-06,51.125
3232,1983-09-07,49.865
3233,1983-09-08,48.619
3234,1983-09-09,42.603
3235,1983-09-10,44.967
3236,1983-09-11,42.603
3237,1983-09-12,40.296
3238,1983-09-13,27.678
3239,1983-09-14,33.723
3240,1983-09-15,40.867
3241,1983-09-16,46.777
3242,1983-09-17,57.634
3243,1983-09-18,56.968
3244,1983-09-19,45.567
3245,1983-09-20,46.17
3246,1983-09-21,31.649
3247,1983-09-22,39.164
3248,1983-09-23,85.497
3249,1983-09-24,96.983
3250,1983-09-25,82.335
3251,1983-09-26,82.335
3252,1983-09-27,72.427
3253,1983-09-28,42.603
3254,1983-09-29,35.856
3255,1983-09-30,51.125
3256,1983-10-01,48.619
3257,1983-10-02,49.865
3258,1983-10-03,42.603
3259,1983-10-04,34.782
3260,1983-10-05,32.162
3261,1983-10-06,29.633
3262,1983-10-07,28.648
3263,1983-10-08,25.782
3264,1983-10-09,24.857
3265,1983-10-10,112.694
3266,1983-10-11,102.103
3267,1983-10-12,72.427
3268,1983-10-13,58.978
3269,1983-10-14,46.17
3270,1983-10-15,35.317
3271,1983-10-16,36.944
3272,1983-10-17,251.197
3273,1983-10-18,346.165
3274,1983-10-19,238.436
3275,1983-10-20,173.631
3276,1983-10-21,184.729
3277,1983-10-22,87.098
3278,1983-10-23,86.296
3279,1983-10-24,79.226
3280,1983-10-25,58.978
3281,1983-10-26,41.442
3282,1983-10-27,34.782
3283,1983-10-28,35.317
3284,1983-10-29,29.633
3285,1983-10-30,42.603
3286,1983-10-31,88.713
3287,1983-11-01,86.296
3288,1983-11-02,96.983
3289,1983-11-03,234.666
3290,1983-11-04,291.253
3291,1983-11-05,264.254
3292,1983-11-06,174.727
3293,1983-11-07,126.586
3294,1983-11-08,93.635
3295,1983-11-09,71.689
3296,1983-11-10,61.707
3297,1983-11-11,53.687
3298,1983-11-12,44.967
3299,1983-11-13,91.981
3300,1983-11-14,82.335
3301,1983-11-15,64.49
3302,1983-11-16,64.49
3303,1983-11-17,70.222
3304,1983-11-18,83.12
3305,1983-11-19,70.222
3306,1983-11-20,63.091
3307,1983-11-21,43.778
3308,1983-11-22,42.603
3309,1983-11-23,36.944
3310,1983-11-24,34.782
3311,1983-11-25,33.199
3312,1983-11-26,30.634
3313,1983-11-27,28.648
3314,1983-11-28,27.678
3315,1983-11-29,25.318
3316,1983-11-30,23.497
3317,1983-12-01,23.497
3318,1983-12-02,23.052
3319,1983-12-03,23.497
3320,1983-12-04,20.882
3321,1983-12-05,23.052
3322,1983-12-06,25.782
3323,1983-12-07,22.61
3324,1983-12-08,23.947
3325,1983-12-09,26.722
3326,1983-12-10,21.738
3327,1983-12-11,21.308
3328,1983-12-12,20.882
3329,1983-12-13,22.172
3330,1983-12-14,20.041
3331,1983-12-15,19.626
3332,1983-12-16,20.882
3333,1983-12-17,20.041
3334,1983-12-18,19.626
3335,1983-12-19,20.459
3336,1983-12-20,21.308
3337,1983-12-21,20.459
3338,1983-12-22,22.172
3339,1983-12-23,20.459
3340,1983-12-24,19.215
3341,1983-12-25,17.219
3342,1983-12-26,14.231
3343,1983-12-27,14.954
3344,1983-12-28,14.954
3345,1983-12-29,12.833
3346,1983-12-30,11.5
3347,1983-12-31,12.494
3348,1984-01-01,110.896
3349,1984-01-02,59.655
3350,1984-01-03,35.856
3351,1984-01-04,60.335
3352,1984-01-05,42.603
3353,1984-01-06,39.164
3354,1984-01-07,28.161
3355,1984-01-08,21.308
3356,1984-01-09,19.626
3357,1984-01-10,18.808
3358,1984-01-11,18.808
3359,1984-01-12,18.808
3360,1984-01-13,18.006
3361,1984-01-14,46.777
3362,1984-01-15,36.944
3363,1984-01-16,54.336
3364,1984-01-17,136.247
3365,1984-01-18,83.909
3366,1984-01-19,58.978
3367,1984-01-20,67.329
3368,1984-01-21,53.687
3369,1984-01-22,42.021
3370,1984-01-23,29.139
3371,1984-01-24,25.318
3372,1984-01-25,22.61
3373,1984-01-26,20.459
3374,1984-01-27,25.318
3375,1984-01-28,30.634
3376,1984-01-29,31.139
3377,1984-01-30,30.634
3378,1984-01-31,288.501
3379,1984-02-01,234.666
3380,1984-02-02,179.141
3381,1984-02-03,183.605
3382,1984-02-04,232.167
3383,1984-02-05,168.197
3384,1984-02-06,135.267
3385,1984-02-07,102.103
3386,1984-02-08,73.169
3387,1984-02-09,58.304
3388,1984-02-10,42.603
3389,1984-02-11,39.164
3390,1984-02-12,34.782
3391,1984-02-13,36.944
3392,1984-02-14,30.132
3393,1984-02-15,28.648
3394,1984-02-16,25.782
3395,1984-02-17,23.947
3396,1984-02-18,24.857
3397,1984-02-19,31.649
3398,1984-02-20,33.723
3399,1984-02-21,28.648
3400,1984-02-22,28.161
3401,1984-02-23,23.947
3402,1984-02-24,20.041
3403,1984-02-25,20.459
3404,1984-02-26,21.308
3405,1984-02-27,32.678
3406,1984-02-28,30.634
3407,1984-02-29,32.678
3408,1984-03-01,27.678
3409,1984-03-02,28.648
3410,1984-03-03,23.947
3411,1984-03-04,20.459
3412,1984-03-05,26.25
3413,1984-03-06,23.052
3414,1984-03-07,26.722
3415,1984-03-08,20.459
3416,1984-03-09,19.626
3417,1984-03-10,18.808
3418,1984-03-11,18.808
3419,1984-03-12,19.626
3420,1984-03-13,18.006
3421,1984-03-14,15.693
3422,1984-03-15,15.693
3423,1984-03-16,17.219
3424,1984-03-17,13.524
3425,1984-03-18,15.693
3426,1984-03-19,16.069
3427,1984-03-20,14.231
3428,1984-03-21,14.231
3429,1984-03-22,14.954
3430,1984-03-23,14.954
3431,1984-03-24,15.322
3432,1984-03-25,20.041
3433,1984-03-26,20.459
3434,1984-03-27,19.626
3435,1984-03-28,20.459
3436,1984-03-29,19.626
3437,1984-03-30,19.215
3438,1984-03-31,14.954
3439,1984-04-01,16.448
3440,1984-04-02,26.722
3441,1984-04-03,26.722
3442,1984-04-04,33.723
3443,1984-04-05,23.947
3444,1984-04-06,20.882
3445,1984-04-07,18.405
3446,1984-04-08,16.448
3447,1984-04-09,15.693
3448,1984-04-10,12.833
3449,1984-04-11,12.158
3450,1984-04-12,11.5
3451,1984-04-13,11.5
3452,1984-04-14,11.827
3453,1984-04-15,10.858
3454,1984-04-16,12.158
3455,1984-04-17,14.954
3456,1984-04-18,21.308
3457,1984-04-19,61.019
3458,1984-04-20,47.388
3459,1984-04-21,61.019
3460,1984-04-22,71.689
3461,1984-04-23,141.197
3462,1984-04-24,180.253
3463,1984-04-25,183.605
3464,1984-04-26,209.03
3465,1984-04-27,93.635
3466,1984-04-28,44.967
3467,1984-04-29,32.678
3468,1984-04-30,26.722
3469,1984-05-01,25.782
3470,1984-05-02,24.4
3471,1984-05-03,21.308
3472,1984-05-04,20.459
3473,1984-05-05,20.882
3474,1984-05-06,21.308
3475,1984-05-07,139.208
3476,1984-05-08,235.919
3477,1984-05-09,256.384
3478,1984-05-10,466.302
3479,1984-05-11,528.007
3480,1984-05-12,508.147
3481,1984-05-13,365.136
3482,1984-05-14,264.254
3483,1984-05-15,222.293
3484,1984-05-16,109.112
3485,1984-05-17,84.702
3486,1984-05-18,72.427
3487,1984-05-19,73.169
3488,1984-05-20,74.663
3489,1984-05-21,204.298
3490,1984-05-22,209.03
3491,1984-05-23,249.907
3492,1984-05-24,185.855
3493,1984-05-25,132.345
3494,1984-05-26,96.983
3495,1984-05-27,80.774
3496,1984-05-28,70.953
3497,1984-05-29,64.49
3498,1984-05-30,64.49
3499,1984-05-31,63.091
3500,1984-06-01,58.978
3501,1984-06-02,56.968
3502,1984-06-03,63.789
3503,1984-06-04,197.291
3504,1984-06-05,468.371
3505,1984-06-06,572.518
3506,1984-06-07,557.501
3507,1984-06-08,432.049
3508,1984-06-09,366.895
3509,1984-06-10,346.165
3510,1984-06-11,246.057
3511,1984-06-12,182.485
3512,1984-06-13,156.516
3513,1984-06-14,137.231
3514,1984-06-15,112.694
3515,1984-06-16,103.835
3516,1984-06-17,95.302
3517,1984-06-18,95.302
3518,1984-06-19,118.164
3519,1984-06-20,118.164
3520,1984-06-21,127.538
3521,1984-06-22,115.415
3522,1984-06-23,120.943
3523,1984-06-24,120.943
3524,1984-06-25,107.34
3525,1984-06-26,111.794
3526,1984-06-27,141.197
3527,1984-06-28,123.75
3528,1984-06-29,103.835
3529,1984-06-30,90.34
3530,1984-07-01,80.774
3531,1984-07-02,73.169
3532,1984-07-03,69.493
3533,1984-07-04,76.171
3534,1984-07-05,76.171
3535,1984-07-06,70.222
3536,1984-07-07,74.663
3537,1984-07-08,164.974
3538,1984-07-09,540.822
3539,1984-07-10,715.66
3540,1984-07-11,478.129
3541,1984-07-12,312.396
3542,1984-07-13,179.507
3543,1984-07-14,121.62
3544,1984-07-15,128.486
3545,1984-07-16,142.985
3546,1984-07-17,186.141
3547,1984-07-18,149.656
3548,1984-07-19,135.606
3549,1984-07-20,120.779
3550,1984-07-21,135.606
3551,1984-07-22,128.486
3552,1984-07-23,116.634
3553,1984-07-24,109.864
3554,1984-07-25,94.104
3555,1984-07-26,78.632
3556,1984-07-27,70.232
3557,1984-07-28,65.103
3558,1984-07-29,67.281
3559,1984-07-30,63.669
3560,1984-07-31,64.384
3561,1984-08-01,62.249
3562,1984-08-02,71.729
3563,1984-08-03,77.852
3564,1984-08-04,79.416
3565,1984-08-05,80.995
3566,1984-08-06,116.634
3567,1984-08-07,156.532
3568,1984-08-08,151.6
3569,1984-08-09,369.27
3570,1984-08-10,346.773
3571,1984-08-11,335.048
3572,1984-08-12,177.331
3573,1984-08-13,137.426
3574,1984-08-14,98.375
3575,1984-08-15,79.416
3576,1984-08-16,78.632
3577,1984-08-17,67.281
3578,1984-08-18,64.384
3579,1984-08-19,62.957
3580,1984-08-20,57.388
3581,1984-08-21,126.746
3582,1984-08-22,116.634
3583,1984-08-23,109.864
3584,1984-08-24,93.259
3585,1984-08-25,95.802
3586,1984-08-26,99.239
3587,1984-08-27,92.418
3588,1984-08-28,79.416
3589,1984-08-29,61.544
3590,1984-08-30,49.458
3591,1984-08-31,57.388
3592,1984-09-01,56.708
3593,1984-09-02,42.047
3594,1984-09-03,45.687
3595,1984-09-04,46.93
3596,1984-09-05,43.246
3597,1984-09-06,39.694
3598,1984-09-07,39.694
3599,1984-09-08,37.967
3600,1984-09-09,37.399
3601,1984-09-10,50.744
3602,1984-09-11,50.099
3603,1984-09-12,35.165
3604,1984-09-13,32.991
3605,1984-09-14,38.539
3606,1984-09-15,46.93
3607,1984-09-16,60.145
3608,1984-09-17,61.544
3609,1984-09-18,52.044
3610,1984-09-19,128.486
3611,1984-09-20,338.371
3612,1984-09-21,351.881
3613,1984-09-22,287.785
3614,1984-09-23,173.033
3615,1984-09-24,111.68
3616,1984-09-25,163.615
3617,1984-09-26,321.974
3618,1984-09-27,335.048
3619,1984-09-28,234.589
3620,1984-09-29,181.701
3621,1984-09-30,128.486
3622,1984-10-01,102.728
3623,1984-10-02,90.746
3624,1984-10-03,72.482
3625,1984-10-04,92.418
3626,1984-10-05,115.816
3627,1984-10-06,169.854
3628,1984-10-07,162.591
3629,1984-10-08,175.173
3630,1984-10-09,181.701
3631,1984-10-10,168.804
3632,1984-10-11,137.426
3633,1984-10-12,107.164
3634,1984-10-13,94.104
3635,1984-10-14,85.81
3636,1984-10-15,77.852
3637,1984-10-16,70.979
3638,1984-10-17,68.75
3639,1984-10-18,82.586
3640,1984-10-19,95.802
3641,1984-10-20,94.104
3642,1984-10-21,87.442
3643,1984-10-22,62.957
3644,1984-10-23,55.357
3645,1984-10-24,56.031
3646,1984-10-25,49.458
3647,1984-10-26,46.93
3648,1984-10-27,52.044
3649,1984-10-28,52.044
3650,1984-10-29,46.93
3651,1984-10-30,56.031
3652,1984-10-31,76.3
3653,1984-11-01,68.75
3654,1984-11-02,99.239
3655,1984-11-03,99.239
3656,1984-11-04,90.746
3657,1984-11-05,74.763
3658,1984-11-06,61.544
3659,1984-11-07,49.458
3660,1984-11-08,52.044
3661,1984-11-09,89.088
3662,1984-11-10,111.68
3663,1984-11-11,106.27
3664,1984-11-12,94.104
3665,1984-11-13,69.489
3666,1984-11-14,48.187
3667,1984-11-15,45.687
3668,1984-11-16,39.694
3669,1984-11-17,38.539
3670,1984-11-18,37.967
3671,1984-11-19,34.616
3672,1984-11-20,31.926
3673,1984-11-21,30.877
3674,1984-11-22,30.358
3675,1984-11-23,28.321
3676,1984-11-24,27.821
3677,1984-11-25,26.834
3678,1984-11-26,24.433
3679,1984-11-27,23.04
3680,1984-11-28,23.04
3681,1984-11-29,22.131
3682,1984-11-30,31.4
3683,1984-12-01,56.031
3684,1984-12-02,45.687
3685,1984-12-03,49.458
3686,1984-12-04,38.539
3687,1984-12-05,30.877
3688,1984-12-06,29.843
3689,1984-12-07,25.382
3690,1984-12-08,23.5
3691,1984-12-09,23.04
3692,1984-12-10,23.04
3693,1984-12-11,22.131
3694,1984-12-12,22.131
3695,1984-12-13,22.583
3696,1984-12-14,19.928
3697,1984-12-15,19.928
3698,1984-12-16,21.238
3699,1984-12-17,22.131
3700,1984-12-18,22.131
3701,1984-12-19,22.131
3702,1984-12-20,22.131
3703,1984-12-21,22.131
3704,1984-12-22,18.655
3705,1984-12-23,17.827
3706,1984-12-24,16.22
3707,1984-12-25,18.655
3708,1984-12-26,17.827
3709,1984-12-27,14.679
3710,1984-12-28,14.679
3711,1984-12-29,14.679
3712,1984-12-30,24.905
3713,1984-12-31,22.131
3714,1985-01-01,22.583
3715,1985-01-02,23.965
3716,1985-01-03,18.655
3717,1985-01-04,20.361
3718,1985-01-05,12.849
3719,1985-01-06,13.934
3720,1985-01-07,13.934
3721,1985-01-08,12.146
3722,1985-01-09,12.146
3723,1985-01-10,12.146
3724,1985-01-11,10.143
3725,1985-01-12,14.679
3726,1985-01-13,12.146
3727,1985-01-14,11.801
3728,1985-01-15,10.793
3729,1985-01-16,16.22
3730,1985-01-17,16.22
3731,1985-01-18,19.928
3732,1985-01-19,18.655
3733,1985-01-20,13.934
3734,1985-01-21,13.568
3735,1985-01-22,9.824
3736,1985-01-23,8.594
3737,1985-01-24,9.824
3738,1985-01-25,9.2
3739,1985-01-26,8.007
3740,1985-01-27,10.465
3741,1985-01-28,10.465
3742,1985-01-29,9.51
3743,1985-01-30,9.824
3744,1985-01-31,8.895
3745,1985-02-01,8.007
3746,1985-02-02,11.125
3747,1985-02-03,10.465
3748,1985-02-04,17.827
3749,1985-02-05,13.206
3750,1985-02-06,9.2
3751,1985-02-07,8.895
3752,1985-02-08,17.015
3753,1985-02-09,31.926
3754,1985-02-10,38.539
3755,1985-02-11,36.275
3756,1985-02-12,32.991
3757,1985-02-13,22.583
3758,1985-02-14,27.326
3759,1985-02-15,38.539
3760,1985-02-16,32.456
3761,1985-02-17,39.694
3762,1985-02-18,39.694
3763,1985-02-19,58.759
3764,1985-02-20,41.453
3765,1985-02-21,44.459
3766,1985-02-22,46.93
3767,1985-02-23,79.416
3768,1985-02-24,48.187
3769,1985-02-25,30.877
3770,1985-02-26,31.926
3771,1985-02-27,22.131
3772,1985-02-28,18.655
3773,1985-03-01,17.419
3774,1985-03-02,15.829
3775,1985-03-03,13.934
3776,1985-03-04,16.22
3777,1985-03-05,12.495
3778,1985-03-06,13.934
3779,1985-03-07,12.495
3780,1985-03-08,11.801
3781,1985-03-09,13.934
3782,1985-03-10,19.5
3783,1985-03-11,13.934
3784,1985-03-12,13.934
3785,1985-03-13,15.441
3786,1985-03-14,12.495
3787,1985-03-15,10.465
3788,1985-03-16,12.146
3789,1985-03-17,19.5
3790,1985-03-18,17.827
3791,1985-03-19,22.131
3792,1985-03-20,18.239
3793,1985-03-21,17.015
3794,1985-03-22,16.22
3795,1985-03-23,21.238
3796,1985-03-24,26.834
3797,1985-03-25,38.539
3798,1985-03-26,85.81
3799,1985-03-27,82.586
3800,1985-03-28,127.614
3801,1985-03-29,113.387
3802,1985-03-30,148.691
3803,1985-03-31,119.942
3804,1985-04-01,94.951
3805,1985-04-02,61.544
3806,1985-04-03,71.729
3807,1985-04-04,220.517
3808,1985-04-05,201.072
3809,1985-04-06,181.701
3810,1985-04-07,98.375
3811,1985-04-08,62.957
3812,1985-04-09,52.7
3813,1985-04-10,62.957
3814,1985-04-11,67.281
3815,1985-04-12,53.359
3816,1985-04-13,53.359
3817,1985-04-14,43.246
3818,1985-04-15,188.388
3819,1985-04-16,504.573
3820,1985-04-17,495.688
3821,1985-04-18,284.803
3822,1985-04-19,226.842
3823,1985-04-20,142.985
3824,1985-04-21,89.915
3825,1985-04-22,70.979
3826,1985-04-23,65.826
3827,1985-04-24,61.544
3828,1985-04-25,62.957
3829,1985-04-26,74.763
3830,1985-04-27,56.031
3831,1985-04-28,56.708
3832,1985-04-29,57.388
3833,1985-04-30,60.145
3834,1985-05-01,58.759
3835,1985-05-02,54.688
3836,1985-05-03,44.459
3837,1985-05-04,39.694
3838,1985-05-05,40.276
3839,1985-05-06,38.539
3840,1985-05-07,37.399
3841,1985-05-08,37.399
3842,1985-05-09,242.51
3843,1985-05-10,353.595
3844,1985-05-11,355.314
3845,1985-05-12,192.937
3846,1985-05-13,154.547
3847,1985-05-14,103.609
3848,1985-05-15,76.3
3849,1985-05-16,68.75
3850,1985-05-17,62.957
3851,1985-05-18,57.388
3852,1985-05-19,132.014
3853,1985-05-20,253.347
3854,1985-05-21,195.238
3855,1985-05-22,166.715
3856,1985-05-23,159.542
3857,1985-05-24,188.388
3858,1985-05-25,154.547
3859,1985-05-26,140.187
3860,1985-05-27,119.942
3861,1985-05-28,154.547
3862,1985-05-29,249.246
3863,1985-05-30,208.224
3864,1985-05-31,153.56
3865,1985-06-01,146.772
3866,1985-06-02,213.085
3867,1985-06-03,188.388
3868,1985-06-04,152.578
3869,1985-06-05,135.606
3870,1985-06-06,115.003
3871,1985-06-07,92.418
3872,1985-06-08,84.191
3873,1985-06-09,80.995
3874,1985-06-10,79.416
3875,1985-06-11,76.3
3876,1985-06-12,69.489
3877,1985-06-13,67.281
3878,1985-06-14,64.384
3879,1985-06-15,62.249
3880,1985-06-16,65.826
3881,1985-06-17,67.281
3882,1985-06-18,64.384
3883,1985-06-19,67.281
3884,1985-06-20,61.544
3885,1985-06-21,54.688
3886,1985-06-22,50.744
3887,1985-06-23,50.744
3888,1985-06-24,48.187
3889,1985-06-25,45.687
3890,1985-06-26,44.459
3891,1985-06-27,43.246
3892,1985-06-28,42.645
3893,1985-06-29,43.246
3894,1985-06-30,40.863
3895,1985-07-01,290.788
3896,1985-07-02,245.19
3897,1985-07-03,164.645
3898,1985-07-04,151.6
3899,1985-07-05,253.347
3900,1985-07-06,372.815
3901,1985-07-07,286.291
3902,1985-07-08,230.693
3903,1985-07-09,194.085
3904,1985-07-10,142.048
3905,1985-07-11,100.977
3906,1985-07-12,84.999
3907,1985-07-13,76.3
3908,1985-07-14,67.281
3909,1985-07-15,61.544
3910,1985-07-16,59.45
3911,1985-07-17,58.072
3912,1985-07-18,56.708
3913,1985-07-19,50.744
3914,1985-07-20,56.031
3915,1985-07-21,50.744
3916,1985-07-22,48.821
3917,1985-07-23,46.307
3918,1985-07-24,46.307
3919,1985-07-25,44.459
3920,1985-07-26,43.851
3921,1985-07-27,39.694
3922,1985-07-28,43.851
3923,1985-07-29,50.744
3924,1985-07-30,89.915
3925,1985-07-31,162.591
3926,1985-08-01,312.396
3927,1985-08-02,321.974
3928,1985-08-03,237.21
3929,1985-08-04,357.039
3930,1985-08-05,546.357
3931,1985-08-06,486.873
3932,1985-08-07,253.347
3933,1985-08-08,249.246
3934,1985-08-09,341.715
3935,1985-08-10,303.009
3936,1985-08-11,242.51
3937,1985-08-12,247.889
3938,1985-08-13,214.312
3939,1985-08-14,171.969
3940,1985-08-15,139.263
3941,1985-08-16,126.746
3942,1985-08-17,128.486
3943,1985-08-18,137.426
3944,1985-08-19,125.882
3945,1985-08-20,168.804
3946,1985-08-21,145.819
3947,1985-08-22,126.746
3948,1985-08-23,113.387
3949,1985-08-24,92.418
3950,1985-08-25,89.088
3951,1985-08-26,80.995
3952,1985-08-27,115.003
3953,1985-08-28,108.061
3954,1985-08-29,99.239
3955,1985-08-30,95.802
3956,1985-08-31,98.375
3957,1985-09-01,83.387
3958,1985-09-02,78.632
3959,1985-09-03,71.729
3960,1985-09-04,71.729
3961,1985-09-05,73.999
3962,1985-09-06,73.239
3963,1985-09-07,64.384
3964,1985-09-08,61.544
3965,1985-09-09,57.388
3966,1985-09-10,47.556
3967,1985-09-11,56.031
3968,1985-09-12,65.826
3969,1985-09-13,94.104
3970,1985-09-14,189.519
3971,1985-09-15,225.567
3972,1985-09-16,312.396
3973,1985-09-17,315.567
3974,1985-09-18,246.537
3975,1985-09-19,209.432
3976,1985-09-20,335.048
3977,1985-09-21,321.974
3978,1985-09-22,226.842
3979,1985-09-23,192.937
3980,1985-09-24,139.263
3981,1985-09-25,97.514
3982,1985-09-26,87.442
3983,1985-09-27,77.852
3984,1985-09-28,73.999
3985,1985-09-29,71.729
3986,1985-09-30,79.416
3987,1985-10-01,70.232
3988,1985-10-02,68.75
3989,1985-10-03,62.249
3990,1985-10-04,49.458
3991,1985-10-05,50.099
3992,1985-10-06,48.187
3993,1985-10-07,50.744
3994,1985-10-08,46.307
3995,1985-10-09,46.307
3996,1985-10-10,45.687
3997,1985-10-11,43.246
3998,1985-10-12,42.047
3999,1985-10-13,40.276
4000,1985-10-14,29.843
4001,1985-10-15,37.399
4002,1985-10-16,37.967
4003,1985-10-17,37.399
4004,1985-10-18,37.399
4005,1985-10-19,36.275
4006,1985-10-20,50.744
4007,1985-10-21,66.551
4008,1985-10-22,62.957
4009,1985-10-23,57.388
4010,1985-10-24,39.114
4011,1985-10-25,32.991
4012,1985-10-26,29.332
4013,1985-10-27,27.326
4014,1985-10-28,25.862
4015,1985-10-29,23.965
4016,1985-10-30,23.04
4017,1985-10-31,23.04
4018,1985-11-01,23.965
4019,1985-11-02,24.433
4020,1985-11-03,25.862
4021,1985-11-04,26.834
4022,1985-11-05,25.862
4023,1985-11-06,23.965
4024,1985-11-07,22.131
4025,1985-11-08,21.238
4026,1985-11-09,18.655
4027,1985-11-10,20.361
4028,1985-11-11,19.5
4029,1985-11-12,17.827
4030,1985-11-13,17.827
4031,1985-11-14,17.015
4032,1985-11-15,16.616
4033,1985-11-16,15.829
4034,1985-11-17,17.827
4035,1985-11-18,16.22
4036,1985-11-19,17.015
4037,1985-11-20,13.934
4038,1985-11-21,14.305
4039,1985-11-22,16.22
4040,1985-11-23,15.829
4041,1985-11-24,13.934
4042,1985-11-25,16.616
4043,1985-11-26,17.015
4044,1985-11-27,13.568
4045,1985-11-28,12.146
4046,1985-11-29,12.146
4047,1985-11-30,11.801
4048,1985-12-01,12.146
4049,1985-12-02,13.206
4050,1985-12-03,9.824
4051,1985-12-04,7.437
4052,1985-12-05,8.007
4053,1985-12-06,9.2
4054,1985-12-07,8.895
4055,1985-12-08,9.2
4056,1985-12-09,10.465
4057,1985-12-10,7.719
4058,1985-12-11,8.895
4059,1985-12-12,8.298
4060,1985-12-13,10.465
4061,1985-12-14,12.849
4062,1985-12-15,13.934
4063,1985-12-16,19.5
4064,1985-12-17,17.827
4065,1985-12-18,10.465
4066,1985-12-19,7.159
4067,1985-12-20,5.839
4068,1985-12-21,5.839
4069,1985-12-22,7.437
4070,1985-12-23,7.437
4071,1985-12-24,7.437
4072,1985-12-25,4.869
4073,1985-12-26,6.886
4074,1985-12-27,7.437
4075,1985-12-28,6.094
4076,1985-12-29,5.344
4077,1985-12-30,3.559
4078,1985-12-31,7.159
4079,1986-01-01,4.638
4080,1986-01-02,5.839
4081,1986-01-03,5.839
4082,1986-01-04,4.869
4083,1986-01-05,5.344
4084,1986-01-06,4.869
4085,1986-01-07,4.638
4086,1986-01-08,6.353
4087,1986-01-09,5.344
4088,1986-01-10,6.353
4089,1986-01-11,6.617
4090,1986-01-12,6.617
4091,1986-01-13,12.146
4092,1986-01-14,5.344
4093,1986-01-15,5.839
4094,1986-01-16,6.353
4095,1986-01-17,6.353
4096,1986-01-18,6.094
4097,1986-01-19,8.594
4098,1986-01-20,9.824
4099,1986-01-21,7.437
4100,1986-01-22,8.594
4101,1986-01-23,5.839
4102,1986-01-24,5.589
4103,1986-01-25,5.839
4104,1986-01-26,3.765
4105,1986-01-27,4.638
4106,1986-01-28,8.007
4107,1986-01-29,5.344
4108,1986-01-30,4.869
4109,1986-01-31,4.869
4110,1986-02-01,10.465
4111,1986-02-02,5.839
4112,1986-02-03,6.353
4113,1986-02-04,5.104
4114,1986-02-05,4.412
4115,1986-02-06,4.638
4116,1986-02-07,3.358
4117,1986-02-08,3.162
4118,1986-02-09,11.125
4119,1986-02-10,23.04
4120,1986-02-11,28.824
4121,1986-02-12,35.165
4122,1986-02-13,24.433
4123,1986-02-14,13.934
4124,1986-02-15,11.125
4125,1986-02-16,7.437
4126,1986-02-17,10.793
4127,1986-02-18,13.206
4128,1986-02-19,9.824
4129,1986-02-20,6.353
4130,1986-02-21,3.765
4131,1986-02-22,3.976
4132,1986-02-23,5.104
4133,1986-02-24,9.51
4134,1986-02-25,8.007
4135,1986-02-26,14.679
4136,1986-02-27,39.694
4137,1986-02-28,30.358
4138,1986-03-01,27.821
4139,1986-03-02,23.04
4140,1986-03-03,15.441
4141,1986-03-04,12.146
4142,1986-03-05,8.594
4143,1986-03-06,7.437
4144,1986-03-07,10.143
4145,1986-03-08,6.353
4146,1986-03-09,6.353
4147,1986-03-10,7.437
4148,1986-03-11,12.495
4149,1986-03-12,23.04
4150,1986-03-13,25.382
4151,1986-03-14,26.834
4152,1986-03-15,27.326
4153,1986-03-16,31.926
4154,1986-03-17,53.359
4155,1986-03-18,156.532
4156,1986-03-19,195.238
4157,1986-03-20,160.554
4158,1986-03-21,124.165
4159,1986-03-22,57.388
4160,1986-03-23,39.694
4161,1986-03-24,29.843
4162,1986-03-25,22.131
4163,1986-03-26,23.965
4164,1986-03-27,17.827
4165,1986-03-28,19.928
4166,1986-03-29,19.5
4167,1986-03-30,15.829
4168,1986-03-31,12.495
4169,1986-04-01,12.495
4170,1986-04-02,30.358
4171,1986-04-03,52.7
4172,1986-04-04,56.708
4173,1986-04-05,132.906
4174,1986-04-06,286.291
4175,1986-04-07,474.652
4176,1986-04-08,478.129
4177,1986-04-09,401.044
4178,1986-04-10,450.628
4179,1986-04-11,306.116
4180,1986-04-12,225.567
4181,1986-04-13,256.106
4182,1986-04-14,139.263
4183,1986-04-15,150.626
4184,1986-04-16,141.116
4185,1986-04-17,131.126
4186,1986-04-18,101.851
4187,1986-04-19,85.81
4188,1986-04-20,68.75
4189,1986-04-21,65.826
4190,1986-04-22,59.45
4191,1986-04-23,64.384
4192,1986-04-24,50.744
4193,1986-04-25,48.187
4194,1986-04-26,41.453
4195,1986-04-27,43.246
4196,1986-04-28,42.645
4197,1986-04-29,38.539
4198,1986-04-30,37.967
4199,1986-05-01,36.275
4200,1986-05-02,36.275
4201,1986-05-03,34.07
4202,1986-05-04,31.4
4203,1986-05-05,31.926
4204,1986-05-06,30.877
4205,1986-05-07,29.843
4206,1986-05-08,26.346
4207,1986-05-09,23.965
4208,1986-05-10,46.307
4209,1986-05-11,45.687
4210,1986-05-12,37.399
4211,1986-05-13,31.926
4212,1986-05-14,28.321
4213,1986-05-15,24.433
4214,1986-05-16,23.04
4215,1986-05-17,30.877
4216,1986-05-18,88.263
4217,1986-05-19,73.239
4218,1986-05-20,72.482
4219,1986-05-21,73.239
4220,1986-05-22,65.826
4221,1986-05-23,50.744
4222,1986-05-24,43.246
4223,1986-05-25,37.399
4224,1986-05-26,68.75
4225,1986-05-27,59.45
4226,1986-05-28,25.862
4227,1986-05-29,82.586
4228,1986-05-30,528.007
4229,1986-05-31,670.406
4230,1986-06-01,670.406
4231,1986-06-02,517.132
4232,1986-06-03,195.238
4233,1986-06-04,100.977
4234,1986-06-05,73.239
4235,1986-06-06,98.375
4236,1986-06-07,154.547
4237,1986-06-08,123.313
4238,1986-06-09,108.961
4239,1986-06-10,90.746
4240,1986-06-11,76.3
4241,1986-06-12,71.729
4242,1986-06-13,115.003
4243,1986-06-14,110.771
4244,1986-06-15,102.728
4245,1986-06-16,123.313
4246,1986-06-17,115.003
4247,1986-06-18,97.514
4248,1986-06-19,74.763
4249,1986-06-20,58.759
4250,1986-06-21,53.359
4251,1986-06-22,49.458
4252,1986-06-23,48.187
4253,1986-06-24,48.187
4254,1986-06-25,64.384
4255,1986-06-26,70.232
4256,1986-06-27,80.995
4257,1986-06-28,88.263
4258,1986-06-29,84.999
4259,1986-06-30,258.885
4260,1986-07-01,658.294
4261,1986-07-02,538.983
4262,1986-07-03,331.747
4263,1986-07-04,254.724
4264,1986-07-05,175.173
4265,1986-07-06,120.779
4266,1986-07-07,94.951
4267,1986-07-08,87.442
4268,1986-07-09,76.3
4269,1986-07-10,73.239
4270,1986-07-11,70.232
4271,1986-07-12,65.826
4272,1986-07-13,60.145
4273,1986-07-14,54.688
4274,1986-07-15,53.359
4275,1986-07-16,56.031
4276,1986-07-17,53.359
4277,1986-07-18,58.072
4278,1986-07-19,76.3
4279,1986-07-20,130.242
4280,1986-07-21,156.532
4281,1986-07-22,128.486
4282,1986-07-23,115.816
4283,1986-07-24,89.915
4284,1986-07-25,68.75
4285,1986-07-26,58.072
4286,1986-07-27,59.45
4287,1986-07-28,51.393
4288,1986-07-29,49.458
4289,1986-07-30,46.307
4290,1986-07-31,44.459
4291,1986-08-01,44.459
4292,1986-08-02,43.246
4293,1986-08-03,38.539
4294,1986-08-04,51.393
4295,1986-08-05,245.19
4296,1986-08-06,471.185
4297,1986-08-07,427.167
4298,1986-08-08,264.502
4299,1986-08-09,183.912
4300,1986-08-10,116.634
4301,1986-08-11,110.771
4302,1986-08-12,126.746
4303,1986-08-13,112.584
4304,1986-08-14,158.535
4305,1986-08-15,138.343
4306,1986-08-16,125.022
4307,1986-08-17,102.728
4308,1986-08-18,88.263
4309,1986-08-19,73.239
4310,1986-08-20,66.551
4311,1986-08-21,58.759
4312,1986-08-22,57.388
4313,1986-08-23,60.145
4314,1986-08-24,79.416
4315,1986-08-25,80.995
4316,1986-08-26,61.544
4317,1986-08-27,49.458
4318,1986-08-28,46.93
4319,1986-08-29,46.93
4320,1986-08-30,37.967
4321,1986-08-31,42.047
4322,1986-09-01,49.458
4323,1986-09-02,38.539
4324,1986-09-03,39.114
4325,1986-09-04,40.863
4326,1986-09-05,43.246
4327,1986-09-06,44.459
4328,1986-09-07,36.275
4329,1986-09-08,31.926
4330,1986-09-09,35.165
4331,1986-09-10,32.991
4332,1986-09-11,31.926
4333,1986-09-12,30.877
4334,1986-09-13,27.326
4335,1986-09-14,26.834
4336,1986-09-15,37.399
4337,1986-09-16,53.359
4338,1986-09-17,85.81
4339,1986-09-18,82.586
4340,1986-09-19,77.852
4341,1986-09-20,57.388
4342,1986-09-21,43.851
4343,1986-09-22,36.835
4344,1986-09-23,46.93
4345,1986-09-24,133.802
4346,1986-09-25,181.701
4347,1986-09-26,153.56
4348,1986-09-27,128.486
4349,1986-09-28,65.826
4350,1986-09-29,53.359
4351,1986-09-30,43.246
4352,1986-10-01,38.539
4353,1986-10-02,35.165
4354,1986-10-03,28.824
4355,1986-10-04,27.821
4356,1986-10-05,28.321
4357,1986-10-06,27.326
4358,1986-10-07,30.877
4359,1986-10-08,45.071
4360,1986-10-09,80.995
4361,1986-10-10,224.298
4362,1986-10-11,152.578
4363,1986-10-12,133.802
4364,1986-10-13,111.68
4365,1986-10-14,74.763
4366,1986-10-15,46.93
4367,1986-10-16,46.307
4368,1986-10-17,44.459
4369,1986-10-18,65.826
4370,1986-10-19,61.544
4371,1986-10-20,62.957
4372,1986-10-21,58.759
4373,1986-10-22,56.031
4374,1986-10-23,49.458
4375,1986-10-24,45.687
4376,1986-10-25,37.967
4377,1986-10-26,35.718
4378,1986-10-27,35.165
4379,1986-10-28,31.926
4380,1986-10-29,30.877
4381,1986-10-30,29.843
4382,1986-10-31,31.926
4383,1986-11-01,84.191
4384,1986-11-02,243.848
4385,1986-11-03,437.153
4386,1986-11-04,379.972
4387,1986-11-05,447.242
4388,1986-11-06,608.898
4389,1986-11-07,583.898
4390,1986-11-08,517.132
4391,1986-11-09,345.082
4392,1986-11-10,221.773
4393,1986-11-11,146.772
4394,1986-11-12,125.022
4395,1986-11-13,107.164
4396,1986-11-14,89.088
4397,1986-11-15,81.789
4398,1986-11-16,76.3
4399,1986-11-17,71.729
4400,1986-11-18,67.281
4401,1986-11-19,67.281
4402,1986-11-20,70.232
4403,1986-11-21,65.826
4404,1986-11-22,70.232
4405,1986-11-23,76.3
4406,1986-11-24,77.852
4407,1986-11-25,104.493
4408,1986-11-26,299.922
4409,1986-11-27,517.132
4410,1986-11-28,882.114
4411,1986-11-29,882.114
4412,1986-11-30,882.114
4413,1986-12-01,770.847
4414,1986-12-02,504.573
4415,1986-12-03,267.341
4416,1986-12-04,140.187
4417,1986-12-05,115.816
4418,1986-12-06,107.164
4419,1986-12-07,127.614
4420,1986-12-08,116.634
4421,1986-12-09,108.061
4422,1986-12-10,96.657
4423,1986-12-11,77.852
4424,1986-12-12,70.979
4425,1986-12-13,65.103
4426,1986-12-14,104.493
4427,1986-12-15,90.746
4428,1986-12-16,91.581
4429,1986-12-17,80.995
4430,1986-12-18,83.387
4431,1986-12-19,82.586
4432,1986-12-20,76.3
4433,1986-12-21,65.103
4434,1986-12-22,65.103
4435,1986-12-23,60.842
4436,1986-12-24,52.044
4437,1986-12-25,46.93
4438,1986-12-26,43.851
4439,1986-12-27,43.246
4440,1986-12-28,39.694
4441,1986-12-29,37.399
4442,1986-12-30,34.616
4443,1986-12-31,33.528
4444,1987-01-01,31.926
4445,1987-01-02,40.276
4446,1987-01-03,38.539
4447,1987-01-04,40.863
4448,1987-01-05,32.991
4449,1987-01-06,30.877
4450,1987-01-07,28.321
4451,1987-01-08,43.246
4452,1987-01-09,60.145
4453,1987-01-10,86.624
4454,1987-01-11,169.854
4455,1987-01-12,239.85
4456,1987-01-13,139.263
4457,1987-01-14,100.977
4458,1987-01-15,94.104
4459,1987-01-16,131.126
4460,1987-01-17,77.852
4461,1987-01-18,72.482
4462,1987-01-19,50.744
4463,1987-01-20,40.863
4464,1987-01-21,40.863
4465,1987-01-22,36.835
4466,1987-01-23,33.528
4467,1987-01-24,32.456
4468,1987-01-25,28.321
4469,1987-01-26,27.326
4470,1987-01-27,26.834
4471,1987-01-28,26.834
4472,1987-01-29,24.905
4473,1987-01-30,29.332
4474,1987-01-31,27.326
4475,1987-02-01,29.332
4476,1987-02-02,30.358
4477,1987-02-03,28.824
4478,1987-02-04,30.358
4479,1987-02-05,35.165
4480,1987-02-06,69.489
4481,1987-02-07,76.3
4482,1987-02-08,77.074
4483,1987-02-09,88.263
4484,1987-02-10,76.3
4485,1987-02-11,60.842
4486,1987-02-12,42.047
4487,1987-02-13,30.877
4488,1987-02-14,26.834
4489,1987-02-15,25.382
4490,1987-02-16,26.834
4491,1987-02-17,24.433
4492,1987-02-18,25.382
4493,1987-02-19,23.965
4494,1987-02-20,23.04
4495,1987-02-21,77.852
4496,1987-02-22,138.343
4497,1987-02-23,123.313
4498,1987-02-24,161.57
4499,1987-02-25,143.925
4500,1987-02-26,102.728
4501,1987-02-27,69.489
4502,1987-02-28,57.388
4503,1987-03-01,52.044
4504,1987-03-02,46.93
4505,1987-03-03,37.399
4506,1987-03-04,32.456
4507,1987-03-05,29.332
4508,1987-03-06,38.539
4509,1987-03-07,37.399
4510,1987-03-08,34.07
4511,1987-03-09,22.131
4512,1987-03-10,28.824
4513,1987-03-11,29.843
4514,1987-03-12,34.07
4515,1987-03-13,29.332
4516,1987-03-14,26.834
4517,1987-03-15,24.433
4518,1987-03-16,23.04
4519,1987-03-17,22.583
4520,1987-03-18,22.131
4521,1987-03-19,20.361
4522,1987-03-20,21.238
4523,1987-03-21,19.928
4524,1987-03-22,19.076
4525,1987-03-23,18.655
4526,1987-03-24,17.827
4527,1987-03-25,19.5
4528,1987-03-26,52.044
4529,1987-03-27,58.759
4530,1987-03-28,56.031
4531,1987-03-29,35.718
4532,1987-03-30,26.834
4533,1987-03-31,24.433
4534,1987-04-01,48.187
4535,1987-04-02,94.104
4536,1987-04-03,70.232
4537,1987-04-04,61.544
4538,1987-04-05,35.165
4539,1987-04-06,25.862
4540,1987-04-07,24.433
4541,1987-04-08,23.04
4542,1987-04-09,28.824
4543,1987-04-10,49.458
4544,1987-04-11,111.68
4545,1987-04-12,591.54
4546,1987-04-13,528.007
4547,1987-04-14,310.818
4548,1987-04-15,247.889
4549,1987-04-16,338.371
4550,1987-04-17,732.445
4551,1987-04-18,724.031
4552,1987-04-19,638.328
4553,1987-04-20,546.357
4554,1987-04-21,154.547
4555,1987-04-22,179.507
4556,1987-04-23,151.6
4557,1987-04-24,126.746
4558,1987-04-25,111.68
4559,1987-04-26,95.802
4560,1987-04-27,85.81
4561,1987-04-28,85.81
4562,1987-04-29,80.995
4563,1987-04-30,80.204
4564,1987-05-01,74.763
4565,1987-05-02,70.232
4566,1987-05-03,76.3
4567,1987-05-04,71.729
4568,1987-05-05,70.979
4569,1987-05-06,64.384
4570,1987-05-07,64.384
4571,1987-05-08,142.985
4572,1987-05-09,175.173
4573,1987-05-10,89.088
4574,1987-05-11,109.864
4575,1987-05-12,89.915
4576,1987-05-13,80.204
4577,1987-05-14,264.502
4578,1987-05-15,428.824
4579,1987-05-16,281.841
4580,1987-05-17,199.896
4581,1987-05-18,169.854
4582,1987-05-19,125.022
4583,1987-05-20,104.493
4584,1987-05-21,121.62
4585,1987-05-22,141.116
4586,1987-05-23,146.772
4587,1987-05-24,133.802
4588,1987-05-25,126.746
4589,1987-05-26,94.104
4590,1987-05-27,85.81
4591,1987-05-28,79.416
4592,1987-05-29,71.729
4593,1987-05-30,58.759
4594,1987-05-31,65.826
4595,1987-06-01,62.957
4596,1987-06-02,62.249
4597,1987-06-03,70.232
4598,1987-06-04,121.62
4599,1987-06-05,258.885
4600,1987-06-06,348.471
4601,1987-06-07,281.841
4602,1987-06-08,211.862
4603,1987-06-09,158.535
4604,1987-06-10,115.816
4605,1987-06-11,90.746
4606,1987-06-12,84.191
4607,1987-06-13,84.999
4608,1987-06-14,80.995
4609,1987-06-15,82.586
4610,1987-06-16,74.763
4611,1987-06-17,65.103
4612,1987-06-18,60.145
4613,1987-06-19,56.031
4614,1987-06-20,56.031
4615,1987-06-21,50.744
4616,1987-06-22,49.458
4617,1987-06-23,50.744
4618,1987-06-24,49.458
4619,1987-06-25,50.744
4620,1987-06-26,46.93
4621,1987-06-27,44.459
4622,1987-06-28,43.246
4623,1987-06-29,43.246
4624,1987-06-30,50.744
4625,1987-07-01,84.191
4626,1987-07-02,188.388
4627,1987-07-03,256.106
4628,1987-07-04,387.221
4629,1987-07-05,399.436
4630,1987-07-06,258.885
4631,1987-07-07,309.245
4632,1987-07-08,336.707
4633,1987-07-09,229.405
4634,1987-07-10,168.804
4635,1987-07-11,142.048
4636,1987-07-12,162.591
4637,1987-07-13,142.048
4638,1987-07-14,120.779
4639,1987-07-15,98.375
4640,1987-07-16,89.915
4641,1987-07-17,82.586
4642,1987-07-18,69.489
4643,1987-07-19,66.551
4644,1987-07-20,65.103
4645,1987-07-21,62.957
4646,1987-07-22,62.249
4647,1987-07-23,58.072
4648,1987-07-24,56.031
4649,1987-07-25,50.744
4650,1987-07-26,60.842
4651,1987-07-27,65.826
4652,1987-07-28,372.815
4653,1987-07-29,818.975
4654,1987-07-30,882.114
4655,1987-07-31,882.114
4656,1987-08-01,770.847
4657,1987-08-02,509.938
4658,1987-08-03,216.78
4659,1987-08-04,152.578
4660,1987-08-05,127.614
4661,1987-08-06,116.634
4662,1987-08-07,102.728
4663,1987-08-08,98.375
4664,1987-08-09,90.746
4665,1987-08-10,87.442
4666,1987-08-11,85.81
4667,1987-08-12,84.999
4668,1987-08-13,77.852
4669,1987-08-14,79.416
4670,1987-08-15,94.104
4671,1987-08-16,125.022
4672,1987-08-17,126.746
4673,1987-08-18,97.514
4674,1987-08-19,87.442
4675,1987-08-20,64.384
4676,1987-08-21,56.031
4677,1987-08-22,57.388
4678,1987-08-23,55.357
4679,1987-08-24,49.458
4680,1987-08-25,63.669
4681,1987-08-26,68.75
4682,1987-08-27,73.239
4683,1987-08-28,68.75
4684,1987-08-29,115.816
4685,1987-08-30,219.267
4686,1987-08-31,219.267
4687,1987-09-01,173.033
4688,1987-09-02,190.654
4689,1987-09-03,224.298
4690,1987-09-04,186.141
4691,1987-09-05,142.048
4692,1987-09-06,125.022
4693,1987-09-07,94.104
4694,1987-09-08,71.729
4695,1987-09-09,66.551
4696,1987-09-10,87.442
4697,1987-09-11,128.486
4698,1987-09-12,123.313
4699,1987-09-13,116.634
4700,1987-09-14,84.999
4701,1987-09-15,70.232
4702,1987-09-16,77.852
4703,1987-09-17,72.482
4704,1987-09-18,61.544
4705,1987-09-19,51.393
4706,1987-09-20,43.246
4707,1987-09-21,43.246
4708,1987-09-22,40.276
4709,1987-09-23,39.114
4710,1987-09-24,37.399
4711,1987-09-25,37.399
4712,1987-09-26,37.399
4713,1987-09-27,37.399
4714,1987-09-28,33.528
4715,1987-09-29,28.824
4716,1987-09-30,56.031
4717,1987-10-01,182.804
4718,1987-10-02,162.591
4719,1987-10-03,125.022
4720,1987-10-04,102.728
4721,1987-10-05,68.75
4722,1987-10-06,56.031
4723,1987-10-07,46.93
4724,1987-10-08,43.246
4725,1987-10-09,45.071
4726,1987-10-10,36.835
4727,1987-10-11,35.165
4728,1987-10-12,61.544
4729,1987-10-13,93.259
4730,1987-10-14,80.995
4731,1987-10-15,104.493
4732,1987-10-16,141.116
4733,1987-10-17,104.493
4734,1987-10-18,89.088
4735,1987-10-19,74.763
4736,1987-10-20,60.145
4737,1987-10-21,49.458
4738,1987-10-22,45.687
4739,1987-10-23,42.645
4740,1987-10-24,36.835
4741,1987-10-25,32.456
4742,1987-10-26,31.926
4743,1987-10-27,34.616
4744,1987-10-28,42.047
4745,1987-10-29,54.021
4746,1987-10-30,50.744
4747,1987-10-31,48.187
4748,1987-11-01,38.539
4749,1987-11-02,31.4
4750,1987-11-03,32.991
4751,1987-11-04,27.821
4752,1987-11-05,30.358
4753,1987-11-06,30.877
4754,1987-11-07,46.307
4755,1987-11-08,49.458
4756,1987-11-09,80.995
4757,1987-11-10,81.789
4758,1987-11-11,76.3
4759,1987-11-12,54.688
4760,1987-11-13,35.165
4761,1987-11-14,82.586
4762,1987-11-15,271.638
4763,1987-11-16,385.4
4764,1987-11-17,250.608
4765,1987-11-18,171.969
4766,1987-11-19,96.657
4767,1987-11-20,46.93
4768,1987-11-21,43.851
4769,1987-11-22,39.114
4770,1987-11-23,38.539
4771,1987-11-24,38.539
4772,1987-11-25,34.616
4773,1987-11-26,34.07
4774,1987-11-27,34.07
4775,1987-11-28,30.877
4776,1987-11-29,27.821
4777,1987-11-30,25.862
4778,1987-12-01,23.04
4779,1987-12-02,23.04
4780,1987-12-03,24.433
4781,1987-12-04,23.04
4782,1987-12-05,23.04
4783,1987-12-06,26.834
4784,1987-12-07,23.965
4785,1987-12-08,22.131
4786,1987-12-09,22.131
4787,1987-12-10,21.238
4788,1987-12-11,21.238
4789,1987-12-12,21.238
4790,1987-12-13,20.361
4791,1987-12-14,19.5
4792,1987-12-15,19.5
4793,1987-12-16,17.827
4794,1987-12-17,22.131
4795,1987-12-18,21.682
4796,1987-12-19,19.076
4797,1987-12-20,20.361
4798,1987-12-21,20.361
4799,1987-12-22,17.827
4800,1987-12-23,17.015
4801,1987-12-24,16.22
4802,1987-12-25,17.419
4803,1987-12-26,18.655
4804,1987-12-27,17.827
4805,1987-12-28,17.419
4806,1987-12-29,17.015
4807,1987-12-30,17.015
4808,1987-12-31,19.5
4809,1988-01-01,17.015
4810,1988-01-02,13.206
4811,1988-01-03,15.829
4812,1988-01-04,12.849
4813,1988-01-05,14.679
4814,1988-01-06,13.934
4815,1988-01-07,15.829
4816,1988-01-08,13.934
4817,1988-01-09,13.206
4818,1988-01-10,11.125
4819,1988-01-11,12.495
4820,1988-01-12,11.461
4821,1988-01-13,9.824
4822,1988-01-14,12.495
4823,1988-01-15,11.125
4824,1988-01-16,10.465
4825,1988-01-17,10.465
4826,1988-01-18,11.801
4827,1988-01-19,12.146
4828,1988-01-20,12.495
4829,1988-01-21,19.5
4830,1988-01-22,13.206
4831,1988-01-23,12.495
4832,1988-01-24,13.568
4833,1988-01-25,15.441
4834,1988-01-26,13.568
4835,1988-01-27,15.829
4836,1988-01-28,13.568
4837,1988-01-29,17.827
4838,1988-01-30,50.744
4839,1988-01-31,95.802
4840,1988-02-01,110.771
4841,1988-02-02,98.375
4842,1988-02-03,116.634
4843,1988-02-04,43.246
4844,1988-02-05,22.131
4845,1988-02-06,21.238
4846,1988-02-07,20.361
4847,1988-02-08,16.22
4848,1988-02-09,14.679
4849,1988-02-10,17.015
4850,1988-02-11,16.22
4851,1988-02-12,11.801
4852,1988-02-13,12.495
4853,1988-02-14,11.801
4854,1988-02-15,11.801
4855,1988-02-16,11.801
4856,1988-02-17,11.125
4857,1988-02-18,10.465
4858,1988-02-19,10.143
4859,1988-02-20,8.594
4860,1988-02-21,9.2
4861,1988-02-22,9.824
4862,1988-02-23,10.143
4863,1988-02-24,12.495
4864,1988-02-25,17.827
4865,1988-02-26,18.655
4866,1988-02-27,17.827
4867,1988-02-28,18.655
4868,1988-02-29,13.206
4869,1988-03-01,9.2
4870,1988-03-02,8.895
4871,1988-03-03,8.594
4872,1988-03-04,6.886
4873,1988-03-05,7.159
4874,1988-03-06,6.886
4875,1988-03-07,8.594
4876,1988-03-08,7.159
4877,1988-03-09,6.353
4878,1988-03-10,6.353
4879,1988-03-11,8.007
4880,1988-03-12,5.344
4881,1988-03-13,6.886
4882,1988-03-14,7.719
4883,1988-03-15,6.353
4884,1988-03-16,5.839
4885,1988-03-17,6.094
4886,1988-03-18,5.839
4887,1988-03-19,3.976
4888,1988-03-20,5.839
4889,1988-03-21,6.886
4890,1988-03-22,5.839
4891,1988-03-23,6.886
4892,1988-03-24,5.104
4893,1988-03-25,5.344
4894,1988-03-26,3.976
4895,1988-03-27,4.869
4896,1988-03-28,6.886
4897,1988-03-29,4.869
4898,1988-03-30,6.353
4899,1988-03-31,8.594
4900,1988-04-01,44.459
4901,1988-04-02,73.999
4902,1988-04-03,26.834
4903,1988-04-04,21.238
4904,1988-04-05,13.934
4905,1988-04-06,9.2
4906,1988-04-07,8.007
4907,1988-04-08,7.437
4908,1988-04-09,6.886
4909,1988-04-10,7.719
4910,1988-04-11,8.594
4911,1988-04-12,9.2
4912,1988-04-13,5.839
4913,1988-04-14,7.719
4914,1988-04-15,7.719
4915,1988-04-16,8.007
4916,1988-04-17,7.437
4917,1988-04-18,7.437
4918,1988-04-19,6.886
4919,1988-04-20,6.353
4920,1988-04-21,5.839
4921,1988-04-22,6.353
4922,1988-04-23,6.353
4923,1988-04-24,9.824
4924,1988-04-25,12.849
4925,1988-04-26,71.729
4926,1988-04-27,135.606
4927,1988-04-28,113.387
4928,1988-04-29,87.442
4929,1988-04-30,76.3
4930,1988-05-01,40.863
4931,1988-05-02,46.93
4932,1988-05-03,89.915
4933,1988-05-04,98.375
4934,1988-05-05,87.442
4935,1988-05-06,65.826
4936,1988-05-07,46.93
4937,1988-05-08,32.456
4938,1988-05-09,25.382
4939,1988-05-10,23.04
4940,1988-05-11,22.131
4941,1988-05-12,22.583
4942,1988-05-13,22.583
4943,1988-05-14,19.5
4944,1988-05-15,21.682
4945,1988-05-16,23.04
4946,1988-05-17,21.682
4947,1988-05-18,19.928
4948,1988-05-19,17.827
4949,1988-05-20,17.827
4950,1988-05-21,17.015
4951,1988-05-22,15.441
4952,1988-05-23,15.058
4953,1988-05-24,13.934
4954,1988-05-25,13.206
4955,1988-05-26,13.934
4956,1988-05-27,13.206
4957,1988-05-28,13.206
4958,1988-05-29,13.206
4959,1988-05-30,13.206
4960,1988-05-31,13.206
4961,1988-06-01,12.495
4962,1988-06-02,11.461
4963,1988-06-03,11.461
4964,1988-06-04,11.461
4965,1988-06-05,11.125
4966,1988-06-06,9.824
4967,1988-06-07,11.461
4968,1988-06-08,11.801
4969,1988-06-09,19.928
4970,1988-06-10,31.926
4971,1988-06-11,49.458
4972,1988-06-12,48.187
4973,1988-06-13,49.458
4974,1988-06-14,42.047
4975,1988-06-15,42.645
4976,1988-06-16,36.275
4977,1988-06-17,24.433
4978,1988-06-18,22.131
4979,1988-06-19,22.131
4980,1988-06-20,21.238
4981,1988-06-21,21.682
4982,1988-06-22,22.131
4983,1988-06-23,22.131
4984,1988-06-24,42.645
4985,1988-06-25,100.977
4986,1988-06-26,86.624
4987,1988-06-27,65.103
4988,1988-06-28,48.187
4989,1988-06-29,35.165
4990,1988-06-30,26.346
4991,1988-07-01,24.433
4992,1988-07-02,22.131
4993,1988-07-03,22.583
4994,1988-07-04,22.131
4995,1988-07-05,21.238
4996,1988-07-06,23.04
4997,1988-07-07,29.332
4998,1988-07-08,45.071
4999,1988-07-09,35.165
5000,1988-07-10,30.877
5001,1988-07-11,22.131
5002,1988-07-12,22.131
5003,1988-07-13,22.131
5004,1988-07-14,21.682
5005,1988-07-15,20.797
5006,1988-07-16,21.238
5007,1988-07-17,17.827
5008,1988-07-18,17.827
5009,1988-07-19,17.827
5010,1988-07-20,19.5
5011,1988-07-21,17.015
5012,1988-07-22,17.827
5013,1988-07-23,19.076
5014,1988-07-24,19.076
5015,1988-07-25,21.238
5016,1988-07-26,17.015
5017,1988-07-27,19.5
5018,1988-07-28,17.015
5019,1988-07-29,15.058
5020,1988-07-30,14.305
5021,1988-07-31,14.305
5022,1988-08-01,13.934
5023,1988-08-02,14.305
5024,1988-08-03,13.934
5025,1988-08-04,13.934
5026,1988-08-05,13.934
5027,1988-08-06,13.934
5028,1988-08-07,13.934
5029,1988-08-08,13.934
5030,1988-08-09,13.568
5031,1988-08-10,13.568
5032,1988-08-11,13.206
5033,1988-08-12,13.206
5034,1988-08-13,12.849
5035,1988-08-14,12.495
5036,1988-08-15,13.934
5037,1988-08-16,14.679
5038,1988-08-17,13.934
5039,1988-08-18,13.934
5040,1988-08-19,13.934
5041,1988-08-20,13.206
5042,1988-08-21,13.206
5043,1988-08-22,13.206
5044,1988-08-23,13.568
5045,1988-08-24,13.934
5046,1988-08-25,11.461
5047,1988-08-26,10.793
5048,1988-08-27,10.465
5049,1988-08-28,10.465
5050,1988-08-29,10.465
5051,1988-08-30,10.143
5052,1988-08-31,10.465
5053,1988-09-01,10.465
5054,1988-09-02,9.824
5055,1988-09-03,9.824
5056,1988-09-04,9.824
5057,1988-09-05,10.465
5058,1988-09-06,9.2
5059,1988-09-07,10.465
5060,1988-09-08,13.206
5061,1988-09-09,13.934
5062,1988-09-10,18.239
5063,1988-09-11,37.399
5064,1988-09-12,165.678
5065,1988-09-13,234.589
5066,1988-09-14,253.347
5067,1988-09-15,155.537
5068,1988-09-16,128.486
5069,1988-09-17,97.514
5070,1988-09-18,54.021
5071,1988-09-19,43.851
5072,1988-09-20,41.453
5073,1988-09-21,171.969
5074,1988-09-22,221.773
5075,1988-09-23,231.987
5076,1988-09-24,328.468
5077,1988-09-25,610.841
5078,1988-09-26,608.898
5079,1988-09-27,666.357
5080,1988-09-28,535.313
5081,1988-09-29,338.371
5082,1988-09-30,166.715
5083,1988-10-01,139.263
5084,1988-10-02,106.27
5085,1988-10-03,102.728
5086,1988-10-04,146.772
5087,1988-10-05,125.022
5088,1988-10-06,108.061
5089,1988-10-07,89.915
5090,1988-10-08,74.763
5091,1988-10-09,64.384
5092,1988-10-10,60.145
5093,1988-10-11,56.031
5094,1988-10-12,53.359
5095,1988-10-13,46.93
5096,1988-10-14,47.556
5097,1988-10-15,43.246
5098,1988-10-16,44.459
5099,1988-10-17,43.246
5100,1988-10-18,40.276
5101,1988-10-19,37.399
5102,1988-10-20,37.399
5103,1988-10-21,43.246
5104,1988-10-22,40.863
5105,1988-10-23,35.165
5106,1988-10-24,46.307
5107,1988-10-25,51.393
5108,1988-10-26,45.071
5109,1988-10-27,44.459
5110,1988-10-28,49.458
5111,1988-10-29,39.694
5112,1988-10-30,32.991
5113,1988-10-31,74.763
5114,1988-11-01,77.074
5115,1988-11-02,61.544
5116,1988-11-03,54.688
5117,1988-11-04,38.539
5118,1988-11-05,32.456
5119,1988-11-06,24.433
5120,1988-11-07,23.04
5121,1988-11-08,23.5
5122,1988-11-09,22.583
5123,1988-11-10,22.131
5124,1988-11-11,21.682
5125,1988-11-12,34.07
5126,1988-11-13,60.145
5127,1988-11-14,64.384
5128,1988-11-15,65.826
5129,1988-11-16,49.458
5130,1988-11-17,27.326
5131,1988-11-18,26.834
5132,1988-11-19,38.539
5133,1988-11-20,39.694
5134,1988-11-21,68.75
5135,1988-11-22,103.609
5136,1988-11-23,82.586
5137,1988-11-24,64.384
5138,1988-11-25,44.459
5139,1988-11-26,35.718
5140,1988-11-27,30.877
5141,1988-11-28,32.991
5142,1988-11-29,24.905
5143,1988-11-30,25.862
5144,1988-12-01,26.834
5145,1988-12-02,24.905
5146,1988-12-03,22.131
5147,1988-12-04,24.433
5148,1988-12-05,24.905
5149,1988-12-06,21.238
5150,1988-12-07,20.361
5151,1988-12-08,17.827
5152,1988-12-09,18.239
5153,1988-12-10,17.827
5154,1988-12-11,17.827
5155,1988-12-12,17.015
5156,1988-12-13,17.827
5157,1988-12-14,17.827
5158,1988-12-15,17.419
5159,1988-12-16,18.239
5160,1988-12-17,17.827
5161,1988-12-18,13.568
5162,1988-12-19,11.801
5163,1988-12-20,12.146
5164,1988-12-21,12.495
5165,1988-12-22,14.305
5166,1988-12-23,17.015
5167,1988-12-24,17.015
5168,1988-12-25,14.679
5169,1988-12-26,17.419
5170,1988-12-27,15.829
5171,1988-12-28,14.679
5172,1988-12-29,13.568
5173,1988-12-30,11.801
5174,1988-12-31,14.679
5175,1989-01-01,14.305
5176,1989-01-02,13.568
5177,1989-01-03,11.801
5178,1989-01-04,11.801
5179,1989-01-05,10.465
5180,1989-01-06,10.465
5181,1989-01-07,11.801
5182,1989-01-08,16.22
5183,1989-01-09,22.583
5184,1989-01-10,22.131
5185,1989-01-11,15.058
5186,1989-01-12,13.934
5187,1989-01-13,11.801
5188,1989-01-14,17.015
5189,1989-01-15,11.801
5190,1989-01-16,17.015
5191,1989-01-17,15.441
5192,1989-01-18,16.22
5193,1989-01-19,22.131
5194,1989-01-20,31.926
5195,1989-01-21,71.729
5196,1989-01-22,104.493
5197,1989-01-23,92.418
5198,1989-01-24,104.493
5199,1989-01-25,56.031
5200,1989-01-26,49.458
5201,1989-01-27,51.393
5202,1989-01-28,48.187
5203,1989-01-29,46.307
5204,1989-01-30,48.821
5205,1989-01-31,171.969
5206,1989-02-01,182.804
5207,1989-02-02,146.772
5208,1989-02-03,119.109
5209,1989-02-04,79.416
5210,1989-02-05,35.165
5211,1989-02-06,29.332
5212,1989-02-07,22.131
5213,1989-02-08,22.131
5214,1989-02-09,22.131
5215,1989-02-10,21.238
5216,1989-02-11,20.361
5217,1989-02-12,18.655
5218,1989-02-13,14.305
5219,1989-02-14,15.829
5220,1989-02-15,21.238
5221,1989-02-16,18.239
5222,1989-02-17,19.5
5223,1989-02-18,17.419
5224,1989-02-19,18.239
5225,1989-02-20,14.305
5226,1989-02-21,15.441
5227,1989-02-22,13.934
5228,1989-02-23,13.934
5229,1989-02-24,13.934
5230,1989-02-25,13.206
5231,1989-02-26,13.206
5232,1989-02-27,12.146
5233,1989-02-28,11.125
5234,1989-03-01,10.465
5235,1989-03-02,16.22
5236,1989-03-03,24.433
5237,1989-03-04,26.834
5238,1989-03-05,23.04
5239,1989-03-06,17.827
5240,1989-03-07,14.305
5241,1989-03-08,13.568
5242,1989-03-09,14.679
5243,1989-03-10,15.441
5244,1989-03-11,13.934
5245,1989-03-12,13.206
5246,1989-03-13,13.206
5247,1989-03-14,11.125
5248,1989-03-15,9.51
5249,1989-03-16,9.824
5250,1989-03-17,10.143
5251,1989-03-18,9.2
5252,1989-03-19,10.143
5253,1989-03-20,8.895
5254,1989-03-21,11.801
5255,1989-03-22,10.793
5256,1989-03-23,11.125
5257,1989-03-24,11.125
5258,1989-03-25,10.465
5259,1989-03-26,10.143
5260,1989-03-27,10.143
5261,1989-03-28,8.594
5262,1989-03-29,11.125
5263,1989-03-30,19.928
5264,1989-03-31,48.187
5265,1989-04-01,42.645
5266,1989-04-02,44.459
5267,1989-04-03,29.332
5268,1989-04-04,26.346
5269,1989-04-05,22.131
5270,1989-04-06,22.131
5271,1989-04-07,34.616
5272,1989-04-08,52.7
5273,1989-04-09,53.359
5274,1989-04-10,51.393
5275,1989-04-11,31.926
5276,1989-04-12,22.131
5277,1989-04-13,25.862
5278,1989-04-14,22.131
5279,1989-04-15,18.655
5280,1989-04-16,17.827
5281,1989-04-17,17.015
5282,1989-04-18,14.679
5283,1989-04-19,13.934
5284,1989-04-20,13.934
5285,1989-04-21,12.849
5286,1989-04-22,11.801
5287,1989-04-23,11.125
5288,1989-04-24,10.793
5289,1989-04-25,10.465
5290,1989-04-26,10.465
5291,1989-04-27,10.465
5292,1989-04-28,10.143
5293,1989-04-29,17.015
5294,1989-04-30,26.834
5295,1989-05-01,24.433
5296,1989-05-02,26.346
5297,1989-05-03,22.131
5298,1989-05-04,22.131
5299,1989-05-05,22.583
5300,1989-05-06,19.928
5301,1989-05-07,21.682
5302,1989-05-08,19.5
5303,1989-05-09,17.419
5304,1989-05-10,12.849
5305,1989-05-11,12.849
5306,1989-05-12,12.495
5307,1989-05-13,12.495
5308,1989-05-14,11.801
5309,1989-05-15,11.801
5310,1989-05-16,11.801
5311,1989-05-17,11.125
5312,1989-05-18,10.465
5313,1989-05-19,10.465
5314,1989-05-20,8.895
5315,1989-05-21,10.465
5316,1989-05-22,8.895
5317,1989-05-23,9.2
5318,1989-05-24,9.2
5319,1989-05-25,10.465
5320,1989-05-26,9.2
5321,1989-05-27,10.465
5322,1989-05-28,9.2
5323,1989-05-29,9.2
5324,1989-05-30,8.594
5325,1989-05-31,8.594
5326,1989-06-01,8.594
5327,1989-06-02,8.007
5328,1989-06-03,9.824
5329,1989-06-04,9.824
5330,1989-06-05,10.465
5331,1989-06-06,10.465
5332,1989-06-07,12.495
5333,1989-06-08,11.125
5334,1989-06-09,11.801
5335,1989-06-10,9.824
5336,1989-06-11,9.2
5337,1989-06-12,11.125
5338,1989-06-13,8.298
5339,1989-06-14,8.007
5340,1989-06-15,8.007
5341,1989-06-16,8.007
5342,1989-06-17,8.594
5343,1989-06-18,8.007
5344,1989-06-19,10.465
5345,1989-06-20,11.125
5346,1989-06-21,10.793
5347,1989-06-22,14.679
5348,1989-06-23,17.015
5349,1989-06-24,19.5
5350,1989-06-25,22.131
5351,1989-06-26,22.131
5352,1989-06-27,22.131
5353,1989-06-28,19.5
5354,1989-06-29,18.239
5355,1989-06-30,16.22
5356,1989-07-01,139.263
5357,1989-07-02,186.141
5358,1989-07-03,247.889
5359,1989-07-04,289.284
5360,1989-07-05,325.21
5361,1989-07-06,188.388
5362,1989-07-07,142.048
5363,1989-07-08,126.746
5364,1989-07-09,82.586
5365,1989-07-10,58.759
5366,1989-07-11,44.459
5367,1989-07-12,44.459
5368,1989-07-13,42.047
5369,1989-07-14,40.863
5370,1989-07-15,43.246
5371,1989-07-16,42.047
5372,1989-07-17,39.694
5373,1989-07-18,38.539
5374,1989-07-19,27.326
5375,1989-07-20,24.433
5376,1989-07-21,23.5
5377,1989-07-22,22.131
5378,1989-07-23,22.131
5379,1989-07-24,23.04
5380,1989-07-25,22.583
5381,1989-07-26,33.528
5382,1989-07-27,43.246
5383,1989-07-28,40.863
5384,1989-07-29,34.07
5385,1989-07-30,30.877
5386,1989-07-31,27.821
5387,1989-08-01,22.131
5388,1989-08-02,22.131
5389,1989-08-03,20.361
5390,1989-08-04,20.361
5391,1989-08-05,31.926
5392,1989-08-06,36.275
5393,1989-08-07,37.399
5394,1989-08-08,36.835
5395,1989-08-09,34.07
5396,1989-08-10,30.877
5397,1989-08-11,31.926
5398,1989-08-12,38.539
5399,1989-08-13,36.275
5400,1989-08-14,30.358
5401,1989-08-15,26.834
5402,1989-08-16,23.04
5403,1989-08-17,22.131
5404,1989-08-18,21.238
5405,1989-08-19,20.797
5406,1989-08-20,30.877
5407,1989-08-21,54.021
5408,1989-08-22,67.281
5409,1989-08-23,81.789
5410,1989-08-24,70.232
5411,1989-08-25,87.442
5412,1989-08-26,89.915
5413,1989-08-27,86.624
5414,1989-08-28,81.789
5415,1989-08-29,60.842
5416,1989-08-30,47.556
5417,1989-08-31,85.81
5418,1989-09-01,274.527
5419,1989-09-02,198.725
5420,1989-09-03,139.263
5421,1989-09-04,119.109
5422,1989-09-05,71.729
5423,1989-09-06,57.388
5424,1989-09-07,56.031
5425,1989-09-08,59.45
5426,1989-09-09,62.957
5427,1989-09-10,71.729
5428,1989-09-11,199.896
5429,1989-09-12,402.655
5430,1989-09-13,511.733
5431,1989-09-14,414.013
5432,1989-09-15,326.836
5433,1989-09-16,208.224
5434,1989-09-17,152.578
5435,1989-09-18,117.455
5436,1989-09-19,94.104
5437,1989-09-20,79.416
5438,1989-09-21,74.763
5439,1989-09-22,66.551
5440,1989-09-23,239.85
5441,1989-09-24,610.841
5442,1989-09-25,882.114
5443,1989-09-26,711.492
5444,1989-09-27,495.688
5445,1989-09-28,219.23
5446,1989-09-29,145.027
5447,1989-09-30,110.422
5448,1989-10-01,90.55
5449,1989-10-02,86.466
5450,1989-10-03,93.879
5451,1989-10-04,207.11
5452,1989-10-05,157.494
5453,1989-10-06,129.126
5454,1989-10-07,114.058
5455,1989-10-08,93.879
5456,1989-10-09,85.659
5457,1989-10-10,78.551
5458,1989-10-11,78.551
5459,1989-10-12,70.979
5460,1989-10-13,65.884
5461,1989-10-14,60.96
5462,1989-10-15,56.877
5463,1989-10-16,65.17
5464,1989-10-17,52.274
5465,1989-10-18,49.093
5466,1989-10-19,46.613
5467,1989-10-20,44.792
5468,1989-10-21,42.413
5469,1989-10-22,40.668
5470,1989-10-23,40.668
5471,1989-10-24,37.832
5472,1989-10-25,39.522
5473,1989-10-26,90.55
5474,1989-10-27,157.494
5475,1989-10-28,123.377
5476,1989-10-29,108.624
5477,1989-10-30,80.106
5478,1989-10-31,60.96
5479,1989-11-01,49.093
5480,1989-11-02,42.413
5481,1989-11-03,42.413
5482,1989-11-04,43.002
5483,1989-11-05,41.828
5484,1989-11-06,44.792
5485,1989-11-07,42.413
5486,1989-11-08,39.522
5487,1989-11-09,39.522
5488,1989-11-10,30.893
5489,1989-11-11,27.904
5490,1989-11-12,30.893
5491,1989-11-13,32.961
5492,1989-11-14,34.551
5493,1989-11-15,33.487
5494,1989-11-16,31.919
5495,1989-11-17,25.988
5496,1989-11-18,25.053
5497,1989-11-19,25.053
5498,1989-11-20,25.053
5499,1989-11-21,23.229
5500,1989-11-22,23.229
5501,1989-11-23,29.882
5502,1989-11-24,46.613
5503,1989-11-25,67.322
5504,1989-11-26,63.049
5505,1989-11-27,44.792
5506,1989-11-28,35.089
5507,1989-11-29,25.988
5508,1989-11-30,25.053
5509,1989-12-01,24.591
5510,1989-12-02,25.053
5511,1989-12-03,23.229
5512,1989-12-04,21.467
5513,1989-12-05,20.609
5514,1989-12-06,19.767
5515,1989-12-07,19.767
5516,1989-12-08,18.131
5517,1989-12-09,18.534
5518,1989-12-10,18.131
5519,1989-12-11,14.684
5520,1989-12-12,15.051
5521,1989-12-13,15.051
5522,1989-12-14,19.767
5523,1989-12-15,17.732
5524,1989-12-16,15.051
5525,1989-12-17,19.767
5526,1989-12-18,25.988
5527,1989-12-19,20.609
5528,1989-12-20,19.767
5529,1989-12-21,17.732
5530,1989-12-22,16.946
5531,1989-12-23,15.797
5532,1989-12-24,15.051
5533,1989-12-25,14.684
5534,1989-12-26,16.559
5535,1989-12-27,14.321
5536,1989-12-28,16.559
5537,1989-12-29,16.559
5538,1989-12-30,23.229
5539,1989-12-31,27.904
5540,1990-01-01,39.522
5541,1990-01-02,27.904
5542,1990-01-03,25.053
5543,1990-01-04,22.782
5544,1990-01-05,21.467
5545,1990-01-06,16.559
5546,1990-01-07,16.559
5547,1990-01-08,16.559
5548,1990-01-09,14.684
5549,1990-01-10,11.24
5550,1990-01-11,13.257
5551,1990-01-12,12.91
5552,1990-01-13,11.24
5553,1990-01-14,13.608
5554,1990-01-15,17.732
5555,1990-01-16,21.467
5556,1990-01-17,20.186
5557,1990-01-18,20.609
5558,1990-01-19,17.337
5559,1990-01-20,19.353
5560,1990-01-21,19.353
5561,1990-01-22,18.131
5562,1990-01-23,41.828
5563,1990-01-24,90.55
5564,1990-01-25,88.089
5565,1990-01-26,68.774
5566,1990-01-27,56.877
5567,1990-01-28,44.792
5568,1990-01-29,36.175
5569,1990-01-30,28.885
5570,1990-01-31,20.609
5571,1990-02-01,19.767
5572,1990-02-02,17.337
5573,1990-02-03,15.422
5574,1990-02-04,14.321
5575,1990-02-05,13.608
5576,1990-02-06,11.566
5577,1990-02-07,10.919
5578,1990-02-08,14.321
5579,1990-02-09,11.566
5580,1990-02-10,10.919
5581,1990-02-11,13.962
5582,1990-02-12,18.534
5583,1990-02-13,22.34
5584,1990-02-14,17.337
5585,1990-02-15,17.337
5586,1990-02-16,17.732
5587,1990-02-17,15.051
5588,1990-02-18,13.257
5589,1990-02-19,11.24
5590,1990-02-20,11.896
5591,1990-02-21,10.919
5592,1990-02-22,12.568
5593,1990-02-23,9.979
5594,1990-02-24,11.24
5595,1990-02-25,21.036
5596,1990-02-26,25.053
5597,1990-02-27,23.229
5598,1990-02-28,18.131
5599,1990-03-01,17.337
5600,1990-03-02,14.321
5601,1990-03-03,13.257
5602,1990-03-04,12.91
5603,1990-03-05,20.609
5604,1990-03-06,37.832
5605,1990-03-07,35.089
5606,1990-03-08,27.419
5607,1990-03-09,26.461
5608,1990-03-10,30.893
5609,1990-03-11,25.053
5610,1990-03-12,21.467
5611,1990-03-13,16.559
5612,1990-03-14,18.941
5613,1990-03-15,24.133
5614,1990-03-16,25.518
5615,1990-03-17,38.955
5616,1990-03-18,36.723
5617,1990-03-19,32.438
5618,1990-03-20,25.518
5619,1990-03-21,20.609
5620,1990-03-22,25.053
5621,1990-03-23,20.186
5622,1990-03-24,23.229
5623,1990-03-25,20.609
5624,1990-03-26,15.422
5625,1990-03-27,13.962
5626,1990-03-28,12.568
5627,1990-03-29,11.566
5628,1990-03-30,13.608
5629,1990-03-31,12.91
5630,1990-04-01,21.467
5631,1990-04-02,20.186
5632,1990-04-03,25.518
5633,1990-04-04,25.053
5634,1990-04-05,27.419
5635,1990-04-06,130.095
5636,1990-04-07,318.39
5637,1990-04-08,333.049
5638,1990-04-09,304.027
5639,1990-04-10,183.803
5640,1990-04-11,127.196
5641,1990-04-12,89.727
5642,1990-04-13,65.884
5643,1990-04-14,49.722
5644,1990-04-15,50.991
5645,1990-04-16,51.631
5646,1990-04-17,55.544
5647,1990-04-18,50.991
5648,1990-04-19,50.991
5649,1990-04-20,41.828
5650,1990-04-21,30.893
5651,1990-04-22,35.63
5652,1990-04-23,54.883
5653,1990-04-24,56.208
5654,1990-04-25,87.276
5655,1990-04-26,83.259
5656,1990-04-27,87.276
5657,1990-04-28,98.116
5658,1990-04-29,135.981
5659,1990-04-30,127.196
5660,1990-05-01,99.834
5661,1990-05-02,80.889
5662,1990-05-03,76.243
5663,1990-05-04,53.571
5664,1990-05-05,50.991
5665,1990-05-06,46.613
5666,1990-05-07,38.392
5667,1990-05-08,40.093
5668,1990-05-09,38.955
5669,1990-05-10,40.093
5670,1990-05-11,49.093
5671,1990-05-12,50.355
5672,1990-05-13,43.595
5673,1990-05-14,38.955
5674,1990-05-15,37.276
5675,1990-05-16,35.63
5676,1990-05-17,34.551
5677,1990-05-18,34.017
5678,1990-05-19,32.961
5679,1990-05-20,32.438
5680,1990-05-21,31.919
5681,1990-05-22,30.893
5682,1990-05-23,30.385
5683,1990-05-24,29.382
5684,1990-05-25,28.393
5685,1990-05-26,28.885
5686,1990-05-27,29.382
5687,1990-05-28,41.246
5688,1990-05-29,92.208
5689,1990-05-30,257.432
5690,1990-05-31,394.629
5691,1990-06-01,442.185
5692,1990-06-02,472.917
5693,1990-06-03,553.775
5694,1990-06-04,570.631
5695,1990-06-05,412.382
5696,1990-06-06,410.753
5697,1990-06-07,296.957
5698,1990-06-08,227.897
5699,1990-06-09,177.055
5700,1990-06-10,122.43
5701,1990-06-11,112.233
5702,1990-06-12,93.042
5703,1990-06-13,101.565
5704,1990-06-14,107.73
5705,1990-06-15,106.839
5706,1990-06-16,104.187
5707,1990-06-17,91.378
5708,1990-06-18,90.55
5709,1990-06-19,73.966
5710,1990-06-20,134.992
5711,1990-06-21,188.365
5712,1990-06-22,150.166
5713,1990-06-23,142.994
5714,1990-06-24,129.126
5715,1990-06-25,102.436
5716,1990-06-26,81.676
5717,1990-06-27,73.966
5718,1990-06-28,68.774
5719,1990-06-29,71.72
5720,1990-06-30,93.879
5721,1990-07-01,90.55
5722,1990-07-02,88.089
5723,1990-07-03,82.466
5724,1990-07-04,115.895
5725,1990-07-05,141.983
5726,1990-07-06,134.992
5727,1990-07-07,102.436
5728,1990-07-08,84.855
5729,1990-07-09,79.327
5730,1990-07-10,68.047
5731,1990-07-11,65.17
5732,1990-07-12,60.271
5733,1990-07-13,56.208
5734,1990-07-14,52.921
5735,1990-07-15,51.631
5736,1990-07-16,70.24
5737,1990-07-17,123.377
5738,1990-07-18,156.438
5739,1990-07-19,146.048
5740,1990-07-20,144.009
5741,1990-07-21,124.327
5742,1990-07-22,48.468
5743,1990-07-23,43.595
5744,1990-07-24,38.955
5745,1990-07-25,35.63
5746,1990-07-26,36.723
5747,1990-07-27,35.63
5748,1990-07-28,40.093
5749,1990-07-29,40.668
5750,1990-07-30,38.392
5751,1990-07-31,35.089
5752,1990-08-01,34.551
5753,1990-08-02,32.438
5754,1990-08-03,34.017
5755,1990-08-04,31.404
5756,1990-08-05,32.961
5757,1990-08-06,34.551
5758,1990-08-07,33.487
5759,1990-08-08,31.919
5760,1990-08-09,31.404
5761,1990-08-10,29.882
5762,1990-08-11,29.882
5763,1990-08-12,30.385
5764,1990-08-13,29.882
5765,1990-08-14,29.382
5766,1990-08-15,29.882
5767,1990-08-16,31.919
5768,1990-08-17,32.438
5769,1990-08-18,32.438
5770,1990-08-19,36.175
5771,1990-08-20,36.723
5772,1990-08-21,36.723
5773,1990-08-22,37.276
5774,1990-08-23,37.276
5775,1990-08-24,31.919
5776,1990-08-25,26.938
5777,1990-08-26,25.053
5778,1990-08-27,24.591
5779,1990-08-28,24.591
5780,1990-08-29,24.133
5781,1990-08-30,23.679
5782,1990-08-31,23.679
5783,1990-09-01,24.591
5784,1990-09-02,24.591
5785,1990-09-03,25.053
5786,1990-09-04,37.832
5787,1990-09-05,105.952
5788,1990-09-06,151.203
5789,1990-09-07,205.915
5790,1990-09-08,229.148
5791,1990-09-09,187.22
5792,1990-09-10,126.237
5793,1990-09-11,99.834
5794,1990-09-12,84.055
5795,1990-09-13,70.24
5796,1990-09-14,63.753
5797,1990-09-15,50.991
5798,1990-09-16,44.792
5799,1990-09-17,40.093
5800,1990-09-18,41.246
5801,1990-09-19,44.192
5802,1990-09-20,49.722
5803,1990-09-21,249.572
5804,1990-09-22,414.013
5805,1990-09-23,443.867
5806,1990-09-24,417.284
5807,1990-09-25,289.962
5808,1990-09-26,174.831
5809,1990-09-27,98.116
5810,1990-09-28,78.551
5811,1990-09-29,73.966
5812,1990-09-30,69.506
5813,1990-10-01,70.979
5814,1990-10-02,70.979
5815,1990-10-03,59.585
5816,1990-10-04,53.571
5817,1990-10-05,51.631
5818,1990-10-06,50.355
5819,1990-10-07,68.047
5820,1990-10-08,103.31
5821,1990-10-09,378.796
5822,1990-10-10,460.855
5823,1990-10-11,346.496
5824,1990-10-12,351.031
5825,1990-10-13,412.382
5826,1990-10-14,435.481
5827,1990-10-15,497.459
5828,1990-10-16,520.745
5829,1990-10-17,318.39
5830,1990-10-18,213.131
5831,1990-10-19,147.073
5832,1990-10-20,107.73
5833,1990-10-21,105.952
5834,1990-10-22,97.262
5835,1990-10-23,89.727
5836,1990-10-24,73.966
5837,1990-10-25,69.506
5838,1990-10-26,69.506
5839,1990-10-27,64.46
5840,1990-10-28,63.049
5841,1990-10-29,65.884
5842,1990-10-30,55.544
5843,1990-10-31,57.548
5844,1990-11-01,59.585
5845,1990-11-02,60.271
5846,1990-11-03,59.585
5847,1990-11-04,63.753
5848,1990-11-05,65.17
5849,1990-11-06,77.009
5850,1990-11-07,93.879
5851,1990-11-08,134.992
5852,1990-11-09,152.244
5853,1990-11-10,134.992
5854,1990-11-11,131.068
5855,1990-11-12,162.825
5856,1990-11-13,296.957
5857,1990-11-14,262.733
5858,1990-11-15,195.301
5859,1990-11-16,163.9
5860,1990-11-17,139.969
5861,1990-11-18,106.839
5862,1990-11-19,115.895
5863,1990-11-20,116.819
5864,1990-11-21,116.819
5865,1990-11-22,97.262
5866,1990-11-23,72.465
5867,1990-11-24,63.049
5868,1990-11-25,63.049
5869,1990-11-26,60.96
5870,1990-11-27,60.96
5871,1990-11-28,60.271
5872,1990-11-29,50.991
5873,1990-11-30,53.571
5874,1990-12-01,44.192
5875,1990-12-02,41.828
5876,1990-12-03,64.46
5877,1990-12-04,68.047
5878,1990-12-05,84.055
5879,1990-12-06,72.465
5880,1990-12-07,93.879
5881,1990-12-08,102.436
5882,1990-12-09,86.466
5883,1990-12-10,63.753
5884,1990-12-11,52.274
5885,1990-12-12,47.846
5886,1990-12-13,43.595
5887,1990-12-14,43.595
5888,1990-12-15,42.413
5889,1990-12-16,37.832
5890,1990-12-17,35.089
5891,1990-12-18,36.175
5892,1990-12-19,35.089
5893,1990-12-20,37.276
5894,1990-12-21,36.175
5895,1990-12-22,30.893
5896,1990-12-23,29.382
5897,1990-12-24,34.017
5898,1990-12-25,32.961
5899,1990-12-26,32.438
5900,1990-12-27,26.461
5901,1990-12-28,25.518
5902,1990-12-29,27.419
5903,1990-12-30,25.053
5904,1990-12-31,23.679
5905,1991-01-01,21.467
5906,1991-01-02,22.782
5907,1991-01-03,22.782
5908,1991-01-04,22.34
5909,1991-01-05,26.461
5910,1991-01-06,25.518
5911,1991-01-07,23.679
5912,1991-01-08,22.34
5913,1991-01-09,23.679
5914,1991-01-10,22.782
5915,1991-01-11,19.767
5916,1991-01-12,16.946
5917,1991-01-13,16.946
5918,1991-01-14,15.422
5919,1991-01-15,16.176
5920,1991-01-16,16.559
5921,1991-01-17,16.559
5922,1991-01-18,16.176
5923,1991-01-19,14.321
5924,1991-01-20,14.684
5925,1991-01-21,14.684
5926,1991-01-22,14.684
5927,1991-01-23,13.608
5928,1991-01-24,13.257
5929,1991-01-25,14.321
5930,1991-01-26,16.559
5931,1991-01-27,16.176
5932,1991-01-28,15.797
5933,1991-01-29,15.797
5934,1991-01-30,23.229
5935,1991-01-31,20.609
5936,1991-02-01,21.901
5937,1991-02-02,22.782
5938,1991-02-03,19.353
5939,1991-02-04,16.559
5940,1991-02-05,16.559
5941,1991-02-06,14.684
5942,1991-02-07,13.962
5943,1991-02-08,13.962
5944,1991-02-09,13.257
5945,1991-02-10,11.24
5946,1991-02-11,11.24
5947,1991-02-12,10.919
5948,1991-02-13,10.919
5949,1991-02-14,12.91
5950,1991-02-15,13.608
5951,1991-02-16,13.257
5952,1991-02-17,14.321
5953,1991-02-18,12.23
5954,1991-02-19,12.23
5955,1991-02-20,8.786
5956,1991-02-21,9.078
5957,1991-02-22,7.661
5958,1991-02-23,8.498
5959,1991-02-24,9.675
5960,1991-02-25,9.675
5961,1991-02-26,7.661
5962,1991-02-27,9.979
5963,1991-02-28,7.936
5964,1991-03-01,7.936
5965,1991-03-02,7.661
5966,1991-03-03,9.675
5967,1991-03-04,9.078
5968,1991-03-05,9.078
5969,1991-03-06,9.675
5970,1991-03-07,9.979
5971,1991-03-08,9.675
5972,1991-03-09,8.498
5973,1991-03-10,10.601
5974,1991-03-11,10.601
5975,1991-03-12,7.125
5976,1991-03-13,9.675
5977,1991-03-14,11.24
5978,1991-03-15,14.684
5979,1991-03-16,18.941
5980,1991-03-17,15.051
5981,1991-03-18,12.91
5982,1991-03-19,11.566
5983,1991-03-20,11.896
5984,1991-03-21,11.566
5985,1991-03-22,7.391
5986,1991-03-23,9.675
5987,1991-03-24,8.786
5988,1991-03-25,9.374
5989,1991-03-26,7.391
5990,1991-03-27,6.105
5991,1991-03-28,4.709
5992,1991-03-29,5.861
5993,1991-03-30,5.861
5994,1991-03-31,5.861
5995,1991-04-01,6.864
5996,1991-04-02,6.864
5997,1991-04-03,6.606
5998,1991-04-04,6.864
5999,1991-04-05,6.606
6000,1991-04-06,6.353
6001,1991-04-07,6.105
6002,1991-04-08,6.353
6003,1991-04-09,6.864
6004,1991-04-10,6.353
6005,1991-04-11,7.661
6006,1991-04-12,9.374
6007,1991-04-13,8.786
6008,1991-04-14,8.498
6009,1991-04-15,8.215
6010,1991-04-16,8.786
6011,1991-04-17,7.661
6012,1991-04-18,21.036
6013,1991-04-19,14.321
6014,1991-04-20,14.684
6015,1991-04-21,21.901
6016,1991-04-22,29.882
6017,1991-04-23,18.534
6018,1991-04-24,22.782
6019,1991-04-25,24.591
6020,1991-04-26,32.438
6021,1991-04-27,30.385
6022,1991-04-28,27.419
6023,1991-04-29,23.679
6024,1991-04-30,17.732
6025,1991-05-01,17.732
6026,1991-05-02,16.559
6027,1991-05-03,15.422
6028,1991-05-04,13.257
6029,1991-05-05,13.962
6030,1991-05-06,11.24
6031,1991-05-07,7.936
6032,1991-05-08,9.979
6033,1991-05-09,10.601
6034,1991-05-10,12.568
6035,1991-05-11,8.498
6036,1991-05-12,9.078
6037,1991-05-13,13.608
6038,1991-05-14,15.797
6039,1991-05-15,22.782
6040,1991-05-16,16.946
6041,1991-05-17,18.534
6042,1991-05-18,21.467
6043,1991-05-19,16.946
6044,1991-05-20,15.051
6045,1991-05-21,12.91
6046,1991-05-22,12.23
6047,1991-05-23,13.257
6048,1991-05-24,12.23
6049,1991-05-25,12.23
6050,1991-05-26,11.896
6051,1991-05-27,11.566
6052,1991-05-28,10.601
6053,1991-05-29,10.288
6054,1991-05-30,9.979
6055,1991-05-31,9.675
6056,1991-06-01,9.675
6057,1991-06-02,9.078
6058,1991-06-03,8.786
6059,1991-06-04,8.215
6060,1991-06-05,46.613
6061,1991-06-06,136.973
6062,1991-06-07,118.676
6063,1991-06-08,89.727
6064,1991-06-09,73.966
6065,1991-06-10,43.595
6066,1991-06-11,30.385
6067,1991-06-12,25.053
6068,1991-06-13,24.133
6069,1991-06-14,22.34
6070,1991-06-15,21.467
6071,1991-06-16,16.176
6072,1991-06-17,23.229
6073,1991-06-18,65.884
6074,1991-06-19,243.105
6075,1991-06-20,315.493
6076,1991-06-21,230.401
6077,1991-06-22,153.287
6078,1991-06-23,124.327
6079,1991-06-24,75.481
6080,1991-06-25,42.413
6081,1991-06-26,41.246
6082,1991-06-27,40.093
6083,1991-06-28,58.224
6084,1991-06-29,67.322
6085,1991-06-30,63.753
6086,1991-07-01,56.208
6087,1991-07-02,41.246
6088,1991-07-03,36.175
6089,1991-07-04,34.551
6090,1991-07-05,34.551
6091,1991-07-06,34.551
6092,1991-07-07,31.919
6093,1991-07-08,32.961
6094,1991-07-09,31.404
6095,1991-07-10,38.392
6096,1991-07-11,41.246
6097,1991-07-12,43.002
6098,1991-07-13,47.228
6099,1991-07-14,42.413
6100,1991-07-15,35.63
6101,1991-07-16,35.63
6102,1991-07-17,29.882
6103,1991-07-18,29.882
6104,1991-07-19,28.393
6105,1991-07-20,25.518
6106,1991-07-21,25.518
6107,1991-07-22,31.919
6108,1991-07-23,55.544
6109,1991-07-24,69.506
6110,1991-07-25,47.228
6111,1991-07-26,47.846
6112,1991-07-27,35.089
6113,1991-07-28,34.551
6114,1991-07-29,31.404
6115,1991-07-30,28.393
6116,1991-07-31,58.224
6117,1991-08-01,285.801
6118,1991-08-02,257.432
6119,1991-08-03,164.979
6120,1991-08-04,151.203
6121,1991-08-05,110.422
6122,1991-08-06,172.62
6123,1991-08-07,160.683
6124,1991-08-08,157.494
6125,1991-08-09,146.048
6126,1991-08-10,130.095
6127,1991-08-11,96.411
6128,1991-08-12,84.055
6129,1991-08-13,62.349
6130,1991-08-14,57.548
6131,1991-08-15,47.846
6132,1991-08-16,47.846
6133,1991-08-17,47.846
6134,1991-08-18,40.093
6135,1991-08-19,40.093
6136,1991-08-20,40.668
6137,1991-08-21,39.522
6138,1991-08-22,37.832
6139,1991-08-23,37.832
6140,1991-08-24,38.392
6141,1991-08-25,38.392
6142,1991-08-26,37.832
6143,1991-08-27,36.175
6144,1991-08-28,35.63
6145,1991-08-29,35.089
6146,1991-08-30,35.63
6147,1991-08-31,34.017
6148,1991-09-01,32.961
6149,1991-09-02,29.882
6150,1991-09-03,29.382
6151,1991-09-04,30.385
6152,1991-09-05,29.382
6153,1991-09-06,26.461
6154,1991-09-07,26.461
6155,1991-09-08,25.053
6156,1991-09-09,25.988
6157,1991-09-10,25.053
6158,1991-09-11,25.053
6159,1991-09-12,24.591
6160,1991-09-13,24.591
6161,1991-09-14,24.591
6162,1991-09-15,22.782
6163,1991-09-16,22.782
6164,1991-09-17,22.782
6165,1991-09-18,24.133
6166,1991-09-19,32.438
6167,1991-09-20,37.832
6168,1991-09-21,37.276
6169,1991-09-22,32.961
6170,1991-09-23,27.419
6171,1991-09-24,22.34
6172,1991-09-25,23.679
6173,1991-09-26,23.679
6174,1991-09-27,23.229
6175,1991-09-28,23.679
6176,1991-09-29,21.467
6177,1991-09-30,20.609
6178,1991-10-01,24.133
6179,1991-10-02,24.591
6180,1991-10-03,24.591
6181,1991-10-04,22.34
6182,1991-10-05,20.609
6183,1991-10-06,24.133
6184,1991-10-07,24.133
6185,1991-10-08,49.722
6186,1991-10-09,47.846
6187,1991-10-10,37.832
6188,1991-10-11,31.404
6189,1991-10-12,30.385
6190,1991-10-13,25.053
6191,1991-10-14,24.133
6192,1991-10-15,22.34
6193,1991-10-16,16.176
6194,1991-10-17,16.559
6195,1991-10-18,16.946
6196,1991-10-19,16.176
6197,1991-10-20,14.321
6198,1991-10-21,13.608
6199,1991-10-22,13.257
6200,1991-10-23,13.257
6201,1991-10-24,13.962
6202,1991-10-25,13.962
6203,1991-10-26,14.321
6204,1991-10-27,14.684
6205,1991-10-28,20.186
6206,1991-10-29,21.901
6207,1991-10-30,23.679
6208,1991-10-31,20.186
6209,1991-11-01,17.337
6210,1991-11-02,16.559
6211,1991-11-03,15.797
6212,1991-11-04,14.684
6213,1991-11-05,12.91
6214,1991-11-06,12.568
6215,1991-11-07,12.91
6216,1991-11-08,13.257
6217,1991-11-09,13.608
6218,1991-11-10,11.896
6219,1991-11-11,11.24
6220,1991-11-12,10.919
6221,1991-11-13,9.979
6222,1991-11-14,9.374
6223,1991-11-15,8.786
6224,1991-11-16,10.601
6225,1991-11-17,8.215
6226,1991-11-18,7.661
6227,1991-11-19,8.215
6228,1991-11-20,8.215
6229,1991-11-21,7.391
6230,1991-11-22,7.936
6231,1991-11-23,6.864
6232,1991-11-24,6.606
6233,1991-11-25,7.391
6234,1991-11-26,10.601
6235,1991-11-27,14.684
6236,1991-11-28,13.257
6237,1991-11-29,13.962
6238,1991-11-30,7.936
6239,1991-12-01,7.391
6240,1991-12-02,7.391
6241,1991-12-03,5.622
6242,1991-12-04,6.353
6243,1991-12-05,7.391
6244,1991-12-06,6.353
6245,1991-12-07,4.28
6246,1991-12-08,7.125
6247,1991-12-09,9.675
6248,1991-12-10,28.885
6249,1991-12-11,27.419
6250,1991-12-12,27.904
6251,1991-12-13,21.901
6252,1991-12-14,18.941
6253,1991-12-15,25.518
6254,1991-12-16,39.522
6255,1991-12-17,38.392
6256,1991-12-18,23.229
6257,1991-12-19,19.767
6258,1991-12-20,13.962
6259,1991-12-21,16.559
6260,1991-12-22,13.962
6261,1991-12-23,18.941
6262,1991-12-24,40.093
6263,1991-12-25,46.613
6264,1991-12-26,52.921
6265,1991-12-27,98.116
6266,1991-12-28,81.676
6267,1991-12-29,78.551
6268,1991-12-30,66.601
6269,1991-12-31,45.395
6270,1992-01-01,34.551
6271,1992-01-02,31.919
6272,1992-01-03,60.96
6273,1992-01-04,42.413
6274,1992-01-05,37.276
6275,1992-01-06,24.133
6276,1992-01-07,21.467
6277,1992-01-08,21.467
6278,1992-01-09,28.885
6279,1992-01-10,36.175
6280,1992-01-11,29.882
6281,1992-01-12,21.901
6282,1992-01-13,16.559
6283,1992-01-14,15.051
6284,1992-01-15,11.896
6285,1992-01-16,12.23
6286,1992-01-17,12.23
6287,1992-01-18,10.601
6288,1992-01-19,10.601
6289,1992-01-20,10.288
6290,1992-01-21,8.215
6291,1992-01-22,8.215
6292,1992-01-23,9.675
6293,1992-01-24,7.125
6294,1992-01-25,7.125
6295,1992-01-26,7.391
6296,1992-01-27,11.566
6297,1992-01-28,8.498
6298,1992-01-29,7.661
6299,1992-01-30,13.608
6300,1992-01-31,18.534
6301,1992-02-01,13.608
6302,1992-02-02,12.91
6303,1992-02-03,13.257
6304,1992-02-04,11.896
6305,1992-02-05,13.257
6306,1992-02-06,27.419
6307,1992-02-07,25.518
6308,1992-02-08,18.534
6309,1992-02-09,16.176
6310,1992-02-10,20.186
6311,1992-02-11,19.353
6312,1992-02-12,15.051
6313,1992-02-13,12.91
6314,1992-02-14,12.568
6315,1992-02-15,37.832
6316,1992-02-16,36.175
6317,1992-02-17,36.175
6318,1992-02-18,35.089
6319,1992-02-19,29.382
6320,1992-02-20,24.591
6321,1992-02-21,18.131
6322,1992-02-22,15.797
6323,1992-02-23,30.893
6324,1992-02-24,224.164
6325,1992-02-25,186.078
6326,1992-02-26,80.889
6327,1992-02-27,64.46
6328,1992-02-28,53.571
6329,1992-02-29,40.668
6330,1992-03-01,36.723
6331,1992-03-02,34.551
6332,1992-03-03,27.419
6333,1992-03-04,24.591
6334,1992-03-05,24.591
6335,1992-03-06,24.133
6336,1992-03-07,25.053
6337,1992-03-08,26.461
6338,1992-03-09,24.591
6339,1992-03-10,25.988
6340,1992-03-11,24.591
6341,1992-03-12,23.229
6342,1992-03-13,21.901
6343,1992-03-14,21.036
6344,1992-03-15,28.885
6345,1992-03-16,145.027
6346,1992-03-17,105.952
6347,1992-03-18,81.676
6348,1992-03-19,78.551
6349,1992-03-20,49.722
6350,1992-03-21,38.392
6351,1992-03-22,36.175
6352,1992-03-23,35.63
6353,1992-03-24,34.017
6354,1992-03-25,32.961
6355,1992-03-26,31.919
6356,1992-03-27,31.919
6357,1992-03-28,32.438
6358,1992-03-29,106.839
6359,1992-03-30,84.855
6360,1992-03-31,65.17
6361,1992-04-01,72.465
6362,1992-04-02,48.468
6363,1992-04-03,42.413
6364,1992-04-04,37.832
6365,1992-04-05,30.893
6366,1992-04-06,27.419
6367,1992-04-07,26.938
6368,1992-04-08,26.461
6369,1992-04-09,26.461
6370,1992-04-10,28.885
6371,1992-04-11,28.885
6372,1992-04-12,80.106
6373,1992-04-13,152.244
6374,1992-04-14,133.023
6375,1992-04-15,137.968
6376,1992-04-16,134.992
6377,1992-04-17,112.233
6378,1992-04-18,79.327
6379,1992-04-19,44.192
6380,1992-04-20,38.392
6381,1992-04-21,36.723
6382,1992-04-22,34.017
6383,1992-04-23,56.877
6384,1992-04-24,88.089
6385,1992-04-25,80.889
6386,1992-04-26,70.979
6387,1992-04-27,46.613
6388,1992-04-28,42.413
6389,1992-04-29,42.413
6390,1992-04-30,40.093
6391,1992-05-01,37.276
6392,1992-05-02,35.63
6393,1992-05-03,35.63
6394,1992-05-04,35.089
6395,1992-05-05,35.63
6396,1992-05-06,36.723
6397,1992-05-07,36.175
6398,1992-05-08,36.723
6399,1992-05-09,37.276
6400,1992-05-10,36.723
6401,1992-05-11,35.63
6402,1992-05-12,36.175
6403,1992-05-13,134.006
6404,1992-05-14,123.377
6405,1992-05-15,118.676
6406,1992-05-16,87.276
6407,1992-05-17,65.17
6408,1992-05-18,57.548
6409,1992-05-19,54.883
6410,1992-05-20,56.208
6411,1992-05-21,49.093
6412,1992-05-22,50.991
6413,1992-05-23,115.895
6414,1992-05-24,112.233
6415,1992-05-25,96.411
6416,1992-05-26,118.676
6417,1992-05-27,882.114
6418,1992-05-28,882.114
6419,1992-05-29,843.529
6420,1992-05-30,415.647
6421,1992-05-31,289.962
6422,1992-06-01,182.671
6423,1992-06-02,137.968
6424,1992-06-03,120.547
6425,1992-06-04,121.487
6426,1992-06-05,139.969
6427,1992-06-06,160.683
6428,1992-06-07,160.683
6429,1992-06-08,134.992
6430,1992-06-09,182.671
6431,1992-06-10,243.105
6432,1992-06-11,197.638
6433,1992-06-12,150.166
6434,1992-06-13,129.126
6435,1992-06-14,93.879
6436,1992-06-15,85.659
6437,1992-06-16,83.259
6438,1992-06-17,75.481
6439,1992-06-18,70.979
6440,1992-06-19,60.271
6441,1992-06-20,65.884
6442,1992-06-21,65.884
6443,1992-06-22,54.883
6444,1992-06-23,80.106
6445,1992-06-24,71.72
6446,1992-06-25,72.465
6447,1992-06-26,65.884
6448,1992-06-27,59.585
6449,1992-06-28,54.883
6450,1992-06-29,51.631
6451,1992-06-30,40.668
6452,1992-07-01,61.653
6453,1992-07-02,98.116
6454,1992-07-03,89.727
6455,1992-07-04,89.727
6456,1992-07-05,98.973
6457,1992-07-06,150.166
6458,1992-07-07,125.28
6459,1992-07-08,109.521
6460,1992-07-09,98.116
6461,1992-07-10,84.055
6462,1992-07-11,73.966
6463,1992-07-12,53.571
6464,1992-07-13,54.225
6465,1992-07-14,51.631
6466,1992-07-15,48.468
6467,1992-07-16,54.225
6468,1992-07-17,63.049
6469,1992-07-18,58.224
6470,1992-07-19,54.883
6471,1992-07-20,47.228
6472,1992-07-21,38.955
6473,1992-07-22,38.392
6474,1992-07-23,40.093
6475,1992-07-24,46.613
6476,1992-07-25,53.571
6477,1992-07-26,44.192
6478,1992-07-27,45.395
6479,1992-07-28,45.395
6480,1992-07-29,46.613
6481,1992-07-30,41.828
6482,1992-07-31,46.613
6483,1992-08-01,61.653
6484,1992-08-02,98.116
6485,1992-08-03,89.727
6486,1992-08-04,89.727
6487,1992-08-05,98.973
6488,1992-08-06,150.166
6489,1992-08-07,134.992
6490,1992-08-08,109.521
6491,1992-08-09,98.116
6492,1992-08-10,84.055
6493,1992-08-11,104.187
6494,1992-08-12,63.753
6495,1992-08-13,54.225
6496,1992-08-14,51.631
6497,1992-08-15,48.468
6498,1992-08-16,54.225
6499,1992-08-17,52.274
6500,1992-08-18,44.792
6501,1992-08-19,44.192
6502,1992-08-20,40.668
6503,1992-08-21,39.522
6504,1992-08-22,37.276
6505,1992-08-23,57.548
6506,1992-08-24,69.506
6507,1992-08-25,80.889
6508,1992-08-26,78.551
6509,1992-08-27,70.979
6510,1992-08-28,56.208
6511,1992-08-29,38.955
6512,1992-08-30,37.832
6513,1992-08-31,37.276
6514,1992-09-01,45.395
6515,1992-09-02,43.595
6516,1992-09-03,48.468
6517,1992-09-04,48.468
6518,1992-09-05,46.003
6519,1992-09-06,42.413
6520,1992-09-07,42.413
6521,1992-09-08,41.246
6522,1992-09-09,38.955
6523,1992-09-10,37.832
6524,1992-09-11,38.955
6525,1992-09-12,73.966
6526,1992-09-13,194.137
6527,1992-09-14,150.166
6528,1992-09-15,111.326
6529,1992-09-16,93.879
6530,1992-09-17,52.921
6531,1992-09-18,67.322
6532,1992-09-19,93.879
6533,1992-09-20,92.208
6534,1992-09-21,81.676
6535,1992-09-22,73.214
6536,1992-09-23,65.884
6537,1992-09-24,106.839
6538,1992-09-25,262.733
6539,1992-09-26,205.915
6540,1992-09-27,140.974
6541,1992-09-28,133.023
6542,1992-09-29,88.089
6543,1992-09-30,57.548
6544,1992-10-01,50.991
6545,1992-10-02,48.468
6546,1992-10-03,47.228
6547,1992-10-04,47.846
6548,1992-10-05,48.468
6549,1992-10-06,37.832
6550,1992-10-07,40.093
6551,1992-10-08,42.413
6552,1992-10-09,40.093
6553,1992-10-10,37.832
6554,1992-10-11,37.276
6555,1992-10-12,36.175
6556,1992-10-13,37.276
6557,1992-10-14,38.955
6558,1992-10-15,36.723
6559,1992-10-16,44.792
6560,1992-10-17,42.413
6561,1992-10-18,40.668
6562,1992-10-19,36.723
6563,1992-10-20,59.585
6564,1992-10-21,66.601
6565,1992-10-22,45.395
6566,1992-10-23,44.192
6567,1992-10-24,52.921
6568,1992-10-25,111.326
6569,1992-10-26,199.987
6570,1992-10-27,244.393
6571,1992-10-28,218.004
6572,1992-10-29,249.572
6573,1992-10-30,186.078
6574,1992-10-31,199.987
6575,1992-11-01,93.879
6576,1992-11-02,85.659
6577,1992-11-03,84.855
6578,1992-11-04,133.023
6579,1992-11-05,142.994
6580,1992-11-06,130.095
6581,1992-11-07,102.436
6582,1992-11-08,82.466
6583,1992-11-09,50.991
6584,1992-11-10,42.413
6585,1992-11-11,38.392
6586,1992-11-12,38.392
6587,1992-11-13,37.832
6588,1992-11-14,37.276
6589,1992-11-15,36.723
6590,1992-11-16,47.846
6591,1992-11-17,41.246
6592,1992-11-18,40.668
6593,1992-11-19,38.955
6594,1992-11-20,37.276
6595,1992-11-21,37.832
6596,1992-11-22,38.392
6597,1992-11-23,38.392
6598,1992-11-24,37.832
6599,1992-11-25,38.955
6600,1992-11-26,35.089
6601,1992-11-27,34.551
6602,1992-11-28,34.017
6603,1992-11-29,34.551
6604,1992-11-30,42.413
6605,1992-12-01,45.395
6606,1992-12-02,42.413
6607,1992-12-03,41.828
6608,1992-12-04,41.828
6609,1992-12-05,37.276
6610,1992-12-06,35.63
6611,1992-12-07,37.276
6612,1992-12-08,37.832
6613,1992-12-09,37.832
6614,1992-12-10,37.832
6615,1992-12-11,37.276
6616,1992-12-12,34.017
6617,1992-12-13,30.385
6618,1992-12-14,29.382
6619,1992-12-15,23.229
6620,1992-12-16,24.133
6621,1992-12-17,24.133
6622,1992-12-18,26.461
6623,1992-12-19,30.893
6624,1992-12-20,37.276
6625,1992-12-21,30.893
6626,1992-12-22,24.133
6627,1992-12-23,21.901
6628,1992-12-24,25.053
6629,1992-12-25,22.782
6630,1992-12-26,22.782
6631,1992-12-27,20.609
6632,1992-12-28,22.34
6633,1992-12-29,18.941
6634,1992-12-30,16.559
6635,1992-12-31,15.422
6636,1993-01-01,17.732
6637,1993-01-02,16.946
6638,1993-01-03,16.559
6639,1993-01-04,16.559
6640,1993-01-05,28.393
6641,1993-01-06,48.468
6642,1993-01-07,50.991
6643,1993-01-08,41.246
6644,1993-01-09,32.961
6645,1993-01-10,31.404
6646,1993-01-11,28.885
6647,1993-01-12,26.461
6648,1993-01-13,23.229
6649,1993-01-14,19.767
6650,1993-01-15,19.353
6651,1993-01-16,22.782
6652,1993-01-17,57.548
6653,1993-01-18,111.326
6654,1993-01-19,127.196
6655,1993-01-20,95.564
6656,1993-01-21,64.46
6657,1993-01-22,43.002
6658,1993-01-23,34.017
6659,1993-01-24,28.393
6660,1993-01-25,20.609
6661,1993-01-26,15.797
6662,1993-01-27,16.946
6663,1993-01-28,22.782
6664,1993-01-29,25.053
6665,1993-01-30,98.973
6666,1993-01-31,81.676
6667,1993-02-01,37.832
6668,1993-02-02,34.017
6669,1993-02-03,29.882
6670,1993-02-04,23.679
6671,1993-02-05,22.34
6672,1993-02-06,19.353
6673,1993-02-07,19.353
6674,1993-02-08,20.609
6675,1993-02-09,24.133
6676,1993-02-10,22.34
6677,1993-02-11,21.036
6678,1993-02-12,19.353
6679,1993-02-13,15.422
6680,1993-02-14,14.321
6681,1993-02-15,15.422
6682,1993-02-16,13.608
6683,1993-02-17,13.608
6684,1993-02-18,12.568
6685,1993-02-19,17.732
6686,1993-02-20,28.885
6687,1993-02-21,32.961
6688,1993-02-22,22.782
6689,1993-02-23,21.467
6690,1993-02-24,19.353
6691,1993-02-25,18.941
6692,1993-02-26,17.732
6693,1993-02-27,16.559
6694,1993-02-28,15.797
6695,1993-03-01,15.422
6696,1993-03-02,15.051
6697,1993-03-03,15.422
6698,1993-03-04,14.684
6699,1993-03-05,14.321
6700,1993-03-06,21.467
6701,1993-03-07,84.055
6702,1993-03-08,136.973
6703,1993-03-09,316.94
6704,1993-03-10,372.544
6705,1993-03-11,222.926
6706,1993-03-12,156.438
6707,1993-03-13,93.042
6708,1993-03-14,66.601
6709,1993-03-15,43.002
6710,1993-03-16,39.522
6711,1993-03-17,37.276
6712,1993-03-18,38.392
6713,1993-03-19,37.276
6714,1993-03-20,35.63
6715,1993-03-21,35.089
6716,1993-03-22,38.955
6717,1993-03-23,28.885
6718,1993-03-24,25.053
6719,1993-03-25,24.591
6720,1993-03-26,25.053
6721,1993-03-27,24.591
6722,1993-03-28,23.229
6723,1993-03-29,21.036
6724,1993-03-30,15.797
6725,1993-03-31,21.467
6726,1993-04-01,20.186
6727,1993-04-02,20.609
6728,1993-04-03,21.467
6729,1993-04-04,25.053
6730,1993-04-05,20.609
6731,1993-04-06,23.679
6732,1993-04-07,21.467
6733,1993-04-08,21.036
6734,1993-04-09,22.34
6735,1993-04-10,20.186
6736,1993-04-11,21.036
6737,1993-04-12,17.732
6738,1993-04-13,16.559
6739,1993-04-14,16.176
6740,1993-04-15,15.797
6741,1993-04-16,16.176
6742,1993-04-17,17.337
6743,1993-04-18,20.186
6744,1993-04-19,18.534
6745,1993-04-20,19.767
6746,1993-04-21,17.337
6747,1993-04-22,15.797
6748,1993-04-23,16.559
6749,1993-04-24,13.257
6750,1993-04-25,13.962
6751,1993-04-26,13.962
6752,1993-04-27,16.559
6753,1993-04-28,26.461
6754,1993-04-29,35.089
6755,1993-04-30,38.955
6756,1993-05-01,26.461
6757,1993-05-02,22.782
6758,1993-05-03,18.534
6759,1993-05-04,19.767
6760,1993-05-05,18.131
6761,1993-05-06,18.131
6762,1993-05-07,19.353
6763,1993-05-08,20.186
6764,1993-05-09,21.036
6765,1993-05-10,19.353
6766,1993-05-11,106.839
6767,1993-05-12,243.105
6768,1993-05-13,245.683
6769,1993-05-14,245.683
6770,1993-05-15,187.22
6771,1993-05-16,139.969
6772,1993-05-17,107.73
6773,1993-05-18,77.009
6774,1993-05-19,49.093
6775,1993-05-20,34.551
6776,1993-05-21,29.882
6777,1993-05-22,29.382
6778,1993-05-23,30.385
6779,1993-05-24,28.885
6780,1993-05-25,29.382
6781,1993-05-26,32.438
6782,1993-05-27,36.723
6783,1993-05-28,35.63
6784,1993-05-29,40.093
6785,1993-05-30,43.002
6786,1993-05-31,53.571
6787,1993-06-01,37.276
6788,1993-06-02,39.522
6789,1993-06-03,77.009
6790,1993-06-04,137.968
6791,1993-06-05,318.39
6792,1993-06-06,283.042
6793,1993-06-07,273.48
6794,1993-06-08,205.915
6795,1993-06-09,208.308
6796,1993-06-10,93.879
6797,1993-06-11,97.262
6798,1993-06-12,68.774
6799,1993-06-13,64.46
6800,1993-06-14,52.274
6801,1993-06-15,49.093
6802,1993-06-16,44.792
6803,1993-06-17,46.003
6804,1993-06-18,67.322
6805,1993-06-19,126.237
6806,1993-06-20,110.422
6807,1993-06-21,84.855
6808,1993-06-22,59.585
6809,1993-06-23,52.921
6810,1993-06-24,54.883
6811,1993-06-25,48.468
6812,1993-06-26,48.468
6813,1993-06-27,48.468
6814,1993-06-28,50.355
6815,1993-06-29,51.631
6816,1993-06-30,49.093
6817,1993-07-01,44.792
6818,1993-07-02,46.613
6819,1993-07-03,53.571
6820,1993-07-04,45.395
6821,1993-07-05,47.228
6822,1993-07-06,123.377
6823,1993-07-07,220.459
6824,1993-07-08,208.308
6825,1993-07-09,170.421
6826,1993-07-10,92.208
6827,1993-07-11,152.244
6828,1993-07-12,148.101
6829,1993-07-13,126.237
6830,1993-07-14,117.746
6831,1993-07-15,93.042
6832,1993-07-16,72.465
6833,1993-07-17,72.465
6834,1993-07-18,58.902
6835,1993-07-19,53.571
6836,1993-07-20,54.225
6837,1993-07-21,54.225
6838,1993-07-22,46.003
6839,1993-07-23,40.668
6840,1993-07-24,40.668
6841,1993-07-25,40.093
6842,1993-07-26,40.668
6843,1993-07-27,40.093
6844,1993-07-28,43.595
6845,1993-07-29,44.792
6846,1993-07-30,90.55
6847,1993-07-31,86.466
6848,1993-08-01,71.72
6849,1993-08-02,65.884
6850,1993-08-03,46.613
6851,1993-08-04,48.468
6852,1993-08-05,40.093
6853,1993-08-06,37.832
6854,1993-08-07,36.723
6855,1993-08-08,36.175
6856,1993-08-09,35.63
6857,1993-08-10,34.551
6858,1993-08-11,34.017
6859,1993-08-12,32.961
6860,1993-08-13,32.438
6861,1993-08-14,31.919
6862,1993-08-15,31.404
6863,1993-08-16,30.893
6864,1993-08-17,30.893
6865,1993-08-18,32.438
6866,1993-08-19,31.919
6867,1993-08-20,30.385
6868,1993-08-21,28.393
6869,1993-08-22,27.904
6870,1993-08-23,27.419
6871,1993-08-24,28.393
6872,1993-08-25,27.419
6873,1993-08-26,26.461
6874,1993-08-27,26.938
6875,1993-08-28,26.461
6876,1993-08-29,25.988
6877,1993-08-30,24.591
6878,1993-08-31,24.591
6879,1993-09-01,24.133
6880,1993-09-02,23.679
6881,1993-09-03,24.133
6882,1993-09-04,23.679
6883,1993-09-05,22.782
6884,1993-09-06,22.34
6885,1993-09-07,21.467
6886,1993-09-08,21.036
6887,1993-09-09,21.467
6888,1993-09-10,21.036
6889,1993-09-11,20.186
6890,1993-09-12,19.767
6891,1993-09-13,18.941
6892,1993-09-14,18.534
6893,1993-09-15,18.941
6894,1993-09-16,19.767
6895,1993-09-17,20.186
6896,1993-09-18,19.767
6897,1993-09-19,23.229
6898,1993-09-20,28.885
6899,1993-09-21,50.355
6900,1993-09-22,52.921
6901,1993-09-23,41.246
6902,1993-09-24,31.919
6903,1993-09-25,26.461
6904,1993-09-26,24.591
6905,1993-09-27,23.679
6906,1993-09-28,23.229
6907,1993-09-29,23.229
6908,1993-09-30,27.904
6909,1993-10-01,36.723
6910,1993-10-02,41.828
6911,1993-10-03,53.571
6912,1993-10-04,69.506
6913,1993-10-05,87.276
6914,1993-10-06,94.72
6915,1993-10-07,59.585
6916,1993-10-08,41.828
6917,1993-10-09,33.487
6918,1993-10-10,28.885
6919,1993-10-11,26.461
6920,1993-10-12,25.518
6921,1993-10-13,26.461
6922,1993-10-14,27.904
6923,1993-10-15,27.904
6924,1993-10-16,25.053
6925,1993-10-17,23.679
6926,1993-10-18,38.392
6927,1993-10-19,56.877
6928,1993-10-20,60.271
6929,1993-10-21,48.468
6930,1993-10-22,39.522
6931,1993-10-23,34.017
6932,1993-10-24,30.893
6933,1993-10-25,30.385
6934,1993-10-26,28.885
6935,1993-10-27,27.904
6936,1993-10-28,26.461
6937,1993-10-29,25.053
6938,1993-10-30,23.679
6939,1993-10-31,22.34
6940,1993-11-01,29.882
6941,1993-11-02,50.991
6942,1993-11-03,43.595
6943,1993-11-04,35.089
6944,1993-11-05,30.385
6945,1993-11-06,36.723
6946,1993-11-07,38.392
6947,1993-11-08,34.551
6948,1993-11-09,31.404
6949,1993-11-10,29.382
6950,1993-11-11,27.904
6951,1993-11-12,25.988
6952,1993-11-13,25.053
6953,1993-11-14,43.002
6954,1993-11-15,105.952
6955,1993-11-16,292.751
6956,1993-11-17,312.609
6957,1993-11-18,396.229
6958,1993-11-19,270.775
6959,1993-11-20,218.004
6960,1993-11-21,140.974
6961,1993-11-22,109.521
6962,1993-11-23,77.778
6963,1993-11-24,67.322
6964,1993-11-25,89.727
6965,1993-11-26,85.659
6966,1993-11-27,84.055
6967,1993-11-28,69.506
6968,1993-11-29,56.877
6969,1993-11-30,60.271
6970,1993-12-01,85.659
6971,1993-12-02,83.259
6972,1993-12-03,82.466
6973,1993-12-04,61.653
6974,1993-12-05,125.28
6975,1993-12-06,340.49
6976,1993-12-07,394.629
6977,1993-12-08,497.459
6978,1993-12-09,363.254
6979,1993-12-10,341.987
6980,1993-12-11,116.819
6981,1993-12-12,130.095
6982,1993-12-13,160.683
6983,1993-12-14,177.055
6984,1993-12-15,194.137
6985,1993-12-16,171.519
6986,1993-12-17,125.28
6987,1993-12-18,101.565
6988,1993-12-19,84.055
6989,1993-12-20,61.653
6990,1993-12-21,64.46
6991,1993-12-22,59.585
6992,1993-12-23,56.208
6993,1993-12-24,52.921
6994,1993-12-25,51.631
6995,1993-12-26,56.877
6996,1993-12-27,64.46
6997,1993-12-28,64.46
6998,1993-12-29,67.322
6999,1993-12-30,63.049
7000,1993-12-31,61.653
7001,1994-01-01,59.585
7002,1994-01-02,56.208
7003,1994-01-03,41.828
7004,1994-01-04,39.522
7005,1994-01-05,36.175
7006,1994-01-06,38.955
7007,1994-01-07,38.392
7008,1994-01-08,37.832
7009,1994-01-09,37.276
7010,1994-01-10,36.175
7011,1994-01-11,36.723
7012,1994-01-12,37.276
7013,1994-01-13,36.723
7014,1994-01-14,30.385
7015,1994-01-15,29.882
7016,1994-01-16,26.938
7017,1994-01-17,27.419
7018,1994-01-18,40.668
7019,1994-01-19,38.392
7020,1994-01-20,25.053
7021,1994-01-21,22.782
7022,1994-01-22,22.782
7023,1994-01-23,22.34
7024,1994-01-24,25.053
7025,1994-01-25,33.487
7026,1994-01-26,41.246
7027,1994-01-27,39.522
7028,1994-01-28,38.955
7029,1994-01-29,34.017
7030,1994-01-30,25.053
7031,1994-01-31,25.053
7032,1994-02-01,36.723
7033,1994-02-02,38.955
7034,1994-02-03,38.955
7035,1994-02-04,37.832
7036,1994-02-05,43.002
7037,1994-02-06,47.846
7038,1994-02-07,56.877
7039,1994-02-08,52.274
7040,1994-02-09,41.246
7041,1994-02-10,46.613
7042,1994-02-11,48.468
7043,1994-02-12,55.544
7044,1994-02-13,46.613
7045,1994-02-14,43.002
7046,1994-02-15,102.436
7047,1994-02-16,169.326
7048,1994-02-17,269.427
7049,1994-02-18,355.592
7050,1994-02-19,314.05
7051,1994-02-20,199.987
7052,1994-02-21,175.942
7053,1994-02-22,136.973
7054,1994-02-23,287.185
7055,1994-02-24,257.432
7056,1994-02-25,150.166
7057,1994-02-26,126.237
7058,1994-02-27,89.727
7059,1994-02-28,71.72
7060,1994-03-01,139.969
7061,1994-03-02,122.43
7062,1994-03-03,112.233
7063,1994-03-04,88.089
7064,1994-03-05,71.72
7065,1994-03-06,52.274
7066,1994-03-07,50.355
7067,1994-03-08,51.631
7068,1994-03-09,48.468
7069,1994-03-10,65.884
7070,1994-03-11,55.544
7071,1994-03-12,47.228
7072,1994-03-13,45.395
7073,1994-03-14,40.093
7074,1994-03-15,37.276
7075,1994-03-16,36.723
7076,1994-03-17,35.089
7077,1994-03-18,39.522
7078,1994-03-19,41.246
7079,1994-03-20,47.846
7080,1994-03-21,48.468
7081,1994-03-22,46.003
7082,1994-03-23,41.246
7083,1994-03-24,38.955
7084,1994-03-25,34.551
7085,1994-03-26,37.276
7086,1994-03-27,35.63
7087,1994-03-28,35.089
7088,1994-03-29,34.551
7089,1994-03-30,33.487
7090,1994-03-31,31.404
7091,1994-04-01,31.404
7092,1994-04-02,32.438
7093,1994-04-03,26.938
7094,1994-04-04,27.904
7095,1994-04-05,24.591
7096,1994-04-06,38.392
7097,1994-04-07,52.274
7098,1994-04-08,53.571
7099,1994-04-09,53.571
7100,1994-04-10,39.522
7101,1994-04-11,37.832
7102,1994-04-12,35.089
7103,1994-04-13,30.893
7104,1994-04-14,27.419
7105,1994-04-15,30.893
7106,1994-04-16,24.591
7107,1994-04-17,26.461
7108,1994-04-18,26.938
7109,1994-04-19,41.246
7110,1994-04-20,40.093
7111,1994-04-21,41.246
7112,1994-04-22,81.676
7113,1994-04-23,94.72
7114,1994-04-24,117.746
7115,1994-04-25,191.819
7116,1994-04-26,180.415
7117,1994-04-27,215.562
7118,1994-04-28,207.11
7119,1994-04-29,126.237
7120,1994-04-30,88.906
7121,1994-05-01,63.753
7122,1994-05-02,49.722
7123,1994-05-03,38.392
7124,1994-05-04,76.243
7125,1994-05-05,115.895
7126,1994-05-06,63.049
7127,1994-05-07,56.208
7128,1994-05-08,47.846
7129,1994-05-09,52.921
7130,1994-05-10,70.979
7131,1994-05-11,65.884
7132,1994-05-12,76.243
7133,1994-05-13,68.047
7134,1994-05-14,78.551
7135,1994-05-15,94.72
7136,1994-05-16,70.979
7137,1994-05-17,53.571
7138,1994-05-18,47.846
7139,1994-05-19,49.093
7140,1994-05-20,37.832
7141,1994-05-21,46.613
7142,1994-05-22,40.668
7143,1994-05-23,40.093
7144,1994-05-24,47.846
7145,1994-05-25,61.653
7146,1994-05-26,61.653
7147,1994-05-27,88.089
7148,1994-05-28,65.884
7149,1994-05-29,58.902
7150,1994-05-30,50.355
7151,1994-05-31,108.624
7152,1994-06-01,273.48
7153,1994-06-02,234.18
7154,1994-06-03,160.683
7155,1994-06-04,177.055
7156,1994-06-05,150.166
7157,1994-06-06,183.803
7158,1994-06-07,182.671
7159,1994-06-08,177.055
7160,1994-06-09,139.969
7161,1994-06-10,132.044
7162,1994-06-11,93.879
7163,1994-06-12,81.676
7164,1994-06-13,68.774
7165,1994-06-14,63.753
7166,1994-06-15,59.585
7167,1994-06-16,61.653
7168,1994-06-17,63.753
7169,1994-06-18,68.047
7170,1994-06-19,118.676
7171,1994-06-20,273.48
7172,1994-06-21,218.004
7173,1994-06-22,157.494
7174,1994-06-23,141.983
7175,1994-06-24,93.879
7176,1994-06-25,81.676
7177,1994-06-26,78.551
7178,1994-06-27,77.778
7179,1994-06-28,63.049
7180,1994-06-29,58.902
7181,1994-06-30,56.208
7182,1994-07-01,110.422
7183,1994-07-02,139.969
7184,1994-07-03,120.547
7185,1994-07-04,171.519
7186,1994-07-05,306.876
7187,1994-07-06,589.625
7188,1994-07-07,757.949
7189,1994-07-08,848.028
7190,1994-07-09,531.654
7191,1994-07-10,348.005
7192,1994-07-11,230.401
7193,1994-07-12,153.287
7194,1994-07-13,120.547
7195,1994-07-14,105.952
7196,1994-07-15,100.698
7197,1994-07-16,90.55
7198,1994-07-17,88.089
7199,1994-07-18,87.276
7200,1994-07-19,84.055
7201,1994-07-20,76.243
7202,1994-07-21,74.722
7203,1994-07-22,84.055
7204,1994-07-23,88.906
7205,1994-07-24,86.466
7206,1994-07-25,85.659
7207,1994-07-26,78.551
7208,1994-07-27,83.259
7209,1994-07-28,68.774
7210,1994-07-29,80.106
7211,1994-07-30,189.513
7212,1994-07-31,231.658
7213,1994-08-01,199.987
7214,1994-08-02,175.942
7215,1994-08-03,135.981
7216,1994-08-04,96.411
7217,1994-08-05,85.659
7218,1994-08-06,71.72
7219,1994-08-07,63.049
7220,1994-08-08,52.274
7221,1994-08-09,63.049
7222,1994-08-10,98.116
7223,1994-08-11,96.411
7224,1994-08-12,88.089
7225,1994-08-13,81.676
7226,1994-08-14,67.322
7227,1994-08-15,66.601
7228,1994-08-16,76.243
7229,1994-08-17,92.208
7230,1994-08-18,115.895
7231,1994-08-19,101.565
7232,1994-08-20,73.966
7233,1994-08-21,57.548
7234,1994-08-22,60.271
7235,1994-08-23,50.355
7236,1994-08-24,50.355
7237,1994-08-25,46.003
7238,1994-08-26,46.613
7239,1994-08-27,42.413
7240,1994-08-28,40.093
7241,1994-08-29,51.631
7242,1994-08-30,60.271
7243,1994-08-31,53.571
7244,1994-09-01,50.991
7245,1994-09-02,44.192
7246,1994-09-03,43.002
7247,1994-09-04,40.668
7248,1994-09-05,35.089
7249,1994-09-06,36.723
7250,1994-09-07,41.246
7251,1994-09-08,41.246
7252,1994-09-09,44.192
7253,1994-09-10,44.192
7254,1994-09-11,37.832
7255,1994-09-12,35.63
7256,1994-09-13,114.975
7257,1994-09-14,363.254
7258,1994-09-15,370.988
7259,1994-09-16,277.56
7260,1994-09-17,186.078
7261,1994-09-18,145.027
7262,1994-09-19,93.042
7263,1994-09-20,69.506
7264,1994-09-21,58.224
7265,1994-09-22,56.877
7266,1994-09-23,40.093
7267,1994-09-24,40.093
7268,1994-09-25,41.246
7269,1994-09-26,44.792
7270,1994-09-27,49.093
7271,1994-09-28,50.991
7272,1994-09-29,47.228
7273,1994-09-30,43.002
7274,1994-10-01,40.668
7275,1994-10-02,37.832
7276,1994-10-03,40.093
7277,1994-10-04,41.246
7278,1994-10-05,38.392
7279,1994-10-06,38.955
7280,1994-10-07,36.723
7281,1994-10-08,35.089
7282,1994-10-09,34.551
7283,1994-10-10,35.63
7284,1994-10-11,40.093
7285,1994-10-12,38.955
7286,1994-10-13,58.224
7287,1994-10-14,163.9
7288,1994-10-15,158.554
7289,1994-10-16,158.554
7290,1994-10-17,154.334
7291,1994-10-18,126.237
7292,1994-10-19,102.436
7293,1994-10-20,150.166
7294,1994-10-21,153.287
7295,1994-10-22,127.196
7296,1994-10-23,117.746
7297,1994-10-24,134.992
7298,1994-10-25,128.159
7299,1994-10-26,90.55
7300,1994-10-27,76.243
7301,1994-10-28,55.544
7302,1994-10-29,48.468
7303,1994-10-30,43.002
7304,1994-10-31,43.595
7305,1994-11-01,52.274
7306,1994-11-02,71.72
7307,1994-11-03,78.551
7308,1994-11-04,98.116
7309,1994-11-05,195.301
7310,1994-11-06,321.298
7311,1994-11-07,276.197
7312,1994-11-08,209.509
7313,1994-11-09,180.415
7314,1994-11-10,144.009
7315,1994-11-11,107.73
7316,1994-11-12,105.952
7317,1994-11-13,88.089
7318,1994-11-14,82.466
7319,1994-11-15,77.778
7320,1994-11-16,73.966
7321,1994-11-17,72.465
7322,1994-11-18,70.979
7323,1994-11-19,60.271
7324,1994-11-20,58.224
7325,1994-11-21,52.274
7326,1994-11-22,49.722
7327,1994-11-23,46.003
7328,1994-11-24,43.002
7329,1994-11-25,42.413
7330,1994-11-26,40.668
7331,1994-11-27,39.522
7332,1994-11-28,36.723
7333,1994-11-29,38.392
7334,1994-11-30,40.093
7335,1994-12-01,38.955
7336,1994-12-02,37.276
7337,1994-12-03,36.723
7338,1994-12-04,68.047
7339,1994-12-05,103.31
7340,1994-12-06,85.659
7341,1994-12-07,70.979
7342,1994-12-08,51.631
7343,1994-12-09,41.246
7344,1994-12-10,39.522
7345,1994-12-11,38.392
7346,1994-12-12,35.63
7347,1994-12-13,35.089
7348,1994-12-14,34.017
7349,1994-12-15,47.846
7350,1994-12-16,77.778
7351,1994-12-17,70.24
7352,1994-12-18,88.906
7353,1994-12-19,48.468
7354,1994-12-20,46.613
7355,1994-12-21,35.63
7356,1994-12-22,37.276
7357,1994-12-23,37.276
7358,1994-12-24,34.551
7359,1994-12-25,33.487
7360,1994-12-26,31.919
7361,1994-12-27,38.392
7362,1994-12-28,40.668
7363,1994-12-29,40.668
7364,1994-12-30,40.093
7365,1994-12-31,40.093
7366,1995-01-01,36.175
7367,1995-01-02,36.175
7368,1995-01-03,30.893
7369,1995-01-04,34.017
7370,1995-01-05,39.522
7371,1995-01-06,31.404
7372,1995-01-07,26.938
7373,1995-01-08,27.419
7374,1995-01-09,33.487
7375,1995-01-10,98.116
7376,1995-01-11,68.774
7377,1995-01-12,56.208
7378,1995-01-13,38.955
7379,1995-01-14,56.208
7380,1995-01-15,65.17
7381,1995-01-16,99.834
7382,1995-01-17,126.237
7383,1995-01-18,127.196
7384,1995-01-19,112.233
7385,1995-01-20,66.601
7386,1995-01-21,46.003
7387,1995-01-22,58.224
7388,1995-01-23,39.522
7389,1995-01-24,36.175
7390,1995-01-25,35.089
7391,1995-01-26,36.723
7392,1995-01-27,37.832
7393,1995-01-28,36.175
7394,1995-01-29,34.017
7395,1995-01-30,31.404
7396,1995-01-31,28.393
7397,1995-02-01,26.938
7398,1995-02-02,24.591
7399,1995-02-03,24.591
7400,1995-02-04,24.591
7401,1995-02-05,24.591
7402,1995-02-06,22.782
7403,1995-02-07,23.679
7404,1995-02-08,22.34
7405,1995-02-09,23.229
7406,1995-02-10,35.63
7407,1995-02-11,26.461
7408,1995-02-12,21.036
7409,1995-02-13,21.036
7410,1995-02-14,21.901
7411,1995-02-15,27.904
7412,1995-02-16,26.938
7413,1995-02-17,32.961
7414,1995-02-18,30.893
7415,1995-02-19,25.053
7416,1995-02-20,23.679
7417,1995-02-21,21.036
7418,1995-02-22,18.534
7419,1995-02-23,18.941
7420,1995-02-24,29.382
7421,1995-02-25,54.225
7422,1995-02-26,66.601
7423,1995-02-27,63.753
7424,1995-02-28,60.96
7425,1995-03-01,72.465
7426,1995-03-02,65.884
7427,1995-03-03,64.46
7428,1995-03-04,85.659
7429,1995-03-05,106.839
7430,1995-03-06,81.676
7431,1995-03-07,64.46
7432,1995-03-08,73.214
7433,1995-03-09,73.966
7434,1995-03-10,67.322
7435,1995-03-11,52.274
7436,1995-03-12,44.192
7437,1995-03-13,41.246
7438,1995-03-14,37.276
7439,1995-03-15,35.63
7440,1995-03-16,30.385
7441,1995-03-17,25.988
7442,1995-03-18,23.679
7443,1995-03-19,22.34
7444,1995-03-20,22.782
7445,1995-03-21,20.609
7446,1995-03-22,21.036
7447,1995-03-23,22.782
7448,1995-03-24,43.595
7449,1995-03-25,41.828
7450,1995-03-26,36.723
7451,1995-03-27,37.276
7452,1995-03-28,24.133
7453,1995-03-29,22.34
7454,1995-03-30,21.467
7455,1995-03-31,21.901
7456,1995-04-01,21.036
7457,1995-04-02,22.34
7458,1995-04-03,22.782
7459,1995-04-04,20.186
7460,1995-04-05,21.901
7461,1995-04-06,21.467
7462,1995-04-07,18.534
7463,1995-04-08,16.176
7464,1995-04-09,18.941
7465,1995-04-10,19.353
7466,1995-04-11,17.337
7467,1995-04-12,15.797
7468,1995-04-13,17.732
7469,1995-04-14,16.176
7470,1995-04-15,16.559
7471,1995-04-16,15.797
7472,1995-04-17,13.608
7473,1995-04-18,14.321
7474,1995-04-19,14.684
7475,1995-04-20,19.767
7476,1995-04-21,21.467
7477,1995-04-22,19.353
7478,1995-04-23,19.353
7479,1995-04-24,18.941
7480,1995-04-25,15.422
7481,1995-04-26,14.321
7482,1995-04-27,14.684
7483,1995-04-28,12.91
7484,1995-04-29,14.321
7485,1995-04-30,12.91
7486,1995-05-01,13.608
7487,1995-05-02,13.608
7488,1995-05-03,13.257
7489,1995-05-04,14.684
7490,1995-05-05,13.962
7491,1995-05-06,12.91
7492,1995-05-07,13.257
7493,1995-05-08,15.422
7494,1995-05-09,16.176
7495,1995-05-10,19.767
7496,1995-05-11,18.534
7497,1995-05-12,12.568
7498,1995-05-13,12.568
7499,1995-05-14,13.962
7500,1995-05-15,15.422
7501,1995-05-16,17.732
7502,1995-05-17,14.321
7503,1995-05-18,16.176
7504,1995-05-19,13.962
7505,1995-05-20,12.23
7506,1995-05-21,12.23
7507,1995-05-22,13.608
7508,1995-05-23,13.257
7509,1995-05-24,10.601
7510,1995-05-25,9.675
7511,1995-05-26,13.962
7512,1995-05-27,9.675
7513,1995-05-28,13.257
7514,1995-05-29,11.896
7515,1995-05-30,9.675
7516,1995-05-31,9.675
7517,1995-06-01,10.288
7518,1995-06-02,11.896
7519,1995-06-03,8.215
7520,1995-06-04,7.936
7521,1995-06-05,9.979
7522,1995-06-06,7.391
7523,1995-06-07,8.215
7524,1995-06-08,12.91
7525,1995-06-09,12.568
7526,1995-06-10,28.393
7527,1995-06-11,59.585
7528,1995-06-12,43.595
7529,1995-06-13,36.175
7530,1995-06-14,33.487
7531,1995-06-15,21.036
7532,1995-06-16,21.036
7533,1995-06-17,18.131
7534,1995-06-18,17.337
7535,1995-06-19,17.337
7536,1995-06-20,15.051
7537,1995-06-21,13.962
7538,1995-06-22,13.257
7539,1995-06-23,13.257
7540,1995-06-24,12.91
7541,1995-06-25,13.257
7542,1995-06-26,15.051
7543,1995-06-27,16.946
7544,1995-06-28,35.63
7545,1995-06-29,50.991
7546,1995-06-30,70.24
7547,1995-07-01,60.96
7548,1995-07-02,46.003
7549,1995-07-03,32.438
7550,1995-07-04,28.393
7551,1995-07-05,28.393
7552,1995-07-06,35.089
7553,1995-07-07,84.855
7554,1995-07-08,98.116
7555,1995-07-09,80.889
7556,1995-07-10,61.653
7557,1995-07-11,41.828
7558,1995-07-12,37.832
7559,1995-07-13,37.832
7560,1995-07-14,29.382
7561,1995-07-15,25.053
7562,1995-07-16,23.229
7563,1995-07-17,32.438
7564,1995-07-18,95.564
7565,1995-07-19,112.233
7566,1995-07-20,154.334
7567,1995-07-21,130.095
7568,1995-07-22,103.31
7569,1995-07-23,81.676
7570,1995-07-24,68.047
7571,1995-07-25,46.003
7572,1995-07-26,40.668
7573,1995-07-27,35.63
7574,1995-07-28,34.551
7575,1995-07-29,37.276
7576,1995-07-30,31.919
7577,1995-07-31,61.653
7578,1995-08-01,77.778
7579,1995-08-02,67.322
7580,1995-08-03,63.753
7581,1995-08-04,61.653
7582,1995-08-05,61.653
7583,1995-08-06,64.46
7584,1995-08-07,60.96
7585,1995-08-08,68.047
7586,1995-08-09,63.753
7587,1995-08-10,53.571
7588,1995-08-11,47.846
7589,1995-08-12,41.828
7590,1995-08-13,36.723
7591,1995-08-14,34.551
7592,1995-08-15,40.093
7593,1995-08-16,37.832
7594,1995-08-17,35.089
7595,1995-08-18,38.955
7596,1995-08-19,43.595
7597,1995-08-20,47.846
7598,1995-08-21,47.228
7599,1995-08-22,47.228
7600,1995-08-23,40.668
7601,1995-08-24,41.828
7602,1995-08-25,40.668
7603,1995-08-26,35.63
7604,1995-08-27,34.551
7605,1995-08-28,35.63
7606,1995-08-29,35.63
7607,1995-08-30,36.175
7608,1995-08-31,35.089
7609,1995-09-01,34.551
7610,1995-09-02,34.017
7611,1995-09-03,30.893
7612,1995-09-04,28.885
7613,1995-09-05,27.419
7614,1995-09-06,26.938
7615,1995-09-07,25.518
7616,1995-09-08,26.938
7617,1995-09-09,23.679
7618,1995-09-10,23.679
7619,1995-09-11,23.679
7620,1995-09-12,31.919
7621,1995-09-13,59.585
7622,1995-09-14,67.322
7623,1995-09-15,73.214
7624,1995-09-16,73.214
7625,1995-09-17,62.349
7626,1995-09-18,38.955
7627,1995-09-19,35.63
7628,1995-09-20,35.089
7629,1995-09-21,33.487
7630,1995-09-22,35.089
7631,1995-09-23,34.017
7632,1995-09-24,33.487
7633,1995-09-25,29.382
7634,1995-09-26,31.919
7635,1995-09-27,28.885
7636,1995-09-28,25.988
7637,1995-09-29,31.404
7638,1995-09-30,40.093
7639,1995-10-01,45.395
7640,1995-10-02,60.271
7641,1995-10-03,49.093
7642,1995-10-04,56.877
7643,1995-10-05,248.273
7644,1995-10-06,264.066
7645,1995-10-07,182.671
7646,1995-10-08,208.308
7647,1995-10-09,120.547
7648,1995-10-10,77.778
7649,1995-10-11,63.753
7650,1995-10-12,48.468
7651,1995-10-13,46.003
7652,1995-10-14,40.093
7653,1995-10-15,39.522
7654,1995-10-16,37.832
7655,1995-10-17,35.089
7656,1995-10-18,29.382
7657,1995-10-19,31.404
7658,1995-10-20,28.393
7659,1995-10-21,25.988
7660,1995-10-22,25.053
7661,1995-10-23,27.419
7662,1995-10-24,25.518
7663,1995-10-25,25.053
7664,1995-10-26,23.679
7665,1995-10-27,28.393
7666,1995-10-28,39.522
7667,1995-10-29,41.246
7668,1995-10-30,41.828
7669,1995-10-31,34.551
7670,1995-11-01,29.382
7671,1995-11-02,24.133
7672,1995-11-03,23.679
7673,1995-11-04,22.34
7674,1995-11-05,21.467
7675,1995-11-06,19.767
7676,1995-11-07,20.186
7677,1995-11-08,20.186
7678,1995-11-09,18.941
7679,1995-11-10,17.732
7680,1995-11-11,16.559
7681,1995-11-12,17.732
7682,1995-11-13,23.229
7683,1995-11-14,21.901
7684,1995-11-15,30.385
7685,1995-11-16,28.393
7686,1995-11-17,24.591
7687,1995-11-18,19.767
7688,1995-11-19,17.337
7689,1995-11-20,17.337
7690,1995-11-21,15.422
7691,1995-11-22,15.051
7692,1995-11-23,13.962
7693,1995-11-24,15.797
7694,1995-11-25,11.896
7695,1995-11-26,13.257
7696,1995-11-27,14.684
7697,1995-11-28,13.962
7698,1995-11-29,11.566
7699,1995-11-30,12.91
7700,1995-12-01,15.422
7701,1995-12-02,9.078
7702,1995-12-03,13.608
7703,1995-12-04,12.91
7704,1995-12-05,13.257
7705,1995-12-06,9.374
7706,1995-12-07,8.786
7707,1995-12-08,8.786
7708,1995-12-09,8.498
7709,1995-12-10,9.675
7710,1995-12-11,10.601
7711,1995-12-12,9.979
7712,1995-12-13,6.864
7713,1995-12-14,9.675
7714,1995-12-15,7.661
7715,1995-12-16,6.353
7716,1995-12-17,7.391
7717,1995-12-18,9.675
7718,1995-12-19,6.606
7719,1995-12-20,7.125
7720,1995-12-21,9.374
7721,1995-12-22,9.374
7722,1995-12-23,6.864
7723,1995-12-24,8.498
7724,1995-12-25,9.675
7725,1995-12-26,12.568
7726,1995-12-27,12.91
7727,1995-12-28,14.321
7728,1995-12-29,13.257
7729,1995-12-30,8.215
7730,1995-12-31,9.675
7731,1996-01-01,9.374
7732,1996-01-02,7.936
7733,1996-01-03,8.786
7734,1996-01-04,8.786
7735,1996-01-05,6.864
7736,1996-01-06,9.979
7737,1996-01-07,9.675
7738,1996-01-08,9.675
7739,1996-01-09,7.391
7740,1996-01-10,7.936
7741,1996-01-11,5.622
7742,1996-01-12,6.105
7743,1996-01-13,5.622
7744,1996-01-14,6.353
7745,1996-01-15,6.606
7746,1996-01-16,66.601
7747,1996-01-17,52.921
7748,1996-01-18,39.522
7749,1996-01-19,29.882
7750,1996-01-20,22.782
7751,1996-01-21,13.608
7752,1996-01-22,15.422
7753,1996-01-23,12.568
7754,1996-01-24,12.568
7755,1996-01-25,15.797
7756,1996-01-26,43.002
7757,1996-01-27,107.73
7758,1996-01-28,85.659
7759,1996-01-29,66.601
7760,1996-01-30,68.774
7761,1996-01-31,73.214
7762,1996-02-01,83.259
7763,1996-02-02,63.049
7764,1996-02-03,47.846
7765,1996-02-04,40.093
7766,1996-02-05,41.246
7767,1996-02-06,49.722
7768,1996-02-07,52.274
7769,1996-02-08,51.631
7770,1996-02-09,83.259
7771,1996-02-10,138.967
7772,1996-02-11,544.509
7773,1996-02-12,497.459
7774,1996-02-13,205.915
7775,1996-02-14,163.9
7776,1996-02-15,106.839
7777,1996-02-16,66.601
7778,1996-02-17,60.96
7779,1996-02-18,66.601
7780,1996-02-19,64.46
7781,1996-02-20,56.877
7782,1996-02-21,47.846
7783,1996-02-22,55.544
7784,1996-02-23,40.668
7785,1996-02-24,60.271
7786,1996-02-25,94.72
7787,1996-02-26,119.61
7788,1996-02-27,88.906
7789,1996-02-28,70.24
7790,1996-02-29,68.774
7791,1996-03-01,71.72
7792,1996-03-02,59.585
7793,1996-03-03,56.208
7794,1996-03-04,43.002
7795,1996-03-05,40.093
7796,1996-03-06,38.955
7797,1996-03-07,35.089
7798,1996-03-08,55.544
7799,1996-03-09,45.395
7800,1996-03-10,32.961
7801,1996-03-11,31.919
7802,1996-03-12,30.385
7803,1996-03-13,31.404
7804,1996-03-14,25.053
7805,1996-03-15,41.828
7806,1996-03-16,36.175
7807,1996-03-17,30.385
7808,1996-03-18,25.518
7809,1996-03-19,23.679
7810,1996-03-20,24.591
7811,1996-03-21,24.133
7812,1996-03-22,21.901
7813,1996-03-23,21.901
7814,1996-03-24,23.229
7815,1996-03-25,21.467
7816,1996-03-26,20.609
7817,1996-03-27,20.186
7818,1996-03-28,20.186
7819,1996-03-29,19.353
7820,1996-03-30,57.548
7821,1996-03-31,87.276
7822,1996-04-01,69.506
7823,1996-04-02,56.208
7824,1996-04-03,54.225
7825,1996-04-04,162.825
7826,1996-04-05,378.796
7827,1996-04-06,306.876
7828,1996-04-07,241.821
7829,1996-04-08,187.22
7830,1996-04-09,133.023
7831,1996-04-10,99.834
7832,1996-04-11,89.727
7833,1996-04-12,95.564
7834,1996-04-13,78.551
7835,1996-04-14,51.631
7836,1996-04-15,38.955
7837,1996-04-16,47.228
7838,1996-04-17,42.413
7839,1996-04-18,47.228
7840,1996-04-19,44.192
7841,1996-04-20,40.668
7842,1996-04-21,36.175
7843,1996-04-22,35.63
7844,1996-04-23,35.089
7845,1996-04-24,36.175
7846,1996-04-25,37.832
7847,1996-04-26,41.246
7848,1996-04-27,42.413
7849,1996-04-28,41.246
7850,1996-04-29,35.089
7851,1996-04-30,34.017
7852,1996-05-01,30.893
7853,1996-05-02,35.63
7854,1996-05-03,34.551
7855,1996-05-04,32.961
7856,1996-05-05,27.904
7857,1996-05-06,28.393
7858,1996-05-07,25.988
7859,1996-05-08,25.053
7860,1996-05-09,25.053
7861,1996-05-10,24.591
7862,1996-05-11,22.782
7863,1996-05-12,22.782
7864,1996-05-13,22.34
7865,1996-05-14,21.467
7866,1996-05-15,21.467
7867,1996-05-16,21.036
7868,1996-05-17,21.036
7869,1996-05-18,21.467
7870,1996-05-19,21.901
7871,1996-05-20,21.467
7872,1996-05-21,22.34
7873,1996-05-22,20.609
7874,1996-05-23,21.036
7875,1996-05-24,18.941
7876,1996-05-25,19.767
7877,1996-05-26,18.534
7878,1996-05-27,18.534
7879,1996-05-28,18.131
7880,1996-05-29,18.131
7881,1996-05-30,18.534
7882,1996-05-31,22.34
7883,1996-06-01,24.591
7884,1996-06-02,37.276
7885,1996-06-03,35.089
7886,1996-06-04,34.551
7887,1996-06-05,31.919
7888,1996-06-06,23.229
7889,1996-06-07,19.767
7890,1996-06-08,16.946
7891,1996-06-09,16.946
7892,1996-06-10,16.946
7893,1996-06-11,16.559
7894,1996-06-12,17.732
7895,1996-06-13,16.176
7896,1996-06-14,16.176
7897,1996-06-15,15.797
7898,1996-06-16,232.918
7899,1996-06-17,234.18
7900,1996-06-18,108.624
7901,1996-06-19,62.349
7902,1996-06-20,55.544
7903,1996-06-21,54.225
7904,1996-06-22,50.355
7905,1996-06-23,63.049
7906,1996-06-24,52.921
7907,1996-06-25,40.668
7908,1996-06-26,46.003
7909,1996-06-27,67.322
7910,1996-06-28,102.436
7911,1996-06-29,88.906
7912,1996-06-30,71.72
7913,1996-07-01,65.884
7914,1996-07-02,53.571
7915,1996-07-03,41.246
7916,1996-07-04,43.002
7917,1996-07-05,40.093
7918,1996-07-06,36.175
7919,1996-07-07,30.893
7920,1996-07-08,202.349
7921,1996-07-09,207.11
7922,1996-07-10,127.196
7923,1996-07-11,103.31
7924,1996-07-12,80.889
7925,1996-07-13,60.271
7926,1996-07-14,53.571
7927,1996-07-15,48.468
7928,1996-07-16,46.003
7929,1996-07-17,44.192
7930,1996-07-18,43.002
7931,1996-07-19,40.668
7932,1996-07-20,37.832
7933,1996-07-21,40.093
7934,1996-07-22,47.228
7935,1996-07-23,45.395
7936,1996-07-24,38.955
7937,1996-07-25,37.276
7938,1996-07-26,36.723
7939,1996-07-27,35.089
7940,1996-07-28,34.551
7941,1996-07-29,31.404
7942,1996-07-30,30.893
7943,1996-07-31,30.385
7944,1996-08-01,30.893
7945,1996-08-02,30.893
7946,1996-08-03,25.053
7947,1996-08-04,25.988
7948,1996-08-05,25.518
7949,1996-08-06,25.518
7950,1996-08-07,25.988
7951,1996-08-08,27.419
7952,1996-08-09,105.068
7953,1996-08-10,243.105
7954,1996-08-11,207.11
7955,1996-08-12,156.438
7956,1996-08-13,134.992
7957,1996-08-14,98.973
7958,1996-08-15,98.973
7959,1996-08-16,93.879
7960,1996-08-17,69.506
7961,1996-08-18,60.271
7962,1996-08-19,51.631
7963,1996-08-20,45.395
7964,1996-08-21,39.522
7965,1996-08-22,40.093
7966,1996-08-23,38.392
7967,1996-08-24,35.63
7968,1996-08-25,35.089
7969,1996-08-26,33.487
7970,1996-08-27,34.551
7971,1996-08-28,58.224
7972,1996-08-29,66.601
7973,1996-08-30,66.601
7974,1996-08-31,85.659
7975,1996-09-01,133.023
7976,1996-09-02,136.973
7977,1996-09-03,114.975
7978,1996-09-04,93.879
7979,1996-09-05,114.975
7980,1996-09-06,70.979
7981,1996-09-07,47.846
7982,1996-09-08,41.828
7983,1996-09-09,38.955
7984,1996-09-10,42.413
7985,1996-09-11,43.002
7986,1996-09-12,40.668
7987,1996-09-13,37.832
7988,1996-09-14,36.723
7989,1996-09-15,33.487
7990,1996-09-16,39.522
7991,1996-09-17,43.002
7992,1996-09-18,37.276
7993,1996-09-19,35.63
7994,1996-09-20,32.438
7995,1996-09-21,31.919
7996,1996-09-22,25.518
7997,1996-09-23,33.487
7998,1996-09-24,36.723
7999,1996-09-25,38.392
8000,1996-09-26,38.955
8001,1996-09-27,44.792
8002,1996-09-28,44.192
8003,1996-09-29,44.792
8004,1996-09-30,41.828
8005,1996-10-01,37.276
8006,1996-10-02,35.63
8007,1996-10-03,32.961
8008,1996-10-04,34.017
8009,1996-10-05,31.919
8010,1996-10-06,32.961
8011,1996-10-07,34.017
8012,1996-10-08,36.723
8013,1996-10-09,46.003
8014,1996-10-10,60.271
8015,1996-10-11,179.292
8016,1996-10-12,129.126
8017,1996-10-13,98.116
8018,1996-10-14,141.983
8019,1996-10-15,132.044
8020,1996-10-16,107.73
8021,1996-10-17,98.116
8022,1996-10-18,67.322
8023,1996-10-19,70.979
8024,1996-10-20,60.96
8025,1996-10-21,56.877
8026,1996-10-22,49.093
8027,1996-10-23,43.002
8028,1996-10-24,60.96
8029,1996-10-25,76.243
8030,1996-10-26,78.551
8031,1996-10-27,70.979
8032,1996-10-28,60.271
8033,1996-10-29,47.228
8034,1996-10-30,41.828
8035,1996-10-31,36.723
8036,1996-11-01,36.175
8037,1996-11-02,36.175
8038,1996-11-03,64.46
8039,1996-11-04,91.378
8040,1996-11-05,60.96
8041,1996-11-06,73.214
8042,1996-11-07,56.208
8043,1996-11-08,54.225
8044,1996-11-09,41.828
8045,1996-11-10,47.228
8046,1996-11-11,65.17
8047,1996-11-12,70.24
8048,1996-11-13,56.877
8049,1996-11-14,41.246
8050,1996-11-15,38.392
8051,1996-11-16,36.175
8052,1996-11-17,35.63
8053,1996-11-18,57.548
8054,1996-11-19,53.571
8055,1996-11-20,44.792
8056,1996-11-21,32.961
8057,1996-11-22,28.885
8058,1996-11-23,24.591
8059,1996-11-24,24.591
8060,1996-11-25,23.679
8061,1996-11-26,22.782
8062,1996-11-27,22.34
8063,1996-11-28,22.782
8064,1996-11-29,20.609
8065,1996-11-30,21.036
8066,1996-12-01,20.186
8067,1996-12-02,20.186
8068,1996-12-03,25.053
8069,1996-12-04,22.782
8070,1996-12-05,25.053
8071,1996-12-06,31.919
8072,1996-12-07,36.723
8073,1996-12-08,25.518
8074,1996-12-09,25.053
8075,1996-12-10,24.591
8076,1996-12-11,25.988
8077,1996-12-12,30.385
8078,1996-12-13,32.961
8079,1996-12-14,27.904
8080,1996-12-15,25.053
8081,1996-12-16,23.229
8082,1996-12-17,22.782
8083,1996-12-18,21.467
8084,1996-12-19,20.609
8085,1996-12-20,35.089
8086,1996-12-21,46.613
8087,1996-12-22,47.228
8088,1996-12-23,32.438
8089,1996-12-24,30.385
8090,1996-12-25,25.053
8091,1996-12-26,24.591
8092,1996-12-27,23.679
8093,1996-12-28,24.591
8094,1996-12-29,25.053
8095,1996-12-30,21.901
8096,1996-12-31,16.559
8097,1997-01-01,16.559
8098,1997-01-02,15.422
8099,1997-01-03,13.608
8100,1997-01-04,13.608
8101,1997-01-05,16.176
8102,1997-01-06,14.684
8103,1997-01-07,13.962
8104,1997-01-08,15.051
8105,1997-01-09,13.257
8106,1997-01-10,13.257
8107,1997-01-11,13.608
8108,1997-01-12,12.91
8109,1997-01-13,9.675
8110,1997-01-14,10.919
8111,1997-01-15,11.24
8112,1997-01-16,11.24
8113,1997-01-17,11.24
8114,1997-01-18,14.321
8115,1997-01-19,24.133
8116,1997-01-20,23.229
8117,1997-01-21,17.337
8118,1997-01-22,19.353
8119,1997-01-23,16.559
8120,1997-01-24,12.568
8121,1997-01-25,11.24
8122,1997-01-26,12.91
8123,1997-01-27,10.601
8124,1997-01-28,8.215
8125,1997-01-29,9.078
8126,1997-01-30,11.896
8127,1997-01-31,18.131
8128,1997-02-01,35.089
8129,1997-02-02,47.228
8130,1997-02-03,37.832
8131,1997-02-04,37.276
8132,1997-02-05,30.385
8133,1997-02-06,20.609
8134,1997-02-07,16.559
8135,1997-02-08,16.176
8136,1997-02-09,16.559
8137,1997-02-10,15.422
8138,1997-02-11,16.559
8139,1997-02-12,16.559
8140,1997-02-13,14.684
8141,1997-02-14,13.608
8142,1997-02-15,14.684
8143,1997-02-16,13.257
8144,1997-02-17,15.422
8145,1997-02-18,13.962
8146,1997-02-19,12.568
8147,1997-02-20,13.962
8148,1997-02-21,15.422
8149,1997-02-22,15.051
8150,1997-02-23,17.337
8151,1997-02-24,18.941
8152,1997-02-25,68.774
8153,1997-02-26,31.404
8154,1997-02-27,54.225
8155,1997-02-28,36.723
8156,1997-03-01,25.988
8157,1997-03-02,22.34
8158,1997-03-03,16.559
8159,1997-03-04,14.684
8160,1997-03-05,23.679
8161,1997-03-06,21.036
8162,1997-03-07,16.946
8163,1997-03-08,13.608
8164,1997-03-09,13.608
8165,1997-03-10,12.91
8166,1997-03-11,10.288
8167,1997-03-12,11.896
8168,1997-03-13,9.979
8169,1997-03-14,10.601
8170,1997-03-15,11.566
8171,1997-03-16,12.91
8172,1997-03-17,10.919
8173,1997-03-18,8.215
8174,1997-03-19,7.661
8175,1997-03-20,7.661
8176,1997-03-21,7.936
8177,1997-03-22,7.391
8178,1997-03-23,10.288
8179,1997-03-24,8.498
8180,1997-03-25,9.675
8181,1997-03-26,9.078
8182,1997-03-27,6.864
8183,1997-03-28,9.078
8184,1997-03-29,8.786
8185,1997-03-30,7.661
8186,1997-03-31,7.936
8187,1997-04-01,6.606
8188,1997-04-02,6.606
8189,1997-04-03,5.622
8190,1997-04-04,6.105
8191,1997-04-05,7.661
8192,1997-04-06,8.786
8193,1997-04-07,7.125
8194,1997-04-08,5.861
8195,1997-04-09,5.622
8196,1997-04-10,6.105
8197,1997-04-11,5.622
8198,1997-04-12,5.622
8199,1997-04-13,7.661
8200,1997-04-14,6.353
8201,1997-04-15,6.353
8202,1997-04-16,6.353
8203,1997-04-17,6.105
8204,1997-04-18,5.861
8205,1997-04-19,6.105
8206,1997-04-20,9.675
8207,1997-04-21,14.321
8208,1997-04-22,9.979
8209,1997-04-23,14.321
8210,1997-04-24,9.374
8211,1997-04-25,12.23
8212,1997-04-26,11.566
8213,1997-04-27,11.566
8214,1997-04-28,10.288
8215,1997-04-29,8.215
8216,1997-04-30,8.215
8217,1997-05-01,6.864
8218,1997-05-02,9.979
8219,1997-05-03,5.861
8220,1997-05-04,7.936
8221,1997-05-05,7.391
8222,1997-05-06,6.353
8223,1997-05-07,7.936
8224,1997-05-08,5.861
8225,1997-05-09,6.606
8226,1997-05-10,5.622
8227,1997-05-11,6.353
8228,1997-05-12,4.28
8229,1997-05-13,5.387
8230,1997-05-14,5.622
8231,1997-05-15,5.622
8232,1997-05-16,5.622
8233,1997-05-17,4.931
8234,1997-05-18,6.864
8235,1997-05-19,6.864
8236,1997-05-20,7.391
8237,1997-05-21,24.133
8238,1997-05-22,21.467
8239,1997-05-23,22.34
8240,1997-05-24,17.337
8241,1997-05-25,15.797
8242,1997-05-26,13.608
8243,1997-05-27,11.24
8244,1997-05-28,38.392
8245,1997-05-29,43.002
8246,1997-05-30,37.832
8247,1997-05-31,25.518
8248,1997-06-01,22.782
8249,1997-06-02,20.186
8250,1997-06-03,17.732
8251,1997-06-04,16.559
8252,1997-06-05,16.946
8253,1997-06-06,16.946
8254,1997-06-07,15.051
8255,1997-06-08,14.321
8256,1997-06-09,13.257
8257,1997-06-10,12.91
8258,1997-06-11,12.91
8259,1997-06-12,12.568
8260,1997-06-13,12.23
8261,1997-06-14,54.225
8262,1997-06-15,91.378
8263,1997-06-16,78.551
8264,1997-06-17,56.208
8265,1997-06-18,27.419
8266,1997-06-19,56.208
8267,1997-06-20,98.973
8268,1997-06-21,89.727
8269,1997-06-22,53.571
8270,1997-06-23,53.571
8271,1997-06-24,50.355
8272,1997-06-25,38.392
8273,1997-06-26,36.175
8274,1997-06-27,40.093
8275,1997-06-28,30.385
8276,1997-06-29,25.053
8277,1997-06-30,89.727
8278,1997-07-01,22.782
8279,1997-07-02,22.782
8280,1997-07-03,23.229
8281,1997-07-04,21.467
8282,1997-07-05,21.901
8283,1997-07-06,21.901
8284,1997-07-07,20.609
8285,1997-07-08,20.609
8286,1997-07-09,31.404
8287,1997-07-10,33.487
8288,1997-07-11,25.053
8289,1997-07-12,23.679
8290,1997-07-13,22.782
8291,1997-07-14,19.353
8292,1997-07-15,19.353
8293,1997-07-16,20.609
8294,1997-07-17,41.828
8295,1997-07-18,30.893
8296,1997-07-19,33.487
8297,1997-07-20,45.395
8298,1997-07-21,52.921
8299,1997-07-22,47.228
8300,1997-07-23,41.246
8301,1997-07-24,38.955
8302,1997-07-25,35.63
8303,1997-07-26,25.053
8304,1997-07-27,22.782
8305,1997-07-28,23.229
8306,1997-07-29,20.609
8307,1997-07-30,16.559
8308,1997-07-31,18.534
8309,1997-08-01,21.901
8310,1997-08-02,31.404
8311,1997-08-03,60.96
8312,1997-08-04,134.006
8313,1997-08-05,89.727
8314,1997-08-06,73.214
8315,1997-08-07,70.979
8316,1997-08-08,55.544
8317,1997-08-09,41.246
8318,1997-08-10,37.276
8319,1997-08-11,35.089
8320,1997-08-12,35.089
8321,1997-08-13,27.904
8322,1997-08-14,26.938
8323,1997-08-15,25.053
8324,1997-08-16,23.679
8325,1997-08-17,22.34
8326,1997-08-18,22.34
8327,1997-08-19,22.782
8328,1997-08-20,46.003
8329,1997-08-21,166.061
8330,1997-08-22,202.349
8331,1997-08-23,145.027
8332,1997-08-24,102.436
8333,1997-08-25,75.481
8334,1997-08-26,59.585
8335,1997-08-27,43.002
8336,1997-08-28,37.832
8337,1997-08-29,35.089
8338,1997-08-30,32.961
8339,1997-08-31,32.961
8340,1997-09-01,27.419
8341,1997-09-02,25.053
8342,1997-09-03,25.053
8343,1997-09-04,24.591
8344,1997-09-05,24.591
8345,1997-09-06,25.053
8346,1997-09-07,25.053
8347,1997-09-08,31.919
8348,1997-09-09,30.385
8349,1997-09-10,24.591
8350,1997-09-11,22.34
8351,1997-09-12,22.34
8352,1997-09-13,20.609
8353,1997-09-14,21.901
8354,1997-09-15,20.186
8355,1997-09-16,19.353
8356,1997-09-17,21.467
8357,1997-09-18,20.609
8358,1997-09-19,18.534
8359,1997-09-20,20.609
8360,1997-09-21,17.337
8361,1997-09-22,17.732
8362,1997-09-23,22.782
8363,1997-09-24,18.534
8364,1997-09-25,18.131
8365,1997-09-26,16.946
8366,1997-09-27,16.176
8367,1997-09-28,29.882
8368,1997-09-29,161.752
8369,1997-09-30,175.942
8370,1997-10-01,180.415
8371,1997-10-02,178.172
8372,1997-10-03,130.095
8373,1997-10-04,155.385
8374,1997-10-05,318.39
8375,1997-10-06,495.688
8376,1997-10-07,492.153
8377,1997-10-08,304.027
8378,1997-10-09,239.262
8379,1997-10-10,236.715
8380,1997-10-11,276.197
8381,1997-10-12,265.402
8382,1997-10-13,749.404
8383,1997-10-14,882.114
8384,1997-10-15,882.114
8385,1997-10-16,882.114
8386,1997-10-17,882.114
8387,1997-10-18,684.661
8388,1997-10-19,469.457
8389,1997-10-20,262.733
8390,1997-10-21,243.105
8391,1997-10-22,318.39
8392,1997-10-23,258.753
8393,1997-10-24,174.831
8394,1997-10-25,161.752
8395,1997-10-26,136.973
8396,1997-10-27,130.095
8397,1997-10-28,119.61
8398,1997-10-29,386.676
8399,1997-10-30,581.994
8400,1997-10-31,580.093
8401,1997-11-01,325.683
8402,1997-11-02,269.427
8403,1997-11-03,370.988
8404,1997-11-04,333.049
8405,1997-11-05,476.389
8406,1997-11-06,773.006
8407,1997-11-07,882.114
8408,1997-11-08,882.114
8409,1997-11-09,870.685
8410,1997-11-10,646.281
8411,1997-11-11,340.49
8412,1997-11-12,269.427
8413,1997-11-13,232.918
8414,1997-11-14,249.572
8415,1997-11-15,218.004
8416,1997-11-16,188.365
8417,1997-11-17,168.235
8418,1997-11-18,133.023
8419,1997-11-19,114.058
8420,1997-11-20,89.727
8421,1997-11-21,93.879
8422,1997-11-22,92.208
8423,1997-11-23,142.994
8424,1997-11-24,97.262
8425,1997-11-25,88.906
8426,1997-11-26,85.659
8427,1997-11-27,89.727
8428,1997-11-28,90.55
8429,1997-11-29,91.378
8430,1997-11-30,90.55
8431,1997-12-01,87.276
8432,1997-12-02,71.72
8433,1997-12-03,68.047
8434,1997-12-04,63.753
8435,1997-12-05,56.877
8436,1997-12-06,52.921
8437,1997-12-07,49.722
8438,1997-12-08,36.723
8439,1997-12-09,47.846
8440,1997-12-10,46.003
8441,1997-12-11,44.792
8442,1997-12-12,63.753
8443,1997-12-13,57.548
8444,1997-12-14,58.902
8445,1997-12-15,58.902
8446,1997-12-16,58.902
8447,1997-12-17,50.991
8448,1997-12-18,46.003
8449,1997-12-19,40.668
8450,1997-12-20,36.723
8451,1997-12-21,41.246
8452,1997-12-22,53.571
8453,1997-12-23,102.436
8454,1997-12-24,150.166
8455,1997-12-25,141.983
8456,1997-12-26,82.466
8457,1997-12-27,96.411
8458,1997-12-28,262.733
8459,1997-12-29,464.287
8460,1997-12-30,606.959
8461,1997-12-31,616.685
8462,1998-01-01,818.975
8463,1998-01-02,427.167
8464,1998-01-03,219.23
8465,1998-01-04,254.8
8466,1998-01-05,121.487
8467,1998-01-06,89.727
8468,1998-01-07,89.727
8469,1998-01-08,89.727
8470,1998-01-09,89.727
8471,1998-01-10,77.778
8472,1998-01-11,66.601
8473,1998-01-12,68.047
8474,1998-01-13,60.96
8475,1998-01-14,57.548
8476,1998-01-15,57.548
8477,1998-01-16,54.225
8478,1998-01-17,52.274
8479,1998-01-18,48.468
8480,1998-01-19,46.613
8481,1998-01-20,40.668
8482,1998-01-21,40.668
8483,1998-01-22,40.668
8484,1998-01-23,41.246
8485,1998-01-24,52.921
8486,1998-01-25,90.55
8487,1998-01-26,125.28
8488,1998-01-27,222.926
8489,1998-01-28,235.446
8490,1998-01-29,125.28
8491,1998-01-30,120.547
8492,1998-01-31,219.23
8493,1998-02-01,252.18
8494,1998-02-02,278.926
8495,1998-02-03,184.939
8496,1998-02-04,268.082
8497,1998-02-05,366.339
8498,1998-02-06,241.821
8499,1998-02-07,265.402
8500,1998-02-08,213.131
8501,1998-02-09,166.061
8502,1998-02-10,188.365
8503,1998-02-11,188.365
8504,1998-02-12,164.979
8505,1998-02-13,132.044
8506,1998-02-14,129.126
8507,1998-02-15,89.727
8508,1998-02-16,76.243
8509,1998-02-17,73.966
8510,1998-02-18,73.966
8511,1998-02-19,70.24
8512,1998-02-20,63.753
8513,1998-02-21,70.979
8514,1998-02-22,81.676
8515,1998-02-23,80.106
8516,1998-02-24,249.572
8517,1998-02-25,171.519
8518,1998-02-26,179.292
8519,1998-02-27,171.519
8520,1998-02-28,248.273
8521,1998-03-01,187.22
8522,1998-03-02,160.683
8523,1998-03-03,134.006
8524,1998-03-04,98.116
8525,1998-03-05,81.676
8526,1998-03-06,73.966
8527,1998-03-07,65.17
8528,1998-03-08,60.96
8529,1998-03-09,60.271
8530,1998-03-10,60.96
8531,1998-03-11,59.585
8532,1998-03-12,60.96
8533,1998-03-13,73.966
8534,1998-03-14,100.698
8535,1998-03-15,99.834
8536,1998-03-16,100.698
8537,1998-03-17,98.116
8538,1998-03-18,129.126
8539,1998-03-19,167.146
8540,1998-03-20,153.287
8541,1998-03-21,125.28
8542,1998-03-22,85.659
8543,1998-03-23,79.327
8544,1998-03-24,64.46
8545,1998-03-25,71.72
8546,1998-03-26,62.349
8547,1998-03-27,61.653
8548,1998-03-28,63.049
8549,1998-03-29,60.271
8550,1998-03-30,58.902
8551,1998-03-31,46.613
8552,1998-04-01,47.228
8553,1998-04-02,46.613
8554,1998-04-03,43.002
8555,1998-04-04,39.522
8556,1998-04-05,40.093
8557,1998-04-06,46.613
8558,1998-04-07,108.624
8559,1998-04-08,130.095
8560,1998-04-09,115.895
8561,1998-04-10,102.436
8562,1998-04-11,77.009
8563,1998-04-12,60.96
8564,1998-04-13,60.96
8565,1998-04-14,98.973
8566,1998-04-15,92.208
8567,1998-04-16,90.55
8568,1998-04-17,89.727
8569,1998-04-18,89.727
8570,1998-04-19,83.259
8571,1998-04-20,78.551
8572,1998-04-21,64.46
8573,1998-04-22,77.009
8574,1998-04-23,199.987
8575,1998-04-24,402.655
8576,1998-04-25,248.273
8577,1998-04-26,283.042
8578,1998-04-27,277.56
8579,1998-04-28,517.132
8580,1998-04-29,597.301
8581,1998-04-30,462.57
8582,1998-05-01,334.532
8583,1998-05-02,243.105
8584,1998-05-03,182.671
8585,1998-05-04,166.061
8586,1998-05-05,132.044
8587,1998-05-06,112.233
8588,1998-05-07,105.068
8589,1998-05-08,97.262
8590,1998-05-09,89.727
8591,1998-05-10,90.55
8592,1998-05-11,87.276
8593,1998-05-12,89.727
8594,1998-05-13,115.895
8595,1998-05-14,211.921
8596,1998-05-15,269.427
8597,1998-05-16,243.105
8598,1998-05-17,199.987
8599,1998-05-18,162.825
8600,1998-05-19,130.095
8601,1998-05-20,111.326
8602,1998-05-21,89.727
8603,1998-05-22,88.906
8604,1998-05-23,77.778
8605,1998-05-24,76.243
8606,1998-05-25,73.966
8607,1998-05-26,85.659
8608,1998-05-27,93.879
8609,1998-05-28,97.262
8610,1998-05-29,86.466
8611,1998-05-30,75.481
8612,1998-05-31,69.506
8613,1998-06-01,71.72
8614,1998-06-02,62.349
8615,1998-06-03,56.877
8616,1998-06-04,56.877
8617,1998-06-05,55.544
8618,1998-06-06,50.355
8619,1998-06-07,52.274
8620,1998-06-08,52.274
8621,1998-06-09,56.208
8622,1998-06-10,50.991
8623,1998-06-11,77.778
8624,1998-06-12,89.727
8625,1998-06-13,133.023
8626,1998-06-14,71.72
8627,1998-06-15,60.271
8628,1998-06-16,53.571
8629,1998-06-17,59.585
8630,1998-06-18,65.17
8631,1998-06-19,65.884
8632,1998-06-20,58.902
8633,1998-06-21,49.722
8634,1998-06-22,55.544
8635,1998-06-23,62.349
8636,1998-06-24,157.494
8637,1998-06-25,108.624
8638,1998-06-26,108.624
8639,1998-06-27,85.659
8640,1998-06-28,65.884
8641,1998-06-29,54.225
8642,1998-06-30,41.246
8643,1998-07-01,59.585
8644,1998-07-02,194.137
8645,1998-07-03,194.137
8646,1998-07-04,132.044
8647,1998-07-05,105.952
8648,1998-07-06,70.24
8649,1998-07-07,66.601
8650,1998-07-08,88.906
8651,1998-07-09,83.259
8652,1998-07-10,78.551
8653,1998-07-11,68.047
8654,1998-07-12,54.225
8655,1998-07-13,47.228
8656,1998-07-14,50.355
8657,1998-07-15,46.003
8658,1998-07-16,41.828
8659,1998-07-17,38.392
8660,1998-07-18,45.395
8661,1998-07-19,68.047
8662,1998-07-20,67.322
8663,1998-07-21,80.889
8664,1998-07-22,63.753
8665,1998-07-23,70.24
8666,1998-07-24,67.322
8667,1998-07-25,77.778
8668,1998-07-26,79.327
8669,1998-07-27,81.676
8670,1998-07-28,71.72
8671,1998-07-29,65.884
8672,1998-07-30,89.727
8673,1998-07-31,89.727
8674,1998-08-01,177.055
8675,1998-08-02,179.292
8676,1998-08-03,144.009
8677,1998-08-04,104.187
8678,1998-08-05,91.378
8679,1998-08-06,72.465
8680,1998-08-07,65.884
8681,1998-08-08,59.585
8682,1998-08-09,56.877
8683,1998-08-10,56.877
8684,1998-08-11,54.225
8685,1998-08-12,52.274
8686,1998-08-13,50.355
8687,1998-08-14,48.468
8688,1998-08-15,215.562
8689,1998-08-16,245.683
8690,1998-08-17,211.921
8691,1998-08-18,312.609
8692,1998-08-19,331.57
8693,1998-08-20,190.664
8694,1998-08-21,139.969
8695,1998-08-22,85.659
8696,1998-08-23,73.966
8697,1998-08-24,224.164
8698,1998-08-25,319.842
8699,1998-08-26,318.39
8700,1998-08-27,269.427
8701,1998-08-28,184.939
8702,1998-08-29,171.519
8703,1998-08-30,130.095
8704,1998-08-31,107.73
8705,1998-09-01,87.276
8706,1998-09-02,83.259
8707,1998-09-03,75.481
8708,1998-09-04,120.547
8709,1998-09-05,147.073
8710,1998-09-06,115.895
8711,1998-09-07,130.095
8712,1998-09-08,134.006
8713,1998-09-09,115.895
8714,1998-09-10,102.436
8715,1998-09-11,85.659
8716,1998-09-12,84.855
8717,1998-09-13,125.28
8718,1998-09-14,145.027
8719,1998-09-15,129.126
8720,1998-09-16,117.746
8721,1998-09-17,92.208
8722,1998-09-18,292.751
8723,1998-09-19,327.15
8724,1998-09-20,249.572
8725,1998-09-21,211.921
8726,1998-09-22,159.617
8727,1998-09-23,119.61
8728,1998-09-24,85.659
8729,1998-09-25,77.778
8730,1998-09-26,85.659
8731,1998-09-27,153.287
8732,1998-09-28,141.983
8733,1998-09-29,98.116
8734,1998-09-30,84.855
8735,1998-10-01,70.24
8736,1998-10-02,188.365
8737,1998-10-03,108.624
8738,1998-10-04,90.55
8739,1998-10-05,194.137
8740,1998-10-06,162.825
8741,1998-10-07,130.095
8742,1998-10-08,105.068
8743,1998-10-09,85.659
8744,1998-10-10,66.601
8745,1998-10-11,93.879
8746,1998-10-12,91.378
8747,1998-10-13,77.778
8748,1998-10-14,65.17
8749,1998-10-15,54.225
8750,1998-10-16,62.349
8751,1998-10-17,116.819
8752,1998-10-18,112.233
8753,1998-10-19,97.262
8754,1998-10-20,83.259
8755,1998-10-21,65.17
8756,1998-10-22,54.225
8757,1998-10-23,52.921
8758,1998-10-24,73.966
8759,1998-10-25,120.547
8760,1998-10-26,168.235
8761,1998-10-27,113.144
8762,1998-10-28,102.436
8763,1998-10-29,85.659
8764,1998-10-30,70.24
8765,1998-10-31,64.46
8766,1998-11-01,68.047
8767,1998-11-02,50.991
8768,1998-11-03,47.228
8769,1998-11-04,47.228
8770,1998-11-05,46.613
8771,1998-11-06,42.413
8772,1998-11-07,40.093
8773,1998-11-08,40.668
8774,1998-11-09,41.246
8775,1998-11-10,41.246
8776,1998-11-11,38.392
8777,1998-11-12,35.089
8778,1998-11-13,35.089
8779,1998-11-14,35.089
8780,1998-11-15,32.961
8781,1998-11-16,31.404
8782,1998-11-17,31.919
8783,1998-11-18,32.438
8784,1998-11-19,34.551
8785,1998-11-20,35.089
8786,1998-11-21,31.919
8787,1998-11-22,31.404
8788,1998-11-23,29.882
8789,1998-11-24,28.393
8790,1998-11-25,29.382
8791,1998-11-26,29.882
8792,1998-11-27,24.591
8793,1998-11-28,25.988
8794,1998-11-29,25.053
8795,1998-11-30,24.591
8796,1998-12-01,23.229
8797,1998-12-02,21.467
8798,1998-12-03,20.609
8799,1998-12-04,20.186
8800,1998-12-05,17.732
8801,1998-12-06,18.534
8802,1998-12-07,18.534
8803,1998-12-08,18.534
8804,1998-12-09,18.131
8805,1998-12-10,19.353
8806,1998-12-11,18.941
8807,1998-12-12,19.353
8808,1998-12-13,22.782
8809,1998-12-14,21.467
8810,1998-12-15,22.34
8811,1998-12-16,18.534
8812,1998-12-17,22.782
8813,1998-12-18,25.053
8814,1998-12-19,30.385
8815,1998-12-20,25.053
8816,1998-12-21,28.885
8817,1998-12-22,41.828
8818,1998-12-23,44.192
8819,1998-12-24,37.832
8820,1998-12-25,25.053
8821,1998-12-26,22.34
8822,1998-12-27,22.34
8823,1998-12-28,21.901
8824,1998-12-29,20.609
8825,1998-12-30,18.131
8826,1998-12-31,20.609
8827,1999-01-01,19.353
8828,1999-01-02,18.534
8829,1999-01-03,16.559
8830,1999-01-04,16.559
8831,1999-01-05,16.946
8832,1999-01-06,22.782
8833,1999-01-07,22.782
8834,1999-01-08,22.34
8835,1999-01-09,19.353
8836,1999-01-10,16.559
8837,1999-01-11,17.337
8838,1999-01-12,22.782
8839,1999-01-13,24.591
8840,1999-01-14,25.053
8841,1999-01-15,22.782
8842,1999-01-16,30.893
8843,1999-01-17,22.782
8844,1999-01-18,21.036
8845,1999-01-19,18.941
8846,1999-01-20,22.782
8847,1999-01-21,21.467
8848,1999-01-22,20.186
8849,1999-01-23,15.422
8850,1999-01-24,17.337
8851,1999-01-25,16.559
8852,1999-01-26,15.797
8853,1999-01-27,13.962
8854,1999-01-28,13.962
8855,1999-01-29,14.684
8856,1999-01-30,13.962
8857,1999-01-31,16.176
8858,1999-02-01,15.797
8859,1999-02-02,16.559
8860,1999-02-03,20.609
8861,1999-02-04,19.353
8862,1999-02-05,19.767
8863,1999-02-06,19.767
8864,1999-02-07,16.559
8865,1999-02-08,19.767
8866,1999-02-09,21.467
8867,1999-02-10,18.534
8868,1999-02-11,16.946
8869,1999-02-12,14.684
8870,1999-02-13,17.337
8871,1999-02-14,24.591
8872,1999-02-15,29.882
8873,1999-02-16,36.175
8874,1999-02-17,26.461
8875,1999-02-18,19.353
8876,1999-02-19,18.131
8877,1999-02-20,16.559
8878,1999-02-21,14.321
8879,1999-02-22,12.91
8880,1999-02-23,12.91
8881,1999-02-24,16.559
8882,1999-02-25,17.337
8883,1999-02-26,13.257
8884,1999-02-27,10.288
8885,1999-02-28,9.675
8886,1999-03-01,12.568
8887,1999-03-02,12.91
8888,1999-03-03,12.23
8889,1999-03-04,13.608
8890,1999-03-05,15.422
8891,1999-03-06,15.797
8892,1999-03-07,10.919
8893,1999-03-08,12.568
8894,1999-03-09,10.601
8895,1999-03-10,10.601
8896,1999-03-11,9.675
8897,1999-03-12,10.919
8898,1999-03-13,9.374
8899,1999-03-14,9.675
8900,1999-03-15,9.675
8901,1999-03-16,9.374
8902,1999-03-17,7.661
8903,1999-03-18,7.936
8904,1999-03-19,7.391
8905,1999-03-20,7.936
8906,1999-03-21,8.215
8907,1999-03-22,8.215
8908,1999-03-23,11.896
8909,1999-03-24,9.675
8910,1999-03-25,9.374
8911,1999-03-26,9.374
8912,1999-03-27,7.125
8913,1999-03-28,9.374
8914,1999-03-29,9.675
8915,1999-03-30,11.566
8916,1999-03-31,10.601
8917,1999-04-01,10.919
8918,1999-04-02,13.608
8919,1999-04-03,56.877
8920,1999-04-04,134.992
8921,1999-04-05,70.979
8922,1999-04-06,60.271
8923,1999-04-07,60.96
8924,1999-04-08,136.973
8925,1999-04-09,104.187
8926,1999-04-10,80.889
8927,1999-04-11,70.24
8928,1999-04-12,152.244
8929,1999-04-13,139.969
8930,1999-04-14,114.058
8931,1999-04-15,84.855
8932,1999-04-16,60.271
8933,1999-04-17,46.613
8934,1999-04-18,40.668
8935,1999-04-19,35.089
8936,1999-04-20,32.961
8937,1999-04-21,31.919
8938,1999-04-22,25.053
8939,1999-04-23,25.053
8940,1999-04-24,23.229
8941,1999-04-25,22.782
8942,1999-04-26,22.34
8943,1999-04-27,21.467
8944,1999-04-28,22.782
8945,1999-04-29,25.988
8946,1999-04-30,25.518
8947,1999-05-01,25.053
8948,1999-05-02,24.591
8949,1999-05-03,21.036
8950,1999-05-04,21.467
8951,1999-05-05,25.988
8952,1999-05-06,85.659
8953,1999-05-07,86.466
8954,1999-05-08,63.049
8955,1999-05-09,43.002
8956,1999-05-10,35.63
8957,1999-05-11,32.961
8958,1999-05-12,35.089
8959,1999-05-13,25.053
8960,1999-05-14,25.053
8961,1999-05-15,25.053
8962,1999-05-16,24.591
8963,1999-05-17,22.34
8964,1999-05-18,22.782
8965,1999-05-19,21.901
8966,1999-05-20,21.467
8967,1999-05-21,21.036
8968,1999-05-22,20.609
8969,1999-05-23,20.186
8970,1999-05-24,19.767
8971,1999-05-25,21.036
8972,1999-05-26,30.893
8973,1999-05-27,127.196
8974,1999-05-28,151.203
8975,1999-05-29,178.172
8976,1999-05-30,199.987
8977,1999-05-31,141.983
8978,1999-06-01,98.116
8979,1999-06-02,89.727
8980,1999-06-03,60.271
8981,1999-06-04,50.991
8982,1999-06-05,41.246
8983,1999-06-06,40.668
8984,1999-06-07,40.093
8985,1999-06-08,92.208
8986,1999-06-09,249.572
8987,1999-06-10,270.775
8988,1999-06-11,269.427
8989,1999-06-12,183.803
8990,1999-06-13,171.519
8991,1999-06-14,141.983
8992,1999-06-15,96.411
8993,1999-06-16,78.551
8994,1999-06-17,63.753
8995,1999-06-18,55.544
8996,1999-06-19,52.921
8997,1999-06-20,63.049
8998,1999-06-21,58.902
8999,1999-06-22,52.274
9000,1999-06-23,53.571
9001,1999-06-24,52.274
9002,1999-06-25,49.722
9003,1999-06-26,49.093
9004,1999-06-27,48.468
9005,1999-06-28,68.047
9006,1999-06-29,63.753
9007,1999-06-30,63.753
9008,1999-07-01,24.591
9009,1999-07-02,24.133
9010,1999-07-03,21.036
9011,1999-07-04,21.036
9012,1999-07-05,25.988
9013,1999-07-06,85.659
9014,1999-07-07,86.466
9015,1999-07-08,63.049
9016,1999-07-09,52.274
9017,1999-07-10,36.175
9018,1999-07-11,32.961
9019,1999-07-12,34.551
9020,1999-07-13,25.053
9021,1999-07-14,25.053
9022,1999-07-15,25.053
9023,1999-07-16,24.133
9024,1999-07-17,21.901
9025,1999-07-18,22.34
9026,1999-07-19,21.467
9027,1999-07-20,21.036
9028,1999-07-21,21.036
9029,1999-07-22,20.609
9030,1999-07-23,20.186
9031,1999-07-24,19.767
9032,1999-07-25,21.036
9033,1999-07-26,30.385
9034,1999-07-27,126.237
9035,1999-07-28,150.166
9036,1999-07-29,181.541
9037,1999-07-30,199.987
9038,1999-07-31,141.983
9039,1999-08-01,98.116
9040,1999-08-02,85.659
9041,1999-08-03,77.778
9042,1999-08-04,69.506
9043,1999-08-05,67.322
9044,1999-08-06,61.653
9045,1999-08-07,66.601
9046,1999-08-08,65.884
9047,1999-08-09,68.047
9048,1999-08-10,60.271
9049,1999-08-11,59.585
9050,1999-08-12,52.921
9051,1999-08-13,54.225
9052,1999-08-14,53.571
9053,1999-08-15,55.544
9054,1999-08-16,53.571
9055,1999-08-17,48.468
9056,1999-08-18,49.093
9057,1999-08-19,47.846
9058,1999-08-20,43.002
9059,1999-08-21,40.668
9060,1999-08-22,43.002
9061,1999-08-23,40.668
9062,1999-08-24,40.093
9063,1999-08-25,37.276
9064,1999-08-26,37.832
9065,1999-08-27,36.175
9066,1999-08-28,40.668
9067,1999-08-29,44.192
9068,1999-08-30,47.228
9069,1999-08-31,41.246
9070,1999-09-01,37.832
9071,1999-09-02,35.089
9072,1999-09-03,37.832
9073,1999-09-04,52.274
9074,1999-09-05,106.839
9075,1999-09-06,240.54
9076,1999-09-07,184.939
9077,1999-09-08,135.981
9078,1999-09-09,135.981
9079,1999-09-10,108.624
9080,1999-09-11,98.116
9081,1999-09-12,70.24
9082,1999-09-13,56.208
9083,1999-09-14,74.722
9084,1999-09-15,194.137
9085,1999-09-16,163.9
9086,1999-09-17,125.28
9087,1999-09-18,96.411
9088,1999-09-19,69.506
9089,1999-09-20,56.877
9090,1999-09-21,52.274
9091,1999-09-22,49.722
9092,1999-09-23,46.613
9093,1999-09-24,46.613
9094,1999-09-25,40.668
9095,1999-09-26,40.093
9096,1999-09-27,39.522
9097,1999-09-28,37.276
9098,1999-09-29,38.955
9099,1999-09-30,58.224
9100,1999-10-01,63.049
9101,1999-10-02,111.326
9102,1999-10-03,153.287
9103,1999-10-04,113.144
9104,1999-10-05,95.564
9105,1999-10-06,64.46
9106,1999-10-07,67.322
9107,1999-10-08,70.24
9108,1999-10-09,83.259
9109,1999-10-10,81.676
9110,1999-10-11,63.049
9111,1999-10-12,56.208
9112,1999-10-13,58.902
9113,1999-10-14,102.436
9114,1999-10-15,402.655
9115,1999-10-16,418.924
9116,1999-10-17,262.733
9117,1999-10-18,205.915
9118,1999-10-19,155.385
9119,1999-10-20,115.895
9120,1999-10-21,85.659
9121,1999-10-22,68.774
9122,1999-10-23,65.884
9123,1999-10-24,60.271
9124,1999-10-25,59.585
9125,1999-10-26,66.601
9126,1999-10-27,104.187
9127,1999-10-28,95.564
9128,1999-10-29,86.466
9129,1999-10-30,65.17
9130,1999-10-31,46.003
9131,1999-11-01,52.274
9132,1999-11-02,50.991
9133,1999-11-03,52.274
9134,1999-11-04,65.884
9135,1999-11-05,202.349
9136,1999-11-06,192.976
9137,1999-11-07,148.101
9138,1999-11-08,125.28
9139,1999-11-09,93.879
9140,1999-11-10,70.24
9141,1999-11-11,60.271
9142,1999-11-12,56.208
9143,1999-11-13,52.921
9144,1999-11-14,52.921
9145,1999-11-15,50.355
9146,1999-11-16,47.228
9147,1999-11-17,44.192
9148,1999-11-18,40.668
9149,1999-11-19,40.668
9150,1999-11-20,38.392
9151,1999-11-21,38.392
9152,1999-11-22,35.089
9153,1999-11-23,36.723
9154,1999-11-24,33.487
9155,1999-11-25,32.961
9156,1999-11-26,30.385
9157,1999-11-27,29.882
9158,1999-11-28,29.882
9159,1999-11-29,29.382
9160,1999-11-30,29.382
9161,1999-12-01,29.382
9162,1999-12-02,29.382
9163,1999-12-03,30.385
9164,1999-12-04,31.404
9165,1999-12-05,29.382
9166,1999-12-06,28.885
9167,1999-12-07,24.133
9168,1999-12-08,29.882
9169,1999-12-09,25.988
9170,1999-12-10,23.229
9171,1999-12-11,21.901
9172,1999-12-12,22.782
9173,1999-12-13,28.393
9174,1999-12-14,23.679
9175,1999-12-15,27.419
9176,1999-12-16,22.782
9177,1999-12-17,22.34
9178,1999-12-18,21.467
9179,1999-12-19,22.782
9180,1999-12-20,18.534
9181,1999-12-21,17.337
9182,1999-12-22,17.337
9183,1999-12-23,17.337
9184,1999-12-24,16.559
9185,1999-12-25,16.559
9186,1999-12-26,16.559
9187,1999-12-27,13.962
9188,1999-12-28,15.051
9189,1999-12-29,13.608
9190,1999-12-30,15.422
9191,1999-12-31,20.609
9192,2000-01-01,15.051
9193,2000-01-02,16.176
9194,2000-01-03,14.684
9195,2000-01-04,12.91
9196,2000-01-05,12.568
9197,2000-01-06,12.23
9198,2000-01-07,11.566
9199,2000-01-08,12.568
9200,2000-01-09,12.91
9201,2000-01-10,10.288
9202,2000-01-11,12.91
9203,2000-01-12,25.053
9204,2000-01-13,27.419
9205,2000-01-14,24.591
9206,2000-01-15,21.036
9207,2000-01-16,16.559
9208,2000-01-17,20.609
9209,2000-01-18,25.988
9210,2000-01-19,20.609
9211,2000-01-20,18.131
9212,2000-01-21,15.797
9213,2000-01-22,13.608
9214,2000-01-23,13.257
9215,2000-01-24,13.608
9216,2000-01-25,14.684
9217,2000-01-26,12.91
9218,2000-01-27,11.896
9219,2000-01-28,12.23
9220,2000-01-29,11.24
9221,2000-01-30,13.257
9222,2000-01-31,16.559
9223,2000-02-01,16.559
9224,2000-02-02,13.608
9225,2000-02-03,19.353
9226,2000-02-04,21.036
9227,2000-02-05,16.176
9228,2000-02-06,15.797
9229,2000-02-07,13.257
9230,2000-02-08,13.962
9231,2000-02-09,10.919
9232,2000-02-10,10.919
9233,2000-02-11,10.601
9234,2000-02-12,10.919
9235,2000-02-13,9.979
9236,2000-02-14,9.979
9237,2000-02-15,7.936
9238,2000-02-16,10.601
9239,2000-02-17,11.896
9240,2000-02-18,8.498
9241,2000-02-19,7.125
9242,2000-02-20,6.864
9243,2000-02-21,7.391
9244,2000-02-22,8.498
9245,2000-02-23,7.391
9246,2000-02-24,9.675
9247,2000-02-25,7.661
9248,2000-02-26,7.391
9249,2000-02-27,7.661
9250,2000-02-28,7.661
9251,2000-02-29,11.566
9252,2000-03-01,10.288
9253,2000-03-02,9.979
9254,2000-03-03,11.896
9255,2000-03-04,13.257
9256,2000-03-05,15.051
9257,2000-03-06,17.337
9258,2000-03-07,21.901
9259,2000-03-08,18.534
9260,2000-03-09,14.321
9261,2000-03-10,11.896
9262,2000-03-11,10.919
9263,2000-03-12,9.979
9264,2000-03-13,9.675
9265,2000-03-14,10.288
9266,2000-03-15,9.979
9267,2000-03-16,9.675
9268,2000-03-17,9.374
9269,2000-03-18,8.786
9270,2000-03-19,7.391
9271,2000-03-20,6.864
9272,2000-03-21,6.105
9273,2000-03-22,9.675
9274,2000-03-23,9.078
9275,2000-03-24,7.936
9276,2000-03-25,14.684
9277,2000-03-26,16.559
9278,2000-03-27,35.63
9279,2000-03-28,199.987
9280,2000-03-29,179.292
9281,2000-03-30,89.727
9282,2000-03-31,105.952
9283,2000-04-01,160.683
9284,2000-04-02,125.28
9285,2000-04-03,93.042
9286,2000-04-04,67.322
9287,2000-04-05,65.884
9288,2000-04-06,60.271
9289,2000-04-07,54.883
9290,2000-04-08,40.093
9291,2000-04-09,35.63
9292,2000-04-10,33.487
9293,2000-04-11,26.461
9294,2000-04-12,38.955
9295,2000-04-13,46.613
9296,2000-04-14,74.722
9297,2000-04-15,59.585
9298,2000-04-16,50.991
9299,2000-04-17,41.828
9300,2000-04-18,40.668
9301,2000-04-19,59.585
9302,2000-04-20,67.322
9303,2000-04-21,73.214
9304,2000-04-22,60.96
9305,2000-04-23,53.571
9306,2000-04-24,41.828
9307,2000-04-25,33.487
9308,2000-04-26,37.276
9309,2000-04-27,36.175
9310,2000-04-28,28.393
9311,2000-04-29,24.591
9312,2000-04-30,25.053
9313,2000-05-01,24.591
9314,2000-05-02,42.413
9315,2000-05-03,53.571
9316,2000-05-04,57.548
9317,2000-05-05,66.601
9318,2000-05-06,66.601
9319,2000-05-07,60.271
9320,2000-05-08,58.224
9321,2000-05-09,50.355
9322,2000-05-10,38.955
9323,2000-05-11,35.089
9324,2000-05-12,33.487
9325,2000-05-13,28.885
9326,2000-05-14,32.438
9327,2000-05-15,30.893
9328,2000-05-16,37.276
9329,2000-05-17,38.955
9330,2000-05-18,47.228
9331,2000-05-19,52.274
9332,2000-05-20,50.355
9333,2000-05-21,39.522
9334,2000-05-22,29.882
9335,2000-05-23,34.551
9336,2000-05-24,35.63
9337,2000-05-25,33.487
9338,2000-05-26,49.093
9339,2000-05-27,46.613
9340,2000-05-28,48.468
9341,2000-05-29,43.595
9342,2000-05-30,33.487
9343,2000-05-31,35.089
9344,2000-06-01,30.893
9345,2000-06-02,28.885
9346,2000-06-03,25.518
9347,2000-06-04,20.609
9348,2000-06-05,26.461
9349,2000-06-06,52.921
9350,2000-06-07,125.28
9351,2000-06-08,443.867
9352,2000-06-09,427.167
9353,2000-06-10,268.082
9354,2000-06-11,205.915
9355,2000-06-12,155.385
9356,2000-06-13,115.895
9357,2000-06-14,93.879
9358,2000-06-15,88.089
9359,2000-06-16,70.24
9360,2000-06-17,71.72
9361,2000-06-18,77.778
9362,2000-06-19,84.855
9363,2000-06-20,83.259
9364,2000-06-21,77.778
9365,2000-06-22,68.047
9366,2000-06-23,59.585
9367,2000-06-24,54.225
9368,2000-06-25,49.093
9369,2000-06-26,46.003
9370,2000-06-27,52.274
9371,2000-06-28,47.846
9372,2000-06-29,48.468
9373,2000-06-30,85.659
9374,2000-07-01,88.906
9375,2000-07-02,92.208
9376,2000-07-03,104.187
9377,2000-07-04,89.727
9378,2000-07-05,84.855
9379,2000-07-06,65.884
9380,2000-07-07,56.208
9381,2000-07-08,52.921
9382,2000-07-09,61.653
9383,2000-07-10,155.385
9384,2000-07-11,222.926
9385,2000-07-12,203.535
9386,2000-07-13,163.9
9387,2000-07-14,131.068
9388,2000-07-15,98.116
9389,2000-07-16,83.259
9390,2000-07-17,72.465
9391,2000-07-18,68.047
9392,2000-07-19,65.17
9393,2000-07-20,62.349
9394,2000-07-21,57.548
9395,2000-07-22,56.877
9396,2000-07-23,53.571
9397,2000-07-24,60.271
9398,2000-07-25,49.722
9399,2000-07-26,49.093
9400,2000-07-27,47.228
9401,2000-07-28,47.846
9402,2000-07-29,47.228
9403,2000-07-30,44.192
9404,2000-07-31,41.246
9405,2000-08-01,38.955
9406,2000-08-02,41.246
9407,2000-08-03,40.093
9408,2000-08-04,36.723
9409,2000-08-05,37.276
9410,2000-08-06,36.175
9411,2000-08-07,37.832
9412,2000-08-08,35.089
9413,2000-08-09,42.413
9414,2000-08-10,67.322
9415,2000-08-11,67.322
9416,2000-08-12,58.224
9417,2000-08-13,47.846
9418,2000-08-14,38.955
9419,2000-08-15,38.392
9420,2000-08-16,77.778
9421,2000-08-17,62.349
9422,2000-08-18,46.613
9423,2000-08-19,40.093
9424,2000-08-20,36.175
9425,2000-08-21,32.438
9426,2000-08-22,33.487
9427,2000-08-23,33.487
9428,2000-08-24,30.385
9429,2000-08-25,37.832
9430,2000-08-26,40.093
9431,2000-08-27,68.774
9432,2000-08-28,77.778
9433,2000-08-29,68.774
9434,2000-08-30,49.722
9435,2000-08-31,44.192
9436,2000-09-01,38.955
9437,2000-09-02,37.276
9438,2000-09-03,34.551
9439,2000-09-04,29.882
9440,2000-09-05,30.385
9441,2000-09-06,27.419
9442,2000-09-07,24.133
9443,2000-09-08,25.518
9444,2000-09-09,23.679
9445,2000-09-10,28.393
9446,2000-09-11,36.175
9447,2000-09-12,37.832
9448,2000-09-13,41.246
9449,2000-09-14,57.548
9450,2000-09-15,52.274
9451,2000-09-16,49.093
9452,2000-09-17,40.668
9453,2000-09-18,32.438
9454,2000-09-19,36.175
9455,2000-09-20,35.63
9456,2000-09-21,43.002
9457,2000-09-22,63.049
9458,2000-09-23,54.883
9459,2000-09-24,56.208
9460,2000-09-25,48.468
9461,2000-09-26,44.192
9462,2000-09-27,36.175
9463,2000-09-28,31.919
9464,2000-09-29,25.518
9465,2000-09-30,25.988
9466,2000-10-01,24.591
9467,2000-10-02,31.404
9468,2000-10-03,24.133
9469,2000-10-04,33.487
9470,2000-10-05,136.973
9471,2000-10-06,105.952
9472,2000-10-07,88.089
9473,2000-10-08,66.601
9474,2000-10-09,42.413
9475,2000-10-10,41.828
9476,2000-10-11,49.093
9477,2000-10-12,105.068
9478,2000-10-13,222.926
9479,2000-10-14,726.13
9480,2000-10-15,296.957
9481,2000-10-16,226.65
9482,2000-10-17,224.164
9483,2000-10-18,126.237
9484,2000-10-19,102.436
9485,2000-10-20,128.159
9486,2000-10-21,163.9
9487,2000-10-22,142.994
9488,2000-10-23,133.023
9489,2000-10-24,156.438
9490,2000-10-25,85.659
9491,2000-10-26,111.326
9492,2000-10-27,180.415
9493,2000-10-28,147.073
9494,2000-10-29,113.144
9495,2000-10-30,80.106
9496,2000-10-31,68.774
9497,2000-11-01,60.96
9498,2000-11-02,70.979
9499,2000-11-03,89.727
9500,2000-11-04,93.879
9501,2000-11-05,88.089
9502,2000-11-06,68.047
9503,2000-11-07,56.208
9504,2000-11-08,66.601
9505,2000-11-09,83.259
9506,2000-11-10,88.906
9507,2000-11-11,70.24
9508,2000-11-12,62.349
9509,2000-11-13,75.481
9510,2000-11-14,91.378
9511,2000-11-15,85.659
9512,2000-11-16,78.551
9513,2000-11-17,63.049
9514,2000-11-18,46.613
9515,2000-11-19,46.613
9516,2000-11-20,40.093
9517,2000-11-21,40.093
9518,2000-11-22,37.832
9519,2000-11-23,38.392
9520,2000-11-24,37.276
9521,2000-11-25,37.276
9522,2000-11-26,44.192
9523,2000-11-27,46.003
9524,2000-11-28,38.392
9525,2000-11-29,37.276
9526,2000-11-30,42.413
9527,2000-12-01,45.395
9528,2000-12-02,39.522
9529,2000-12-03,35.089
9530,2000-12-04,35.089
9531,2000-12-05,34.017
9532,2000-12-06,34.551
9533,2000-12-07,33.487
9534,2000-12-08,32.961
9535,2000-12-09,28.885
9536,2000-12-10,25.053
9537,2000-12-11,25.053
9538,2000-12-12,23.679
9539,2000-12-13,20.609
9540,2000-12-14,26.461
9541,2000-12-15,32.961
9542,2000-12-16,32.438
9543,2000-12-17,25.053
9544,2000-12-18,25.053
9545,2000-12-19,23.679
9546,2000-12-20,21.467
9547,2000-12-21,20.609
9548,2000-12-22,29.882
9549,2000-12-23,39.522
9550,2000-12-24,60.96
9551,2000-12-25,51.631
9552,2000-12-26,43.595
9553,2000-12-27,32.438
9554,2000-12-28,62.349
9555,2000-12-29,84.055
9556,2000-12-30,120.547
9557,2000-12-31,78.551
9558,2001-01-01,63.049
9559,2001-01-02,51.631
9560,2001-01-03,41.246
9561,2001-01-04,35.63
9562,2001-01-05,32.961
9563,2001-01-06,59.585
9564,2001-01-07,52.274
9565,2001-01-08,123.377
9566,2001-01-09,218.004
9567,2001-01-10,308.305
9568,2001-01-11,348.005
9569,2001-01-12,269.427
9570,2001-01-13,199.987
9571,2001-01-14,163.9
9572,2001-01-15,120.547
9573,2001-01-16,199.987
9574,2001-01-17,145.027
9575,2001-01-18,139.969
9576,2001-01-19,170.421
9577,2001-01-20,98.116
9578,2001-01-21,125.28
9579,2001-01-22,125.28
9580,2001-01-23,109.521
9581,2001-01-24,89.727
9582,2001-01-25,96.411
9583,2001-01-26,80.106
9584,2001-01-27,65.17
9585,2001-01-28,62.349
9586,2001-01-29,100.698
9587,2001-01-30,107.73
9588,2001-01-31,102.436
9589,2001-02-01,89.727
9590,2001-02-02,89.727
9591,2001-02-03,85.659
9592,2001-02-04,84.055
9593,2001-02-05,98.116
9594,2001-02-06,139.969
9595,2001-02-07,130.095
9596,2001-02-08,85.659
9597,2001-02-09,70.24
9598,2001-02-10,64.46
9599,2001-02-11,53.571
9600,2001-02-12,51.631
9601,2001-02-13,87.276
9602,2001-02-14,128.159
9603,2001-02-15,95.564
9604,2001-02-16,84.055
9605,2001-02-17,84.055
9606,2001-02-18,81.676
9607,2001-02-19,66.601
9608,2001-02-20,52.921
9609,2001-02-21,49.093
9610,2001-02-22,46.003
9611,2001-02-23,47.228
9612,2001-02-24,50.355
9613,2001-02-25,56.877
9614,2001-02-26,56.208
9615,2001-02-27,50.355
9616,2001-02-28,82.466
9617,2001-03-01,39.522
9618,2001-03-02,40.093
9619,2001-03-03,39.522
9620,2001-03-04,35.089
9621,2001-03-05,32.961
9622,2001-03-06,31.404
9623,2001-03-07,30.893
9624,2001-03-08,27.419
9625,2001-03-09,26.461
9626,2001-03-10,25.053
9627,2001-03-11,26.461
9628,2001-03-12,26.461
9629,2001-03-13,26.461
9630,2001-03-14,24.591
9631,2001-03-15,25.053
9632,2001-03-16,38.392
9633,2001-03-17,32.961
9634,2001-03-18,54.883
9635,2001-03-19,36.723
9636,2001-03-20,37.832
9637,2001-03-21,34.017
9638,2001-03-22,25.988
9639,2001-03-23,43.595
9640,2001-03-24,125.28
9641,2001-03-25,79.327
9642,2001-03-26,104.187
9643,2001-03-27,125.28
9644,2001-03-28,98.973
9645,2001-03-29,71.72
9646,2001-03-30,63.049
9647,2001-03-31,58.224
9648,2001-04-01,36.175
9649,2001-04-02,32.438
9650,2001-04-03,28.885
9651,2001-04-04,34.551
9652,2001-04-05,31.404
9653,2001-04-06,30.893
9654,2001-04-07,25.988
9655,2001-04-08,27.419
9656,2001-04-09,28.393
9657,2001-04-10,31.404
9658,2001-04-11,30.893
9659,2001-04-12,34.017
9660,2001-04-13,32.438
9661,2001-04-14,28.393
9662,2001-04-15,25.053
9663,2001-04-16,24.133
9664,2001-04-17,23.229
9665,2001-04-18,22.34
9666,2001-04-19,24.591
9667,2001-04-20,23.229
9668,2001-04-21,22.782
9669,2001-04-22,25.053
9670,2001-04-23,35.089
9671,2001-04-24,61.653
9672,2001-04-25,141.983
9673,2001-04-26,129.126
9674,2001-04-27,164.979
9675,2001-04-28,136.973
9676,2001-04-29,243.105
9677,2001-04-30,520.745
9678,2001-05-01,358.648
9679,2001-05-02,213.131
9680,2001-05-03,173.724
9681,2001-05-04,169.326
9682,2001-05-05,179.292
9683,2001-05-06,117.746
9684,2001-05-07,113.144
9685,2001-05-08,88.906
9686,2001-05-09,80.889
9687,2001-05-10,74.722
9688,2001-05-11,73.966
9689,2001-05-12,68.047
9690,2001-05-13,58.224
9691,2001-05-14,57.548
9692,2001-05-15,55.544
9693,2001-05-16,53.571
9694,2001-05-17,53.571
9695,2001-05-18,52.274
9696,2001-05-19,51.631
9697,2001-05-20,50.355
9698,2001-05-21,54.225
9699,2001-05-22,243.105
9700,2001-05-23,186.078
9701,2001-05-24,139.969
9702,2001-05-25,131.068
9703,2001-05-26,89.727
9704,2001-05-27,70.24
9705,2001-05-28,61.653
9706,2001-05-29,60.96
9707,2001-05-30,46.613
9708,2001-05-31,47.228
9709,2001-06-01,52.274
9710,2001-06-02,52.921
9711,2001-06-03,63.049
9712,2001-06-04,89.727
9713,2001-06-05,84.055
9714,2001-06-06,63.753
9715,2001-06-07,59.585
9716,2001-06-08,60.271
9717,2001-06-09,56.877
9718,2001-06-10,52.921
9719,2001-06-11,51.631
9720,2001-06-12,44.192
9721,2001-06-13,43.595
9722,2001-06-14,40.668
9723,2001-06-15,40.668
9724,2001-06-16,76.243
9725,2001-06-17,88.089
9726,2001-06-18,77.778
9727,2001-06-19,66.601
9728,2001-06-20,58.224
9729,2001-06-21,50.991
9730,2001-06-22,51.631
9731,2001-06-23,47.846
9732,2001-06-24,49.093
9733,2001-06-25,48.468
9734,2001-06-26,46.003
9735,2001-06-27,49.093
9736,2001-06-28,49.093
9737,2001-06-29,49.722
9738,2001-06-30,48.468
9739,2001-07-01,42.413
9740,2001-07-02,65.17
9741,2001-07-03,100.698
9742,2001-07-04,86.466
9743,2001-07-05,77.009
9744,2001-07-06,73.214
9745,2001-07-07,70.979
9746,2001-07-08,60.271
9747,2001-07-09,51.631
9748,2001-07-10,47.228
9749,2001-07-11,114.058
9750,2001-07-12,180.415
9751,2001-07-13,150.166
9752,2001-07-14,114.058
9753,2001-07-15,86.466
9754,2001-07-16,66.601
9755,2001-07-17,58.902
9756,2001-07-18,66.601
9757,2001-07-19,139.969
9758,2001-07-20,130.095
9759,2001-07-21,111.326
9760,2001-07-22,105.068
9761,2001-07-23,90.55
9762,2001-07-24,85.659
9763,2001-07-25,61.653
9764,2001-07-26,49.093
9765,2001-07-27,52.921
9766,2001-07-28,48.468
9767,2001-07-29,47.228
9768,2001-07-30,49.093
9769,2001-07-31,41.246
9770,2001-08-01,41.246
9771,2001-08-02,40.668
9772,2001-08-03,34.551
9773,2001-08-04,33.487
9774,2001-08-05,29.382
9775,2001-08-06,35.63
9776,2001-08-07,34.017
9777,2001-08-08,35.089
9778,2001-08-09,35.089
9779,2001-08-10,34.551
9780,2001-08-11,35.63
9781,2001-08-12,34.017
9782,2001-08-13,29.882
9783,2001-08-14,29.882
9784,2001-08-15,29.882
9785,2001-08-16,29.882
9786,2001-08-17,28.393
9787,2001-08-18,29.382
9788,2001-08-19,33.487
9789,2001-08-20,48.468
9790,2001-08-21,54.225
9791,2001-08-22,51.631
9792,2001-08-23,39.522
9793,2001-08-24,32.961
9794,2001-08-25,33.487
9795,2001-08-26,27.904
9796,2001-08-27,28.393
9797,2001-08-28,27.904
9798,2001-08-29,32.438
9799,2001-08-30,34.017
9800,2001-08-31,30.385
9801,2001-09-01,36.723
9802,2001-09-02,43.002
9803,2001-09-03,39.522
9804,2001-09-04,36.723
9805,2001-09-05,28.885
9806,2001-09-06,24.591
9807,2001-09-07,42.413
9808,2001-09-08,42.413
9809,2001-09-09,28.885
9810,2001-09-10,54.883
9811,2001-09-11,38.955
9812,2001-09-12,39.522
9813,2001-09-13,40.093
9814,2001-09-14,84.055
9815,2001-09-15,102.436
9816,2001-09-16,87.276
9817,2001-09-17,63.753
9818,2001-09-18,51.631
9819,2001-09-19,36.723
9820,2001-09-20,34.551
9821,2001-09-21,29.882
9822,2001-09-22,24.133
9823,2001-09-23,25.053
9824,2001-09-24,27.419
9825,2001-09-25,22.782
9826,2001-09-26,25.988
9827,2001-09-27,25.988
9828,2001-09-28,41.246
9829,2001-09-29,39.522
9830,2001-09-30,48.468
9831,2001-10-01,375.664
9832,2001-10-02,344.99
9833,2001-10-03,225.406
9834,2001-10-04,182.671
9835,2001-10-05,135.981
9836,2001-10-06,89.727
9837,2001-10-07,61.653
9838,2001-10-08,105.068
9839,2001-10-09,142.994
9840,2001-10-10,119.61
9841,2001-10-11,109.521
9842,2001-10-12,77.778
9843,2001-10-13,50.355
9844,2001-10-14,49.093
9845,2001-10-15,84.055
9846,2001-10-16,86.466
9847,2001-10-17,96.411
9848,2001-10-18,88.906
9849,2001-10-19,77.778
9850,2001-10-20,65.17
9851,2001-10-21,51.631
9852,2001-10-22,46.003
9853,2001-10-23,44.192
9854,2001-10-24,42.413
9855,2001-10-25,39.522
9856,2001-10-26,41.246
9857,2001-10-27,33.487
9858,2001-10-28,35.089
9859,2001-10-29,37.832
9860,2001-10-30,27.419
9861,2001-10-31,40.093
9862,2001-11-01,38.392
9863,2001-11-02,33.487
9864,2001-11-03,36.175
9865,2001-11-04,26.461
9866,2001-11-05,26.938
9867,2001-11-06,28.885
9868,2001-11-07,28.885
9869,2001-11-08,42.413
9870,2001-11-09,40.093
9871,2001-11-10,46.613
9872,2001-11-11,44.192
9873,2001-11-12,40.668
9874,2001-11-13,41.246
9875,2001-11-14,46.003
9876,2001-11-15,36.723
9877,2001-11-16,40.093
9878,2001-11-17,38.955
9879,2001-11-18,28.885
9880,2001-11-19,34.017
9881,2001-11-20,26.461
9882,2001-11-21,26.461
9883,2001-11-22,20.609
9884,2001-11-23,25.053
9885,2001-11-24,25.053
9886,2001-11-25,25.053
9887,2001-11-26,30.385
9888,2001-11-27,52.921
9889,2001-11-28,56.877
9890,2001-11-29,70.24
9891,2001-11-30,54.883
9892,2001-12-01,42.413
9893,2001-12-02,36.175
9894,2001-12-03,36.723
9895,2001-12-04,33.487
9896,2001-12-05,35.089
9897,2001-12-06,43.595
9898,2001-12-07,46.613
9899,2001-12-08,42.413
9900,2001-12-09,34.551
9901,2001-12-10,36.175
9902,2001-12-11,26.461
9903,2001-12-12,25.053
9904,2001-12-13,23.229
9905,2001-12-14,25.053
9906,2001-12-15,25.053
9907,2001-12-16,22.782
9908,2001-12-17,20.609
9909,2001-12-18,20.609
9910,2001-12-19,20.186
9911,2001-12-20,16.946
9912,2001-12-21,18.131
9913,2001-12-22,18.534
9914,2001-12-23,17.337
9915,2001-12-24,18.534
9916,2001-12-25,18.131
9917,2001-12-26,16.559
9918,2001-12-27,17.337
9919,2001-12-28,16.176
9920,2001-12-29,16.559
9921,2001-12-30,15.797
9922,2001-12-31,14.684
9923,2002-01-01,24.133
9924,2002-01-02,23.229
9925,2002-01-03,25.988
9926,2002-01-04,21.036
9927,2002-01-05,14.684
9928,2002-01-06,16.176
9929,2002-01-07,13.608
9930,2002-01-08,12.91
9931,2002-01-09,15.051
9932,2002-01-10,11.566
9933,2002-01-11,13.962
9934,2002-01-12,12.91
9935,2002-01-13,15.422
9936,2002-01-14,12.23
9937,2002-01-15,11.566
9938,2002-01-16,13.257
9939,2002-01-17,13.257
9940,2002-01-18,12.23
9941,2002-01-19,12.23
9942,2002-01-20,11.896
9943,2002-01-21,11.24
9944,2002-01-22,10.288
9945,2002-01-23,9.979
9946,2002-01-24,11.24
9947,2002-01-25,12.91
9948,2002-01-26,16.559
9949,2002-01-27,22.34
9950,2002-01-28,25.053
9951,2002-01-29,19.353
9952,2002-01-30,17.732
9953,2002-01-31,20.186
9954,2002-02-01,25.053
9955,2002-02-02,33.487
9956,2002-02-03,43.595
9957,2002-02-04,31.404
9958,2002-02-05,16.559
9959,2002-02-06,17.337
9960,2002-02-07,15.422
9961,2002-02-08,14.684
9962,2002-02-09,13.257
9963,2002-02-10,13.257
9964,2002-02-11,13.257
9965,2002-02-12,13.257
9966,2002-02-13,13.608
9967,2002-02-14,13.608
9968,2002-02-15,13.962
9969,2002-02-16,14.684
9970,2002-02-17,13.608
9971,2002-02-18,12.91
9972,2002-02-19,13.257
9973,2002-02-20,13.257
9974,2002-02-21,13.257
9975,2002-02-22,13.257
9976,2002-02-23,16.176
9977,2002-02-24,16.176
9978,2002-02-25,14.321
9979,2002-02-26,13.608
9980,2002-02-27,9.979
9981,2002-02-28,8.498
9982,2002-03-01,14.321
9983,2002-03-02,11.24
9984,2002-03-03,9.979
9985,2002-03-04,11.24
9986,2002-03-05,12.23
9987,2002-03-06,22.782
9988,2002-03-07,17.337
9989,2002-03-08,34.551
9990,2002-03-09,28.885
9991,2002-03-10,19.767
9992,2002-03-11,16.176
9993,2002-03-12,12.91
9994,2002-03-13,25.988
9995,2002-03-14,36.723
9996,2002-03-15,24.591
9997,2002-03-16,22.34
9998,2002-03-17,21.036
9999,2002-03-18,16.946
10000,2002-03-19,12.91
10001,2002-03-20,13.608
10002,2002-03-21,12.91
10003,2002-03-22,12.23
10004,2002-03-23,11.896
10005,2002-03-24,11.896
10006,2002-03-25,10.919
10007,2002-03-26,9.675
10008,2002-03-27,10.601
10009,2002-03-28,13.608
10010,2002-03-29,16.559
10011,2002-03-30,18.131
10012,2002-03-31,20.609
10013,2002-04-01,39.522
10014,2002-04-02,44.792
10015,2002-04-03,41.246
10016,2002-04-04,23.679
10017,2002-04-05,23.679
10018,2002-04-06,17.732
10019,2002-04-07,17.337
10020,2002-04-08,13.962
10021,2002-04-09,11.566
10022,2002-04-10,12.91
10023,2002-04-11,12.91
10024,2002-04-12,13.608
10025,2002-04-13,18.534
10026,2002-04-14,21.901
10027,2002-04-15,18.534
10028,2002-04-16,16.559
10029,2002-04-17,16.946
10030,2002-04-18,23.229
10031,2002-04-19,21.901
10032,2002-04-20,31.919
10033,2002-04-21,66.601
10034,2002-04-22,74.722
10035,2002-04-23,64.46
10036,2002-04-24,45.395
10037,2002-04-25,34.017
10038,2002-04-26,26.938
10039,2002-04-27,86.466
10040,2002-04-28,102.436
10041,2002-04-29,134.992
10042,2002-04-30,166.061
10043,2002-05-01,158.554
10044,2002-05-02,106.839
10045,2002-05-03,82.466
10046,2002-05-04,57.548
10047,2002-05-05,43.595
10048,2002-05-06,39.522
10049,2002-05-07,43.595
10050,2002-05-08,36.723
10051,2002-05-09,28.393
10052,2002-05-10,34.017
10053,2002-05-11,35.63
10054,2002-05-12,28.393
10055,2002-05-13,23.679
10056,2002-05-14,25.053
10057,2002-05-15,26.461
10058,2002-05-16,96.411
10059,2002-05-17,109.521
10060,2002-05-18,134.006
10061,2002-05-19,139.969
10062,2002-05-20,222.926
10063,2002-05-21,287.185
10064,2002-05-22,163.9
10065,2002-05-23,147.073
10066,2002-05-24,133.023
10067,2002-05-25,77.778
10068,2002-05-26,66.601
10069,2002-05-27,58.224
10070,2002-05-28,56.208
10071,2002-05-29,56.877
10072,2002-05-30,102.436
10073,2002-05-31,111.326
10074,2002-06-01,98.116
10075,2002-06-02,77.778
10076,2002-06-03,63.753
10077,2002-06-04,63.753
10078,2002-06-05,60.96
10079,2002-06-06,56.208
10080,2002-06-07,55.544
10081,2002-06-08,60.271
10082,2002-06-09,56.208
10083,2002-06-10,209.509
10084,2002-06-11,315.493
10085,2002-06-12,296.957
10086,2002-06-13,244.393
10087,2002-06-14,194.137
10088,2002-06-15,147.073
10089,2002-06-16,114.058
10090,2002-06-17,89.727
10091,2002-06-18,114.975
10092,2002-06-19,118.676
10093,2002-06-20,107.73
10094,2002-06-21,96.411
10095,2002-06-22,84.055
10096,2002-06-23,77.778
10097,2002-06-24,72.465
10098,2002-06-25,63.049
10099,2002-06-26,58.224
10100,2002-06-27,58.902
10101,2002-06-28,54.883
10102,2002-06-29,54.225
10103,2002-06-30,52.921
10104,2002-07-01,54.225
10105,2002-07-02,77.778
10106,2002-07-03,306.876
10107,2002-07-04,197.638
10108,2002-07-05,159.617
10109,2002-07-06,131.068
10110,2002-07-07,93.879
10111,2002-07-08,90.55
10112,2002-07-09,88.906
10113,2002-07-10,68.774
10114,2002-07-11,63.049
10115,2002-07-12,61.653
10116,2002-07-13,61.653
10117,2002-07-14,58.224
10118,2002-07-15,54.225
10119,2002-07-16,51.631
10120,2002-07-17,49.093
10121,2002-07-18,42.413
10122,2002-07-19,44.192
10123,2002-07-20,42.413
10124,2002-07-21,50.355
10125,2002-07-22,87.276
10126,2002-07-23,124.327
10127,2002-07-24,122.43
10128,2002-07-25,150.166
10129,2002-07-26,203.535
10130,2002-07-27,344.99
10131,2002-07-28,394.629
10132,2002-07-29,288.572
10133,2002-07-30,258.753
10134,2002-07-31,289.962
10135,2002-08-01,283.042
10136,2002-08-02,194.137
10137,2002-08-03,230.401
10138,2002-08-04,256.115
10139,2002-08-05,180.415
10140,2002-08-06,157.494
10141,2002-08-07,135.981
10142,2002-08-08,109.521
10143,2002-08-09,133.023
10144,2002-08-10,197.638
10145,2002-08-11,161.752
10146,2002-08-12,148.101
10147,2002-08-13,130.095
10148,2002-08-14,110.422
10149,2002-08-15,102.436
10150,2002-08-16,98.116
10151,2002-08-17,91.378
10152,2002-08-18,85.659
10153,2002-08-19,73.214
10154,2002-08-20,70.979
10155,2002-08-21,316.94
10156,2002-08-22,302.607
10157,2002-08-23,221.691
10158,2002-08-24,321.298
10159,2002-08-25,224.164
10160,2002-08-26,208.308
10161,2002-08-27,182.671
10162,2002-08-28,147.073
10163,2002-08-29,129.126
10164,2002-08-30,116.819
10165,2002-08-31,117.746
10166,2002-09-01,102.436
10167,2002-09-02,88.089
10168,2002-09-03,81.676
10169,2002-09-04,81.676
10170,2002-09-05,73.214
10171,2002-09-06,93.042
10172,2002-09-07,131.068
10173,2002-09-08,130.095
10174,2002-09-09,111.326
10175,2002-09-10,91.378
10176,2002-09-11,80.106
10177,2002-09-12,93.879
10178,2002-09-13,257.432
10179,2002-09-14,205.915
10180,2002-09-15,153.287
10181,2002-09-16,145.027
10182,2002-09-17,209.509
10183,2002-09-18,478.129
10184,2002-09-19,518.937
10185,2002-09-20,526.187
10186,2002-09-21,428.824
10187,2002-09-22,294.15
10188,2002-09-23,219.23
10189,2002-09-24,155.385
10190,2002-09-25,120.547
10191,2002-09-26,108.624
10192,2002-09-27,95.564
10193,2002-09-28,93.879
10194,2002-09-29,87.276
10195,2002-09-30,123.377
10196,2002-10-01,214.345
10197,2002-10-02,197.638
10198,2002-10-03,221.691
10199,2002-10-04,258.753
10200,2002-10-05,261.404
10201,2002-10-06,457.435
10202,2002-10-07,464.287
10203,2002-10-08,354.069
10204,2002-10-09,452.326
10205,2002-10-10,578.195
10206,2002-10-11,583.898
10207,2002-10-12,692.867
10208,2002-10-13,694.925
10209,2002-10-14,612.786
10210,2002-10-15,440.504
10211,2002-10-16,312.609
10212,2002-10-17,281.667
10213,2002-10-18,224.164
10214,2002-10-19,182.671
10215,2002-10-20,230.401
10216,2002-10-21,481.618
10217,2002-10-22,529.829
10218,2002-10-23,420.567
10219,2002-10-24,232.918
10220,2002-10-25,261.404
10221,2002-10-26,262.733
10222,2002-10-27,253.488
10223,2002-10-28,363.254
10224,2002-10-29,325.683
10225,2002-10-30,262.733
10226,2002-10-31,234.18
10227,2002-11-01,194.137
10228,2002-11-02,169.326
10229,2002-11-03,153.287
10230,2002-11-04,199.987
10231,2002-11-05,174.831
10232,2002-11-06,145.027
10233,2002-11-07,132.044
10234,2002-11-08,122.43
10235,2002-11-09,109.521
10236,2002-11-10,298.365
10237,2002-11-11,380.366
10238,2002-11-12,304.027
10239,2002-11-13,219.23
10240,2002-11-14,189.513
10241,2002-11-15,136.973
10242,2002-11-16,113.144
10243,2002-11-17,97.262
10244,2002-11-18,154.334
10245,2002-11-19,155.385
10246,2002-11-20,124.327
10247,2002-11-21,151.203
10248,2002-11-22,166.061
10249,2002-11-23,155.385
10250,2002-11-24,131.068
10251,2002-11-25,134.992
10252,2002-11-26,116.819
10253,2002-11-27,116.819
10254,2002-11-28,119.61
10255,2002-11-29,135.981
10256,2002-11-30,131.068
10257,2002-12-01,113.144
10258,2002-12-02,236.715
10259,2002-12-03,182.671
10260,2002-12-04,175.942
10261,2002-12-05,138.967
10262,2002-12-06,321.298
10263,2002-12-07,396.229
10264,2002-12-08,351.031
10265,2002-12-09,191.819
10266,2002-12-10,245.683
10267,2002-12-11,315.493
10268,2002-12-12,280.295
10269,2002-12-13,192.976
10270,2002-12-14,161.752
10271,2002-12-15,138.967
10272,2002-12-16,107.73
10273,2002-12-17,95.564
10274,2002-12-18,91.378
10275,2002-12-19,91.378
10276,2002-12-20,99.834
10277,2002-12-21,108.624
10278,2002-12-22,89.727
10279,2002-12-23,130.095
10280,2002-12-24,486.873
10281,2002-12-25,466.008
10282,2002-12-26,311.171
10283,2002-12-27,219.23
10284,2002-12-28,183.803
10285,2002-12-29,127.196
10286,2002-12-30,109.521
10287,2002-12-31,93.879
10288,2003-01-01,91.378
10289,2003-01-02,88.089
10290,2003-01-03,84.055
10291,2003-01-04,87.276
10292,2003-01-05,89.727
10293,2003-01-06,88.089
10294,2003-01-07,70.979
10295,2003-01-08,65.17
10296,2003-01-09,58.902
10297,2003-01-10,61.653
10298,2003-01-11,256.115
10299,2003-01-12,158.554
10300,2003-01-13,135.981
10301,2003-01-14,114.975
10302,2003-01-15,89.727
10303,2003-01-16,70.979
10304,2003-01-17,76.243
10305,2003-01-18,84.855
10306,2003-01-19,65.884
10307,2003-01-20,62.349
10308,2003-01-21,64.46
10309,2003-01-22,73.214
10310,2003-01-23,162.825
10311,2003-01-24,114.975
10312,2003-01-25,109.521
10313,2003-01-26,100.698
10314,2003-01-27,76.243
10315,2003-01-28,65.17
10316,2003-01-29,52.921
10317,2003-01-30,47.846
10318,2003-01-31,41.246
10319,2003-02-01,39.522
10320,2003-02-02,39.522
10321,2003-02-03,36.723
10322,2003-02-04,38.955
10323,2003-02-05,39.522
10324,2003-02-06,37.276
10325,2003-02-07,37.276
10326,2003-02-08,38.955
10327,2003-02-09,39.522
10328,2003-02-10,44.792
10329,2003-02-11,102.436
10330,2003-02-12,54.883
10331,2003-02-13,56.208
10332,2003-02-14,49.722
10333,2003-02-15,49.093
10334,2003-02-16,38.955
10335,2003-02-17,34.551
10336,2003-02-18,37.276
10337,2003-02-19,35.63
10338,2003-02-20,55.544
10339,2003-02-21,65.884
10340,2003-02-22,54.225
10341,2003-02-23,61.653
10342,2003-02-24,73.966
10343,2003-02-25,57.548
10344,2003-02-26,47.846
10345,2003-02-27,51.631
10346,2003-02-28,40.093
10347,2003-03-01,35.089
10348,2003-03-02,35.089
10349,2003-03-03,37.276
10350,2003-03-04,43.595
10351,2003-03-05,56.208
10352,2003-03-06,48.468
10353,2003-03-07,44.792
10354,2003-03-08,43.002
10355,2003-03-09,85.659
10356,2003-03-10,73.966
10357,2003-03-11,58.224
10358,2003-03-12,56.877
10359,2003-03-13,73.966
10360,2003-03-14,66.601
10361,2003-03-15,59.585
10362,2003-03-16,52.274
10363,2003-03-17,53.571
10364,2003-03-18,51.631
10365,2003-03-19,49.722
10366,2003-03-20,40.668
10367,2003-03-21,54.225
10368,2003-03-22,56.877
10369,2003-03-23,60.271
10370,2003-03-24,68.047
10371,2003-03-25,48.468
10372,2003-03-26,37.832
10373,2003-03-27,36.175
10374,2003-03-28,34.551
10375,2003-03-29,38.392
10376,2003-03-30,38.392
10377,2003-03-31,37.276
10378,2003-04-01,37.276
10379,2003-04-02,33.487
10380,2003-04-03,24.591
10381,2003-04-04,29.382
10382,2003-04-05,44.792
10383,2003-04-06,54.225
10384,2003-04-07,45.395
10385,2003-04-08,37.276
10386,2003-04-09,35.63
10387,2003-04-10,28.393
10388,2003-04-11,26.461
10389,2003-04-12,24.591
10390,2003-04-13,21.901
10391,2003-04-14,21.901
10392,2003-04-15,21.901
10393,2003-04-16,20.609
10394,2003-04-17,20.609
10395,2003-04-18,22.782
10396,2003-04-19,18.534
10397,2003-04-20,22.34
10398,2003-04-21,24.133
10399,2003-04-22,23.679
10400,2003-04-23,22.34
10401,2003-04-24,21.901
10402,2003-04-25,21.467
10403,2003-04-26,21.036
10404,2003-04-27,19.353
10405,2003-04-28,20.186
10406,2003-04-29,77.778
10407,2003-04-30,301.19
10408,2003-05-01,348.005
10409,2003-05-02,409.128
10410,2003-05-03,305.45
10411,2003-05-04,199.987
10412,2003-05-05,105.952
10413,2003-05-06,68.047
10414,2003-05-07,58.224
10415,2003-05-08,53.571
10416,2003-05-09,49.722
10417,2003-05-10,50.355
10418,2003-05-11,44.192
10419,2003-05-12,41.828
10420,2003-05-13,41.246
10421,2003-05-14,39.522
10422,2003-05-15,39.522
10423,2003-05-16,36.723
10424,2003-05-17,35.089
10425,2003-05-18,35.089
10426,2003-05-19,35.63
10427,2003-05-20,41.246
10428,2003-05-21,35.089
10429,2003-05-22,29.382
10430,2003-05-23,46.613
10431,2003-05-24,38.392
10432,2003-05-25,49.093
10433,2003-05-26,50.991
10434,2003-05-27,35.63
10435,2003-05-28,35.089
10436,2003-05-29,34.551
10437,2003-05-30,32.438
10438,2003-05-31,32.438
10439,2003-06-01,31.919
10440,2003-06-02,26.461
10441,2003-06-03,34.551
10442,2003-06-04,40.093
10443,2003-06-05,53.571
10444,2003-06-06,43.595
10445,2003-06-07,36.175
10446,2003-06-08,31.404
10447,2003-06-09,30.893
10448,2003-06-10,29.382
10449,2003-06-11,27.904
10450,2003-06-12,27.904
10451,2003-06-13,30.385
10452,2003-06-14,31.404
10453,2003-06-15,28.393
10454,2003-06-16,29.382
10455,2003-06-17,41.828
10456,2003-06-18,54.225
10457,2003-06-19,68.774
10458,2003-06-20,63.049
10459,2003-06-21,66.601
10460,2003-06-22,71.72
10461,2003-06-23,70.979
10462,2003-06-24,71.72
10463,2003-06-25,53.571
10464,2003-06-26,47.228
10465,2003-06-27,50.355
10466,2003-06-28,35.63
10467,2003-06-29,38.392
10468,2003-06-30,36.175
10469,2003-07-01,34.017
10470,2003-07-02,31.919
10471,2003-07-03,30.893
10472,2003-07-04,24.591
10473,2003-07-05,23.679
10474,2003-07-06,48.468
10475,2003-07-07,54.883
10476,2003-07-08,55.544
10477,2003-07-09,134.006
10478,2003-07-10,168.235
10479,2003-07-11,191.819
10480,2003-07-12,180.415
10481,2003-07-13,125.28
10482,2003-07-14,56.877
10483,2003-07-15,77.009
10484,2003-07-16,85.659
10485,2003-07-17,73.966
10486,2003-07-18,66.601
10487,2003-07-19,52.921
10488,2003-07-20,49.722
10489,2003-07-21,44.192
10490,2003-07-22,42.413
10491,2003-07-23,41.828
10492,2003-07-24,40.093
10493,2003-07-25,38.955
10494,2003-07-26,34.551
10495,2003-07-27,36.723
10496,2003-07-28,36.723
10497,2003-07-29,37.832
10498,2003-07-30,38.392
10499,2003-07-31,31.404
10500,2003-08-01,31.919
10501,2003-08-02,34.017
10502,2003-08-03,29.882
10503,2003-08-04,26.461
10504,2003-08-05,26.461
10505,2003-08-06,27.419
10506,2003-08-07,27.419
10507,2003-08-08,27.904
10508,2003-08-09,32.438
10509,2003-08-10,27.419
10510,2003-08-11,24.591
10511,2003-08-12,25.518
10512,2003-08-13,23.229
10513,2003-08-14,21.036
10514,2003-08-15,21.901
10515,2003-08-16,24.591
10516,2003-08-17,24.591
10517,2003-08-18,20.609
10518,2003-08-19,21.901
10519,2003-08-20,22.34
10520,2003-08-21,22.782
10521,2003-08-22,18.534
10522,2003-08-23,20.186
10523,2003-08-24,34.551
10524,2003-08-25,60.96
10525,2003-08-26,69.506
10526,2003-08-27,44.192
10527,2003-08-28,38.955
10528,2003-08-29,21.901
10529,2003-08-30,23.229
10530,2003-08-31,25.518
10531,2003-09-01,26.461
10532,2003-09-02,21.901
10533,2003-09-03,22.34
10534,2003-09-04,20.609
10535,2003-09-05,21.036
10536,2003-09-06,18.941
10537,2003-09-07,18.941
10538,2003-09-08,69.506
10539,2003-09-09,155.385
10540,2003-09-10,106.839
10541,2003-09-11,95.564
10542,2003-09-12,60.96
10543,2003-09-13,43.595
10544,2003-09-14,40.668
10545,2003-09-15,36.175
10546,2003-09-16,30.385
10547,2003-09-17,26.938
10548,2003-09-18,25.053
10549,2003-09-19,22.782
10550,2003-09-20,27.904
10551,2003-09-21,22.782
10552,2003-09-22,22.34
10553,2003-09-23,22.34
10554,2003-09-24,36.723
10555,2003-09-25,34.017
10556,2003-09-26,35.089
10557,2003-09-27,34.551
10558,2003-09-28,25.053
10559,2003-09-29,22.782
10560,2003-09-30,21.901
10561,2003-10-01,19.767
10562,2003-10-02,21.467
10563,2003-10-03,21.467
10564,2003-10-04,20.609
10565,2003-10-05,19.353
10566,2003-10-06,16.946
10567,2003-10-07,17.337
10568,2003-10-08,18.534
10569,2003-10-09,29.382
10570,2003-10-10,52.274
10571,2003-10-11,66.601
10572,2003-10-12,47.228
10573,2003-10-13,32.961
10574,2003-10-14,26.938
10575,2003-10-15,21.901
10576,2003-10-16,21.467
10577,2003-10-17,18.131
10578,2003-10-18,21.901
10579,2003-10-19,23.679
10580,2003-10-20,30.893
10581,2003-10-21,27.419
10582,2003-10-22,50.991
10583,2003-10-23,44.192
10584,2003-10-24,34.551
10585,2003-10-25,27.419
10586,2003-10-26,268.082
10587,2003-10-27,375.664
10588,2003-10-28,301.19
10589,2003-10-29,201.167
10590,2003-10-30,127.196
10591,2003-10-31,62.349
10592,2003-11-01,46.003
10593,2003-11-02,47.846
10594,2003-11-03,41.828
10595,2003-11-04,43.002
10596,2003-11-05,34.017
10597,2003-11-06,28.393
10598,2003-11-07,26.461
10599,2003-11-08,25.053
10600,2003-11-09,23.679
10601,2003-11-10,23.679
10602,2003-11-11,21.467
10603,2003-11-12,21.036
10604,2003-11-13,43.002
10605,2003-11-14,69.506
10606,2003-11-15,69.506
10607,2003-11-16,58.224
10608,2003-11-17,129.126
10609,2003-11-18,210.714
10610,2003-11-19,216.781
10611,2003-11-20,147.073
10612,2003-11-21,115.895
10613,2003-11-22,84.855
10614,2003-11-23,62.349
10615,2003-11-24,47.846
10616,2003-11-25,120.547
10617,2003-11-26,172.62
10618,2003-11-27,182.671
10619,2003-11-28,150.166
10620,2003-11-29,98.116
10621,2003-11-30,65.17
10622,2003-12-01,69.506
10623,2003-12-02,56.208
10624,2003-12-03,50.355
10625,2003-12-04,41.246
10626,2003-12-05,56.877
10627,2003-12-06,65.884
10628,2003-12-07,58.902
10629,2003-12-08,56.208
10630,2003-12-09,57.548
10631,2003-12-10,95.564
10632,2003-12-11,137.968
10633,2003-12-12,270.775
10634,2003-12-13,180.415
10635,2003-12-14,115.895
10636,2003-12-15,272.126
10637,2003-12-16,509.938
10638,2003-12-17,656.285
10639,2003-12-18,606.959
10640,2003-12-19,448.934
10641,2003-12-20,311.171
10642,2003-12-21,256.115
10643,2003-12-22,266.741
10644,2003-12-23,306.876
10645,2003-12-24,231.658
10646,2003-12-25,142.994
10647,2003-12-26,141.983
10648,2003-12-27,112.233
10649,2003-12-28,115.895
10650,2003-12-29,106.839
10651,2003-12-30,90.55
10652,2003-12-31,93.879
10653,2004-01-01,96.411
10654,2004-01-02,92.208
10655,2004-01-03,80.889
10656,2004-01-04,70.979
10657,2004-01-05,66.601
10658,2004-01-06,63.049
10659,2004-01-07,56.208
10660,2004-01-08,146.048
10661,2004-01-09,88.906
10662,2004-01-10,82.466
10663,2004-01-11,66.601
10664,2004-01-12,56.208
10665,2004-01-13,53.571
10666,2004-01-14,54.225
10667,2004-01-15,52.921
10668,2004-01-16,51.631
10669,2004-01-17,51.631
10670,2004-01-18,41.246
10671,2004-01-19,43.002
10672,2004-01-20,41.828
10673,2004-01-21,40.668
10674,2004-01-22,54.883
10675,2004-01-23,47.228
10676,2004-01-24,43.595
10677,2004-01-25,41.246
10678,2004-01-26,35.63
10679,2004-01-27,34.017
10680,2004-01-28,35.63
10681,2004-01-29,35.63
10682,2004-01-30,39.522
10683,2004-01-31,37.832
10684,2004-02-01,33.487
10685,2004-02-02,34.017
10686,2004-02-03,27.419
10687,2004-02-04,32.961
10688,2004-02-05,56.208
10689,2004-02-06,56.877
10690,2004-02-07,61.653
10691,2004-02-08,52.921
10692,2004-02-09,35.63
10693,2004-02-10,29.882
10694,2004-02-11,25.053
10695,2004-02-12,25.053
10696,2004-02-13,22.782
10697,2004-02-14,24.591
10698,2004-02-15,23.229
10699,2004-02-16,21.901
10700,2004-02-17,21.036
10701,2004-02-18,20.609
10702,2004-02-19,21.036
10703,2004-02-20,20.609
10704,2004-02-21,16.176
10705,2004-02-22,18.941
10706,2004-02-23,19.353
10707,2004-02-24,16.559
10708,2004-02-25,16.176
10709,2004-02-26,16.176
10710,2004-02-27,16.176
10711,2004-02-28,16.176
10712,2004-02-29,16.559
10713,2004-03-01,14.684
10714,2004-03-02,13.962
10715,2004-03-03,16.559
10716,2004-03-04,16.176
10717,2004-03-05,15.797
10718,2004-03-06,14.684
10719,2004-03-07,16.559
10720,2004-03-08,15.422
10721,2004-03-09,15.422
10722,2004-03-10,15.051
10723,2004-03-11,15.797
10724,2004-03-12,16.946
10725,2004-03-13,17.732
10726,2004-03-14,19.767
10727,2004-03-15,16.559
10728,2004-03-16,15.797
10729,2004-03-17,13.962
10730,2004-03-18,12.23
10731,2004-03-19,12.91
10732,2004-03-20,10.919
10733,2004-03-21,10.919
10734,2004-03-22,10.601
10735,2004-03-23,10.919
10736,2004-03-24,10.919
10737,2004-03-25,10.288
10738,2004-03-26,10.601
10739,2004-03-27,9.675
10740,2004-03-28,9.675
10741,2004-03-29,9.979
10742,2004-03-30,12.23
10743,2004-03-31,9.374
10744,2004-04-01,7.661
10745,2004-04-02,11.566
10746,2004-04-03,17.337
10747,2004-04-04,13.608
10748,2004-04-05,14.321
10749,2004-04-06,15.051
10750,2004-04-07,15.797
10751,2004-04-08,9.374
10752,2004-04-09,10.601
10753,2004-04-10,16.176
10754,2004-04-11,16.559
10755,2004-04-12,16.559
10756,2004-04-13,14.321
10757,2004-04-14,11.896
10758,2004-04-15,11.24
10759,2004-04-16,9.078
10760,2004-04-17,11.24
10761,2004-04-18,9.675
10762,2004-04-19,10.919
10763,2004-04-20,24.133
10764,2004-04-21,24.591
10765,2004-04-22,20.186
10766,2004-04-23,29.882
10767,2004-04-24,55.544
10768,2004-04-25,56.208
10769,2004-04-26,37.832
10770,2004-04-27,24.591
10771,2004-04-28,20.186
10772,2004-04-29,16.559
10773,2004-04-30,16.176
10774,2004-05-01,16.559
10775,2004-05-02,16.559
10776,2004-05-03,13.608
10777,2004-05-04,14.684
10778,2004-05-05,14.684
10779,2004-05-06,13.257
10780,2004-05-07,14.321
10781,2004-05-08,16.176
10782,2004-05-09,20.609
10783,2004-05-10,54.225
10784,2004-05-11,38.392
10785,2004-05-12,32.961
10786,2004-05-13,21.901
10787,2004-05-14,25.053
10788,2004-05-15,25.518
10789,2004-05-16,22.34
10790,2004-05-17,22.34
10791,2004-05-18,18.941
10792,2004-05-19,17.732
10793,2004-05-20,15.051
10794,2004-05-21,14.321
10795,2004-05-22,15.422
10796,2004-05-23,14.321
10797,2004-05-24,15.797
10798,2004-05-25,15.797
10799,2004-05-26,26.461
10800,2004-05-27,34.551
10801,2004-05-28,35.63
10802,2004-05-29,31.404
10803,2004-05-30,24.591
10804,2004-05-31,20.186
10805,2004-06-01,18.534
10806,2004-06-02,16.559
10807,2004-06-03,15.797
10808,2004-06-04,16.559
10809,2004-06-05,16.176
10810,2004-06-06,14.321
10811,2004-06-07,9.979
10812,2004-06-08,11.566
10813,2004-06-09,13.962
10814,2004-06-10,15.797
10815,2004-06-11,69.506
10816,2004-06-12,60.271
10817,2004-06-13,56.877
10818,2004-06-14,39.522
10819,2004-06-15,32.961
10820,2004-06-16,25.053
10821,2004-06-17,23.679
10822,2004-06-18,22.34
10823,2004-06-19,18.941
10824,2004-06-20,17.732
10825,2004-06-21,16.559
10826,2004-06-22,15.422
10827,2004-06-23,15.051
10828,2004-06-24,24.591
10829,2004-06-25,25.053
10830,2004-06-26,39.522
10831,2004-06-27,37.276
10832,2004-06-28,32.438
10833,2004-06-29,29.882
10834,2004-06-30,28.393
10835,2004-07-01,25.053
10836,2004-07-02,37.276
10837,2004-07-03,61.653
10838,2004-07-04,98.973
10839,2004-07-05,65.884
10840,2004-07-06,56.208
10841,2004-07-07,36.723
10842,2004-07-08,36.175
10843,2004-07-09,31.919
10844,2004-07-10,33.487
10845,2004-07-11,29.382
10846,2004-07-12,24.133
10847,2004-07-13,23.229
10848,2004-07-14,24.133
10849,2004-07-15,48.468
10850,2004-07-16,120.547
10851,2004-07-17,116.819
10852,2004-07-18,99.834
10853,2004-07-19,81.676
10854,2004-07-20,55.544
10855,2004-07-21,40.093
10856,2004-07-22,33.487
10857,2004-07-23,31.919
10858,2004-07-24,29.882
10859,2004-07-25,27.904
10860,2004-07-26,25.518
10861,2004-07-27,25.053
10862,2004-07-28,22.34
10863,2004-07-29,24.591
10864,2004-07-30,25.053
10865,2004-07-31,25.518
10866,2004-08-01,31.404
10867,2004-08-02,37.832
10868,2004-08-03,29.382
10869,2004-08-04,24.133
10870,2004-08-05,21.901
10871,2004-08-06,23.229
10872,2004-08-07,27.419
10873,2004-08-08,35.63
10874,2004-08-09,35.089
10875,2004-08-10,36.175
10876,2004-08-11,27.419
10877,2004-08-12,22.782
10878,2004-08-13,22.34
10879,2004-08-14,20.609
10880,2004-08-15,20.186
10881,2004-08-16,20.186
10882,2004-08-17,17.337
10883,2004-08-18,17.337
10884,2004-08-19,16.946
10885,2004-08-20,16.559
10886,2004-08-21,23.229
10887,2004-08-22,30.385
10888,2004-08-23,31.919
10889,2004-08-24,31.919
10890,2004-08-25,25.988
10891,2004-08-26,21.036
10892,2004-08-27,18.131
10893,2004-08-28,20.609
10894,2004-08-29,21.901
10895,2004-08-30,17.732
10896,2004-08-31,16.946
10897,2004-09-01,16.946
10898,2004-09-02,16.176
10899,2004-09-03,16.559
10900,2004-09-04,16.559
10901,2004-09-05,15.422
10902,2004-09-06,15.422
10903,2004-09-07,15.797
10904,2004-09-08,16.176
10905,2004-09-09,14.684
10906,2004-09-10,13.257
10907,2004-09-11,13.257
10908,2004-09-12,14.684
10909,2004-09-13,16.559
10910,2004-09-14,16.946
10911,2004-09-15,20.609
10912,2004-09-16,21.036
10913,2004-09-17,19.353
10914,2004-09-18,16.946
10915,2004-09-19,17.337
10916,2004-09-20,16.946
10917,2004-09-21,67.322
10918,2004-09-22,68.774
10919,2004-09-23,109.521
10920,2004-09-24,98.116
10921,2004-09-25,81.676
10922,2004-09-26,72.465
10923,2004-09-27,36.175
10924,2004-09-28,32.961
10925,2004-09-29,31.404
10926,2004-09-30,28.885
10927,2004-10-01,25.518
10928,2004-10-02,25.053
10929,2004-10-03,23.229
10930,2004-10-04,17.337
10931,2004-10-05,16.176
10932,2004-10-06,16.946
10933,2004-10-07,17.337
10934,2004-10-08,14.684
10935,2004-10-09,13.608
10936,2004-10-10,12.91
10937,2004-10-11,12.91
10938,2004-10-12,11.896
10939,2004-10-13,15.422
10940,2004-10-14,16.559
10941,2004-10-15,17.337
10942,2004-10-16,21.036
10943,2004-10-17,27.419
10944,2004-10-18,34.017
10945,2004-10-19,43.595
10946,2004-10-20,28.393
10947,2004-10-21,21.467
10948,2004-10-22,17.732
10949,2004-10-23,23.229
10950,2004-10-24,57.548
10951,2004-10-25,46.003
10952,2004-10-26,53.571
10953,2004-10-27,36.175
10954,2004-10-28,27.904
10955,2004-10-29,24.591
10956,2004-10-30,18.941
10957,2004-10-31,17.732
10958,2004-11-01,17.732
10959,2004-11-02,17.337
10960,2004-11-03,15.797
10961,2004-11-04,20.609
10962,2004-11-05,30.893
10963,2004-11-06,41.246
10964,2004-11-07,39.522
10965,2004-11-08,30.893
10966,2004-11-09,26.938
10967,2004-11-10,229.148
10968,2004-11-11,252.18
10969,2004-11-12,188.365
10970,2004-11-13,151.203
10971,2004-11-14,120.547
10972,2004-11-15,79.327
10973,2004-11-16,58.224
10974,2004-11-17,73.214
10975,2004-11-18,72.465
10976,2004-11-19,63.049
10977,2004-11-20,55.544
10978,2004-11-21,42.413
10979,2004-11-22,40.093
10980,2004-11-23,35.63
10981,2004-11-24,33.487
10982,2004-11-25,30.385
10983,2004-11-26,30.893
10984,2004-11-27,33.487
10985,2004-11-28,35.089
10986,2004-11-29,30.893
10987,2004-11-30,27.904
10988,2004-12-01,29.882
10989,2004-12-02,25.053
10990,2004-12-03,24.133
10991,2004-12-04,23.229
10992,2004-12-05,20.186
10993,2004-12-06,25.988
10994,2004-12-07,46.613
10995,2004-12-08,60.271
10996,2004-12-09,65.884
10997,2004-12-10,45.395
10998,2004-12-11,35.089
10999,2004-12-12,32.438
11000,2004-12-13,27.419
11001,2004-12-14,27.904
11002,2004-12-15,25.988
11003,2004-12-16,25.053
11004,2004-12-17,23.229
11005,2004-12-18,22.34
11006,2004-12-19,22.782
11007,2004-12-20,23.229
11008,2004-12-21,21.467
11009,2004-12-22,21.901
11010,2004-12-23,20.609
11011,2004-12-24,20.186
11012,2004-12-25,18.534
11013,2004-12-26,19.353
11014,2004-12-27,16.946
11015,2004-12-28,16.559
11016,2004-12-29,13.257
11017,2004-12-30,16.559
11018,2004-12-31,14.684
11019,2005-01-01,15.422
11020,2005-01-02,13.962
11021,2005-01-03,13.257
11022,2005-01-04,14.321
11023,2005-01-05,16.176
11024,2005-01-06,16.176
11025,2005-01-07,15.797
11026,2005-01-08,16.176
11027,2005-01-09,13.608
11028,2005-01-10,15.051
11029,2005-01-11,19.353
11030,2005-01-12,17.337
11031,2005-01-13,15.422
11032,2005-01-14,13.608
11033,2005-01-15,14.321
11034,2005-01-16,18.534
11035,2005-01-17,21.467
11036,2005-01-18,24.591
11037,2005-01-19,19.353
11038,2005-01-20,13.257
11039,2005-01-21,14.321
11040,2005-01-22,13.608
11041,2005-01-23,11.24
11042,2005-01-24,10.288
11043,2005-01-25,11.566
11044,2005-01-26,11.566
11045,2005-01-27,12.568
11046,2005-01-28,7.391
11047,2005-01-29,8.498
11048,2005-01-30,9.675
11049,2005-01-31,9.374
11050,2005-02-01,9.078
11051,2005-02-02,11.566
11052,2005-02-03,12.568
11053,2005-02-04,10.288
11054,2005-02-05,9.979
11055,2005-02-06,10.288
11056,2005-02-07,10.919
11057,2005-02-08,9.979
11058,2005-02-09,9.675
11059,2005-02-10,9.374
11060,2005-02-11,7.391
11061,2005-02-12,13.257
11062,2005-02-13,8.498
11063,2005-02-14,5.861
11064,2005-02-15,8.786
11065,2005-02-16,7.125
11066,2005-02-17,7.125
11067,2005-02-18,7.661
11068,2005-02-19,6.864
11069,2005-02-20,5.622
11070,2005-02-21,7.936
11071,2005-02-22,5.622
11072,2005-02-23,5.622
11073,2005-02-24,6.353
11074,2005-02-25,6.353
11075,2005-02-26,6.105
11076,2005-02-27,6.606
11077,2005-02-28,6.864
11078,2005-03-01,6.606
11079,2005-03-02,5.861
11080,2005-03-03,6.353
11081,2005-03-04,7.125
11082,2005-03-05,3.672
11083,2005-03-06,4.931
11084,2005-03-07,6.353
11085,2005-03-08,4.28
11086,2005-03-09,5.387
11087,2005-03-10,4.709
11088,2005-03-11,4.493
11089,2005-03-12,3.478
11090,2005-03-13,6.606
11091,2005-03-14,8.498
11092,2005-03-15,9.675
11093,2005-03-16,9.675
11094,2005-03-17,9.374
11095,2005-03-18,6.606
11096,2005-03-19,6.353
11097,2005-03-20,7.125
11098,2005-03-21,5.157
11099,2005-03-22,4.493
11100,2005-03-23,5.387
11101,2005-03-24,6.864
11102,2005-03-25,7.125
11103,2005-03-26,6.353
11104,2005-03-27,7.661
11105,2005-03-28,7.125
11106,2005-03-29,6.864
11107,2005-03-30,6.353
11108,2005-03-31,6.353
11109,2005-04-01,6.606
11110,2005-04-02,14.321
11111,2005-04-03,20.609
11112,2005-04-04,22.34
11113,2005-04-05,21.036
11114,2005-04-06,16.559
11115,2005-04-07,8.786
11116,2005-04-08,14.684
11117,2005-04-09,44.192
11118,2005-04-10,58.224
11119,2005-04-11,52.921
11120,2005-04-12,37.276
11121,2005-04-13,24.591
11122,2005-04-14,18.534
11123,2005-04-15,15.797
11124,2005-04-16,32.961
11125,2005-04-17,41.828
11126,2005-04-18,31.919
11127,2005-04-19,18.534
11128,2005-04-20,45.395
11129,2005-04-21,35.089
11130,2005-04-22,80.106
11131,2005-04-23,52.921
11132,2005-04-24,45.395
11133,2005-04-25,60.96
11134,2005-04-26,74.722
11135,2005-04-27,60.271
11136,2005-04-28,40.093
11137,2005-04-29,34.551
11138,2005-04-30,33.487
11139,2005-05-01,32.961
11140,2005-05-02,29.882
11141,2005-05-03,24.591
11142,2005-05-04,22.34
11143,2005-05-05,20.609
11144,2005-05-06,19.353
11145,2005-05-07,30.893
11146,2005-05-08,67.322
11147,2005-05-09,74.722
11148,2005-05-10,80.106
11149,2005-05-11,84.855
11150,2005-05-12,131.068
11151,2005-05-13,163.9
11152,2005-05-14,136.973
11153,2005-05-15,134.992
11154,2005-05-16,179.292
11155,2005-05-17,163.9
11156,2005-05-18,478.129
11157,2005-05-19,502.79
11158,2005-05-20,437.153
11159,2005-05-21,337.505
11160,2005-05-22,306.876
11161,2005-05-23,224.164
11162,2005-05-24,119.61
11163,2005-05-25,134.006
11164,2005-05-26,105.952
11165,2005-05-27,89.727
11166,2005-05-28,85.659
11167,2005-05-29,74.722
11168,2005-05-30,73.214
11169,2005-05-31,68.774
11170,2005-06-01,65.884
11171,2005-06-02,63.753
11172,2005-06-03,56.208
11173,2005-06-04,54.225
11174,2005-06-05,52.921
11175,2005-06-06,50.355
11176,2005-06-07,40.093
11177,2005-06-08,38.392
11178,2005-06-09,40.093
11179,2005-06-10,45.395
11180,2005-06-11,46.613
11181,2005-06-12,177.055
11182,2005-06-13,520.745
11183,2005-06-14,572.518
11184,2005-06-15,559.369
11185,2005-06-16,546.357
11186,2005-06-17,736.668
11187,2005-06-18,646.281
11188,2005-06-19,517.132
11189,2005-06-20,324.218
11190,2005-06-21,227.897
11191,2005-06-22,171.519
11192,2005-06-23,151.203
11193,2005-06-24,136.973
11194,2005-06-25,108.624
11195,2005-06-26,124.327
11196,2005-06-27,130.095
11197,2005-06-28,129.126
11198,2005-06-29,116.819
11199,2005-06-30,109.521
11200,2005-07-01,93.042
11201,2005-07-02,85.659
11202,2005-07-03,82.466
11203,2005-07-04,76.243
11204,2005-07-05,75.481
11205,2005-07-06,70.24
11206,2005-07-07,65.884
11207,2005-07-08,61.653
11208,2005-07-09,63.049
11209,2005-07-10,54.883
11210,2005-07-11,54.883
11211,2005-07-12,54.883
11212,2005-07-13,52.921
11213,2005-07-14,52.274
11214,2005-07-15,47.846
11215,2005-07-16,50.355
11216,2005-07-17,49.722
11217,2005-07-18,67.322
11218,2005-07-19,62.349
11219,2005-07-20,52.921
11220,2005-07-21,67.322
11221,2005-07-22,121.487
11222,2005-07-23,121.487
11223,2005-07-24,134.006
11224,2005-07-25,110.422
11225,2005-07-26,77.778
11226,2005-07-27,60.271
11227,2005-07-28,50.991
11228,2005-07-29,50.355
11229,2005-07-30,46.613
11230,2005-07-31,48.468
11231,2005-08-01,61.653
11232,2005-08-02,45.395
11233,2005-08-03,40.668
11234,2005-08-04,39.522
11235,2005-08-05,37.276
11236,2005-08-06,36.175
11237,2005-08-07,35.63
11238,2005-08-08,41.828
11239,2005-08-09,41.246
11240,2005-08-10,48.468
11241,2005-08-11,40.093
11242,2005-08-12,40.093
11243,2005-08-13,38.955
11244,2005-08-14,35.63
11245,2005-08-15,33.487
11246,2005-08-16,34.017
11247,2005-08-17,31.919
11248,2005-08-18,30.385
11249,2005-08-19,31.404
11250,2005-08-20,71.72
11251,2005-08-21,103.31
11252,2005-08-22,88.089
11253,2005-08-23,92.208
11254,2005-08-24,91.378
11255,2005-08-25,86.466
11256,2005-08-26,77.009
11257,2005-08-27,59.585
11258,2005-08-28,54.883
11259,2005-08-29,43.595
11260,2005-08-30,50.991
11261,2005-08-31,50.355
11262,2005-09-01,50.991
11263,2005-09-02,49.722
11264,2005-09-03,52.921
11265,2005-09-04,47.228
11266,2005-09-05,41.246
11267,2005-09-06,38.392
11268,2005-09-07,35.089
11269,2005-09-08,33.487
11270,2005-09-09,23.229
11271,2005-09-10,22.34
11272,2005-09-11,63.049
11273,2005-09-12,127.196
11274,2005-09-13,109.521
11275,2005-09-14,102.436
11276,2005-09-15,103.31
11277,2005-09-16,105.952
11278,2005-09-17,99.834
11279,2005-09-18,72.465
11280,2005-09-19,60.96
11281,2005-09-20,53.571
11282,2005-09-21,49.093
11283,2005-09-22,42.413
11284,2005-09-23,37.276
11285,2005-09-24,54.883
11286,2005-09-25,151.203
11287,2005-09-26,133.023
11288,2005-09-27,92.208
11289,2005-09-28,77.009
11290,2005-09-29,56.877
11291,2005-09-30,60.271
11292,2005-10-01,60.271
11293,2005-10-02,55.544
11294,2005-10-03,55.544
11295,2005-10-04,188.365
11296,2005-10-05,548.207
11297,2005-10-06,559.369
11298,2005-10-07,318.39
11299,2005-10-08,287.185
11300,2005-10-09,262.733
11301,2005-10-10,177.055
11302,2005-10-11,140.974
11303,2005-10-12,114.058
11304,2005-10-13,88.906
11305,2005-10-14,86.466
11306,2005-10-15,155.385
11307,2005-10-16,244.393
11308,2005-10-17,580.093
11309,2005-10-18,587.713
11310,2005-10-19,355.592
11311,2005-10-20,258.753
11312,2005-10-21,194.137
11313,2005-10-22,160.683
11314,2005-10-23,134.006
11315,2005-10-24,117.746
11316,2005-10-25,111.326
11317,2005-10-26,95.564
11318,2005-10-27,92.208
11319,2005-10-28,204.723
11320,2005-10-29,272.126
11321,2005-10-30,202.349
11322,2005-10-31,171.519
11323,2005-11-01,142.994
11324,2005-11-02,89.727
11325,2005-11-03,81.676
11326,2005-11-04,54.883
11327,2005-11-05,67.322
11328,2005-11-06,73.214
11329,2005-11-07,77.009
11330,2005-11-08,73.214
11331,2005-11-09,67.322
11332,2005-11-10,60.271
11333,2005-11-11,55.544
11334,2005-11-12,52.274
11335,2005-11-13,52.274
11336,2005-11-14,48.468
11337,2005-11-15,47.228
11338,2005-11-16,48.468
11339,2005-11-17,56.208
11340,2005-11-18,53.571
11341,2005-11-19,67.322
11342,2005-11-20,54.883
11343,2005-11-21,49.722
11344,2005-11-22,43.595
11345,2005-11-23,42.413
11346,2005-11-24,45.395
11347,2005-11-25,47.846
11348,2005-11-26,47.228
11349,2005-11-27,45.395
11350,2005-11-28,38.955
11351,2005-11-29,34.551
11352,2005-11-30,28.885
11353,2005-12-01,30.385
11354,2005-12-02,49.722
11355,2005-12-03,45.395
11356,2005-12-04,34.551
11357,2005-12-05,37.276
11358,2005-12-06,46.613
11359,2005-12-07,49.722
11360,2005-12-08,53.571
11361,2005-12-09,46.613
11362,2005-12-10,34.017
11363,2005-12-11,32.961
11364,2005-12-12,34.017
11365,2005-12-13,25.988
11366,2005-12-14,25.518
11367,2005-12-15,23.679
11368,2005-12-16,20.186
11369,2005-12-17,25.518
11370,2005-12-18,24.133
11371,2005-12-19,25.518
11372,2005-12-20,24.591
11373,2005-12-21,22.782
11374,2005-12-22,21.036
11375,2005-12-23,21.901
11376,2005-12-24,36.175
11377,2005-12-25,55.544
11378,2005-12-26,51.631
11379,2005-12-27,41.246
11380,2005-12-28,30.385
11381,2005-12-29,27.419
11382,2005-12-30,36.175
11383,2005-12-31,25.988
11384,2006-01-01,27.904
11385,2006-01-02,24.133
11386,2006-01-03,23.679
11387,2006-01-04,24.133
11388,2006-01-05,23.679
11389,2006-01-06,21.467
11390,2006-01-07,16.559
11391,2006-01-08,15.797
11392,2006-01-09,16.946
11393,2006-01-10,16.176
11394,2006-01-11,16.559
11395,2006-01-12,15.797
11396,2006-01-13,16.559
11397,2006-01-14,15.051
11398,2006-01-15,19.353
11399,2006-01-16,16.559
11400,2006-01-17,16.946
11401,2006-01-18,17.337
11402,2006-01-19,15.797
11403,2006-01-20,15.797
11404,2006-01-21,18.534
11405,2006-01-22,17.732
11406,2006-01-23,18.131
11407,2006-01-24,17.732
11408,2006-01-25,16.559
11409,2006-01-26,17.337
11410,2006-01-27,18.131
11411,2006-01-28,17.337
11412,2006-01-29,12.23
11413,2006-01-30,14.684
11414,2006-01-31,14.684
11415,2006-02-01,11.24
11416,2006-02-02,10.601
11417,2006-02-03,10.601
11418,2006-02-04,12.91
11419,2006-02-05,11.24
11420,2006-02-06,10.601
11421,2006-02-07,11.24
11422,2006-02-08,12.23
11423,2006-02-09,10.919
11424,2006-02-10,9.078
11425,2006-02-11,10.288
11426,2006-02-12,9.675
11427,2006-02-13,9.078
11428,2006-02-14,7.936
11429,2006-02-15,7.125
11430,2006-02-16,8.786
11431,2006-02-17,9.374
11432,2006-02-18,15.051
11433,2006-02-19,15.422
11434,2006-02-20,11.566
11435,2006-02-21,12.568
11436,2006-02-22,19.353
11437,2006-02-23,12.91
11438,2006-02-24,10.919
11439,2006-02-25,10.288
11440,2006-02-26,10.601
11441,2006-02-27,13.257
11442,2006-02-28,12.23
11443,2006-03-01,10.288
11444,2006-03-02,9.675
11445,2006-03-03,17.337
11446,2006-03-04,21.901
11447,2006-03-05,15.051
11448,2006-03-06,11.896
11449,2006-03-07,11.896
11450,2006-03-08,8.215
11451,2006-03-09,8.215
11452,2006-03-10,10.601
11453,2006-03-11,18.131
11454,2006-03-12,14.684
11455,2006-03-13,12.568
11456,2006-03-14,12.91
11457,2006-03-15,8.498
11458,2006-03-16,10.919
11459,2006-03-17,9.374
11460,2006-03-18,7.936
11461,2006-03-19,8.215
11462,2006-03-20,7.661
11463,2006-03-21,10.601
11464,2006-03-22,32.961
11465,2006-03-23,40.093
11466,2006-03-24,36.723
11467,2006-03-25,44.192
11468,2006-03-26,35.089
11469,2006-03-27,25.518
11470,2006-03-28,47.228
11471,2006-03-29,73.214
11472,2006-03-30,36.723
11473,2006-03-31,26.461
11474,2006-04-01,22.782
11475,2006-04-02,22.34
11476,2006-04-03,15.797
11477,2006-04-04,15.051
11478,2006-04-05,16.559
11479,2006-04-06,15.051
11480,2006-04-07,25.053
11481,2006-04-08,22.782
11482,2006-04-09,23.229
11483,2006-04-10,20.609
11484,2006-04-11,16.946
11485,2006-04-12,16.946
11486,2006-04-13,15.797
11487,2006-04-14,14.321
11488,2006-04-15,29.382
11489,2006-04-16,24.133
11490,2006-04-17,20.609
11491,2006-04-18,20.609
11492,2006-04-19,19.767
11493,2006-04-20,16.559
11494,2006-04-21,16.559
11495,2006-04-22,22.34
11496,2006-04-23,20.609
11497,2006-04-24,19.767
11498,2006-04-25,17.337
11499,2006-04-26,16.559
11500,2006-04-27,14.684
11501,2006-04-28,13.608
11502,2006-04-29,13.608
11503,2006-04-30,13.257
11504,2006-05-01,11.24
11505,2006-05-02,12.91
11506,2006-05-03,11.566
11507,2006-05-04,10.919
11508,2006-05-05,10.288
11509,2006-05-06,10.601
11510,2006-05-07,10.288
11511,2006-05-08,10.601
11512,2006-05-09,10.288
11513,2006-05-10,10.288
11514,2006-05-11,10.288
11515,2006-05-12,10.288
11516,2006-05-13,9.979
11517,2006-05-14,9.675
11518,2006-05-15,9.675
11519,2006-05-16,9.979
11520,2006-05-17,9.675
11521,2006-05-18,9.675
11522,2006-05-19,9.374
11523,2006-05-20,20.186
11524,2006-05-21,20.609
11525,2006-05-22,16.559
11526,2006-05-23,17.337
11527,2006-05-24,14.684
11528,2006-05-25,9.979
11529,2006-05-26,12.91
11530,2006-05-27,12.91
11531,2006-05-28,11.566
11532,2006-05-29,12.23
11533,2006-05-30,9.979
11534,2006-05-31,10.601
11535,2006-06-01,8.215
11536,2006-06-02,9.374
11537,2006-06-03,9.979
11538,2006-06-04,9.979
11539,2006-06-05,12.23
11540,2006-06-06,10.288
11541,2006-06-07,10.601
11542,2006-06-08,11.24
11543,2006-06-09,10.919
11544,2006-06-10,10.601
11545,2006-06-11,13.257
11546,2006-06-12,11.896
11547,2006-06-13,13.608
11548,2006-06-14,13.608
11549,2006-06-15,10.288
11550,2006-06-16,12.568
11551,2006-06-17,9.979
11552,2006-06-18,16.946
11553,2006-06-19,16.946
11554,2006-06-20,12.91
11555,2006-06-21,20.609
11556,2006-06-22,87.276
11557,2006-06-23,166.061
11558,2006-06-24,210.714
11559,2006-06-25,151.203
11560,2006-06-26,144.009
11561,2006-06-27,131.068
11562,2006-06-28,105.952
11563,2006-06-29,72.465
11564,2006-06-30,51.631
11565,2006-07-01,47.846
11566,2006-07-02,38.392
11567,2006-07-03,35.089
11568,2006-07-04,32.438
11569,2006-07-05,28.885
11570,2006-07-06,29.382
11571,2006-07-07,25.518
11572,2006-07-08,24.133
11573,2006-07-09,22.782
11574,2006-07-10,22.782
11575,2006-07-11,21.901
11576,2006-07-12,20.609
11577,2006-07-13,22.782
11578,2006-07-14,23.229
11579,2006-07-15,31.919
11580,2006-07-16,27.419
11581,2006-07-17,24.133
11582,2006-07-18,24.591
11583,2006-07-19,36.723
11584,2006-07-20,30.893
11585,2006-07-21,21.036
11586,2006-07-22,24.133
11587,2006-07-23,21.901
11588,2006-07-24,20.609
11589,2006-07-25,20.186
11590,2006-07-26,41.828
11591,2006-07-27,106.839
11592,2006-07-28,180.415
11593,2006-07-29,138.967
11594,2006-07-30,148.101
11595,2006-07-31,88.089
11596,2006-08-01,56.208
11597,2006-08-02,44.192
11598,2006-08-03,39.522
11599,2006-08-04,37.276
11600,2006-08-05,33.487
11601,2006-08-06,33.487
11602,2006-08-07,32.438
11603,2006-08-08,31.404
11604,2006-08-09,30.385
11605,2006-08-10,33.487
11606,2006-08-11,35.089
11607,2006-08-12,38.392
11608,2006-08-13,34.551
11609,2006-08-14,28.393
11610,2006-08-15,29.382
11611,2006-08-16,35.63
11612,2006-08-17,40.668
11613,2006-08-18,37.832
11614,2006-08-19,35.63
11615,2006-08-20,30.385
11616,2006-08-21,29.382
11617,2006-08-22,26.461
11618,2006-08-23,21.036
11619,2006-08-24,21.036
11620,2006-08-25,21.036
11621,2006-08-26,21.036
11622,2006-08-27,23.229
11623,2006-08-28,21.467
11624,2006-08-29,21.901
11625,2006-08-30,21.901
11626,2006-08-31,20.609
11627,2006-09-01,21.467
11628,2006-09-02,26.461
11629,2006-09-03,50.991
11630,2006-09-04,43.002
11631,2006-09-05,37.832
11632,2006-09-06,27.904
11633,2006-09-07,22.782
11634,2006-09-08,21.036
11635,2006-09-09,40.093
11636,2006-09-10,67.322
11637,2006-09-11,87.276
11638,2006-09-12,68.047
11639,2006-09-13,49.093
11640,2006-09-14,37.276
11641,2006-09-15,41.246
11642,2006-09-16,70.24
11643,2006-09-17,79.327
11644,2006-09-18,47.846
11645,2006-09-19,53.571
11646,2006-09-20,44.792
11647,2006-09-21,36.723
11648,2006-09-22,33.487
11649,2006-09-23,25.518
11650,2006-09-24,23.229
11651,2006-09-25,23.679
11652,2006-09-26,22.782
11653,2006-09-27,21.901
11654,2006-09-28,21.467
11655,2006-09-29,24.133
11656,2006-09-30,22.34
11657,2006-10-01,21.467
11658,2006-10-02,20.609
11659,2006-10-03,20.186
11660,2006-10-04,20.609
11661,2006-10-05,25.518
11662,2006-10-06,44.792
11663,2006-10-07,47.846
11664,2006-10-08,46.613
11665,2006-10-09,32.961
11666,2006-10-10,27.904
11667,2006-10-11,31.404
11668,2006-10-12,33.487
11669,2006-10-13,35.089
11670,2006-10-14,30.385
11671,2006-10-15,49.093
11672,2006-10-16,171.519
11673,2006-10-17,199.987
11674,2006-10-18,151.203
11675,2006-10-19,135.981
11676,2006-10-20,88.089
11677,2006-10-21,58.902
11678,2006-10-22,47.846
11679,2006-10-23,41.828
11680,2006-10-24,36.175
11681,2006-10-25,34.551
11682,2006-10-26,30.385
11683,2006-10-27,28.885
11684,2006-10-28,27.419
11685,2006-10-29,25.053
11686,2006-10-30,50.991
11687,2006-10-31,70.979
11688,2006-11-01,92.208
11689,2006-11-02,60.271
11690,2006-11-03,47.228
11691,2006-11-04,35.089
11692,2006-11-05,33.487
11693,2006-11-06,32.961
11694,2006-11-07,128.159
11695,2006-11-08,370.988
11696,2006-11-09,245.683
11697,2006-11-10,117.746
11698,2006-11-11,76.243
11699,2006-11-12,52.921
11700,2006-11-13,48.468
11701,2006-11-14,44.792
11702,2006-11-15,40.668
11703,2006-11-16,36.723
11704,2006-11-17,46.003
11705,2006-11-18,93.879
11706,2006-11-19,136.973
11707,2006-11-20,114.975
11708,2006-11-21,90.55
11709,2006-11-22,79.327
11710,2006-11-23,58.902
11711,2006-11-24,57.548
11712,2006-11-25,84.855
11713,2006-11-26,106.839
11714,2006-11-27,85.659
11715,2006-11-28,111.326
11716,2006-11-29,88.089
11717,2006-11-30,73.214
11718,2006-12-01,63.753
11719,2006-12-02,53.571
11720,2006-12-03,52.274
11721,2006-12-04,46.003
11722,2006-12-05,46.003
11723,2006-12-06,41.246
11724,2006-12-07,62.349
11725,2006-12-08,41.246
11726,2006-12-09,38.955
11727,2006-12-10,37.832
11728,2006-12-11,35.089
11729,2006-12-12,33.487
11730,2006-12-13,32.961
11731,2006-12-14,34.551
11732,2006-12-15,34.551
11733,2006-12-16,28.393
11734,2006-12-17,26.461
11735,2006-12-18,27.419
11736,2006-12-19,25.053
11737,2006-12-20,31.404
11738,2006-12-21,53.571
11739,2006-12-22,36.175
11740,2006-12-23,37.276
11741,2006-12-24,68.047
11742,2006-12-25,68.774
11743,2006-12-26,76.243
11744,2006-12-27,58.902
11745,2006-12-28,49.722
11746,2006-12-29,43.595
11747,2006-12-30,35.63
11748,2006-12-31,27.419
11749,2007-01-01,32.961
11750,2007-01-02,22.782
11751,2007-01-03,22.782
11752,2007-01-04,30.385
11753,2007-01-05,30.893
11754,2007-01-06,31.404
11755,2007-01-07,38.955
11756,2007-01-08,32.438
11757,2007-01-09,35.089
11758,2007-01-10,24.591
11759,2007-01-11,34.551
11760,2007-01-12,29.382
11761,2007-01-13,31.404
11762,2007-01-14,36.175
11763,2007-01-15,32.961
11764,2007-01-16,25.053
11765,2007-01-17,21.036
11766,2007-01-18,29.882
11767,2007-01-19,35.089
11768,2007-01-20,32.438
11769,2007-01-21,34.551
11770,2007-01-22,28.393
11771,2007-01-23,21.901
11772,2007-01-24,22.782
11773,2007-01-25,21.036
11774,2007-01-26,20.186
11775,2007-01-27,22.782
11776,2007-01-28,18.534
11777,2007-01-29,46.003
11778,2007-01-30,30.893
11779,2007-01-31,20.609
11780,2007-02-01,18.534
11781,2007-02-02,18.941
11782,2007-02-03,15.422
11783,2007-02-04,14.684
11784,2007-02-05,15.051
11785,2007-02-06,16.176
11786,2007-02-07,15.051
11787,2007-02-08,14.684
11788,2007-02-09,13.608
11789,2007-02-10,12.91
11790,2007-02-11,11.566
11791,2007-02-12,11.896
11792,2007-02-13,10.919
11793,2007-02-14,11.24
11794,2007-02-15,8.498
11795,2007-02-16,9.078
11796,2007-02-17,11.566
11797,2007-02-18,16.559
11798,2007-02-19,17.337
11799,2007-02-20,15.422
11800,2007-02-21,15.422
11801,2007-02-22,14.684
11802,2007-02-23,16.559
11803,2007-02-24,20.186
11804,2007-02-25,115.895
11805,2007-02-26,51.631
11806,2007-02-27,56.877
11807,2007-02-28,53.571
11808,2007-03-01,37.832
11809,2007-03-02,24.591
11810,2007-03-03,18.534
11811,2007-03-04,19.767
11812,2007-03-05,20.186
11813,2007-03-06,16.946
11814,2007-03-07,16.946
11815,2007-03-08,15.797
11816,2007-03-09,15.797
11817,2007-03-10,25.518
11818,2007-03-11,35.089
11819,2007-03-12,49.093
11820,2007-03-13,35.63
11821,2007-03-14,28.393
11822,2007-03-15,21.901
11823,2007-03-16,18.941
11824,2007-03-17,15.051
11825,2007-03-18,13.257
11826,2007-03-19,13.257
11827,2007-03-20,12.568
11828,2007-03-21,12.91
11829,2007-03-22,9.675
11830,2007-03-23,11.24
11831,2007-03-24,11.24
11832,2007-03-25,10.288
11833,2007-03-26,13.608
11834,2007-03-27,13.257
11835,2007-03-28,12.568
11836,2007-03-29,11.24
11837,2007-03-30,10.919
11838,2007-03-31,10.919
11839,2007-04-01,10.288
11840,2007-04-02,7.125
11841,2007-04-03,38.392
11842,2007-04-04,26.461
11843,2007-04-05,22.782
11844,2007-04-06,26.938
11845,2007-04-07,22.782
11846,2007-04-08,23.679
11847,2007-04-09,23.679
11848,2007-04-10,23.679
11849,2007-04-11,22.34
11850,2007-04-12,21.901
11851,2007-04-13,25.053
11852,2007-04-14,18.131
11853,2007-04-15,58.224
11854,2007-04-16,112.233
11855,2007-04-17,86.466
11856,2007-04-18,56.208
11857,2007-04-19,38.955
11858,2007-04-20,30.385
11859,2007-04-21,25.988
11860,2007-04-22,23.679
11861,2007-04-23,21.901
11862,2007-04-24,22.34
11863,2007-04-25,23.229
11864,2007-04-26,21.901
11865,2007-04-27,22.782
11866,2007-04-28,21.036
11867,2007-04-29,20.186
11868,2007-04-30,23.229
11869,2007-05-01,17.732
11870,2007-05-02,18.534
11871,2007-05-03,17.337
11872,2007-05-04,26.938
11873,2007-05-05,34.017
11874,2007-05-06,34.017
11875,2007-05-07,52.274
11876,2007-05-08,35.089
11877,2007-05-09,28.393
11878,2007-05-10,29.882
11879,2007-05-11,25.988
11880,2007-05-12,23.679
11881,2007-05-13,22.782
11882,2007-05-14,24.133
11883,2007-05-15,32.961
11884,2007-05-16,65.884
11885,2007-05-17,137.968
11886,2007-05-18,121.487
11887,2007-05-19,108.624
11888,2007-05-20,93.879
11889,2007-05-21,83.259
11890,2007-05-22,70.979
11891,2007-05-23,63.049
11892,2007-05-24,67.322
11893,2007-05-25,60.271
11894,2007-05-26,47.846
11895,2007-05-27,43.002
11896,2007-05-28,40.668
11897,2007-05-29,35.63
11898,2007-05-30,35.089
11899,2007-05-31,31.404
11900,2007-06-01,31.404
11901,2007-06-02,30.893
11902,2007-06-03,29.882
11903,2007-06-04,30.893
11904,2007-06-05,25.518
11905,2007-06-06,28.393
11906,2007-06-07,26.461
11907,2007-06-08,25.518
11908,2007-06-09,25.988
11909,2007-06-10,26.461
11910,2007-06-11,26.461
11911,2007-06-12,26.461
11912,2007-06-13,25.518
11913,2007-06-14,24.591
11914,2007-06-15,25.053
11915,2007-06-16,32.961
11916,2007-06-17,32.438
11917,2007-06-18,33.487
11918,2007-06-19,30.385
11919,2007-06-20,29.382
11920,2007-06-21,26.461
11921,2007-06-22,25.988
11922,2007-06-23,24.591
11923,2007-06-24,20.186
11924,2007-06-25,21.467
11925,2007-06-26,21.036
11926,2007-06-27,19.353
11927,2007-06-28,21.901
11928,2007-06-29,22.782
11929,2007-06-30,23.679
11930,2007-07-01,22.34
11931,2007-07-02,18.131
11932,2007-07-03,18.534
11933,2007-07-04,18.131
11934,2007-07-05,20.186
11935,2007-07-06,18.941
11936,2007-07-07,21.901
11937,2007-07-08,60.271
11938,2007-07-09,160.683
11939,2007-07-10,156.438
11940,2007-07-11,140.974
11941,2007-07-12,120.547
11942,2007-07-13,82.466
11943,2007-07-14,58.902
11944,2007-07-15,47.846
11945,2007-07-16,38.955
11946,2007-07-17,35.089
11947,2007-07-18,35.63
11948,2007-07-19,34.551
11949,2007-07-20,31.919
11950,2007-07-21,31.404
11951,2007-07-22,56.877
11952,2007-07-23,188.365
11953,2007-07-24,208.308
11954,2007-07-25,157.494
11955,2007-07-26,125.28
11956,2007-07-27,81.676
11957,2007-07-28,53.571
11958,2007-07-29,46.003
11959,2007-07-30,41.828
11960,2007-07-31,36.175
11961,2007-08-01,41.828
11962,2007-08-02,47.228
11963,2007-08-03,53.571
11964,2007-08-04,55.544
11965,2007-08-05,53.571
11966,2007-08-06,52.274
11967,2007-08-07,55.544
11968,2007-08-08,59.585
11969,2007-08-09,56.877
11970,2007-08-10,50.991
11971,2007-08-11,47.228
11972,2007-08-12,43.595
11973,2007-08-13,41.246
11974,2007-08-14,40.093
11975,2007-08-15,39.522
11976,2007-08-16,38.392
11977,2007-08-17,36.723
11978,2007-08-18,36.723
11979,2007-08-19,36.723
11980,2007-08-20,36.723
11981,2007-08-21,36.723
11982,2007-08-22,35.089
11983,2007-08-23,34.017
11984,2007-08-24,32.438
11985,2007-08-25,33.487
11986,2007-08-26,35.089
11987,2007-08-27,40.093
11988,2007-08-28,43.002
11989,2007-08-29,39.522
11990,2007-08-30,36.723
11991,2007-08-31,35.089
11992,2007-09-01,34.017
11993,2007-09-02,32.438
11994,2007-09-03,32.438
11995,2007-09-04,32.438
11996,2007-09-05,32.438
11997,2007-09-06,32.438
11998,2007-09-07,30.893
11999,2007-09-08,29.882
12000,2007-09-09,29.882
12001,2007-09-10,28.393
12002,2007-09-11,26.461
12003,2007-09-12,25.988
12004,2007-09-13,25.053
12005,2007-09-14,25.053
12006,2007-09-15,25.988
12007,2007-09-16,25.988
12008,2007-09-17,26.461
12009,2007-09-18,32.438
12010,2007-09-19,40.093
12011,2007-09-20,57.548
12012,2007-09-21,126.237
12013,2007-09-22,281.667
12014,2007-09-23,443.867
12015,2007-09-24,513.529
12016,2007-09-25,467.731
12017,2007-09-26,302.607
12018,2007-09-27,141.983
12019,2007-09-28,98.973
12020,2007-09-29,104.187
12021,2007-09-30,95.564
12022,2007-10-01,68.047
12023,2007-10-02,64.46
12024,2007-10-03,60.96
12025,2007-10-04,59.585
12026,2007-10-05,57.548
12027,2007-10-06,55.544
12028,2007-10-07,54.883
12029,2007-10-08,54.883
12030,2007-10-09,56.877
12031,2007-10-10,72.465
12032,2007-10-11,114.975
12033,2007-10-12,183.803
12034,2007-10-13,204.723
12035,2007-10-14,167.146
12036,2007-10-15,188.365
12037,2007-10-16,243.105
12038,2007-10-17,213.131
12039,2007-10-18,123.377
12040,2007-10-19,91.378
12041,2007-10-20,85.659
12042,2007-10-21,91.378
12043,2007-10-22,93.879
12044,2007-10-23,81.676
12045,2007-10-24,71.72
12046,2007-10-25,65.884
12047,2007-10-26,63.049
12048,2007-10-27,62.349
12049,2007-10-28,68.774
12050,2007-10-29,94.72
12051,2007-10-30,144.009
12052,2007-10-31,196.468
12053,2007-11-01,189.513
12054,2007-11-02,281.667
12055,2007-11-03,204.723
12056,2007-11-04,150.166
12057,2007-11-05,127.196
12058,2007-11-06,98.116
12059,2007-11-07,79.327
12060,2007-11-08,72.465
12061,2007-11-09,65.884
12062,2007-11-10,62.349
12063,2007-11-11,62.349
12064,2007-11-12,60.271
12065,2007-11-13,56.877
12066,2007-11-14,89.727
12067,2007-11-15,98.973
12068,2007-11-16,90.55
12069,2007-11-17,83.259
12070,2007-11-18,73.966
12071,2007-11-19,95.564
12072,2007-11-20,101.565
12073,2007-11-21,88.906
12074,2007-11-22,72.465
12075,2007-11-23,58.224
12076,2007-11-24,53.571
12077,2007-11-25,50.355
12078,2007-11-26,49.093
12079,2007-11-27,46.613
12080,2007-11-28,44.792
12081,2007-11-29,41.246
12082,2007-11-30,38.392
12083,2007-12-01,38.392
12084,2007-12-02,34.551
12085,2007-12-03,34.017
12086,2007-12-04,34.551
12087,2007-12-05,35.089
12088,2007-12-06,35.63
12089,2007-12-07,34.017
12090,2007-12-08,30.893
12091,2007-12-09,30.385
12092,2007-12-10,28.885
12093,2007-12-11,63.753
12094,2007-12-12,65.17
12095,2007-12-13,52.921
12096,2007-12-14,43.595
12097,2007-12-15,37.276
12098,2007-12-16,34.017
12099,2007-12-17,31.919
12100,2007-12-18,30.385
12101,2007-12-19,29.382
12102,2007-12-20,26.938
12103,2007-12-21,24.591
12104,2007-12-22,25.053
12105,2007-12-23,24.591
12106,2007-12-24,22.34
12107,2007-12-25,23.679
12108,2007-12-26,25.988
12109,2007-12-27,25.518
12110,2007-12-28,27.419
12111,2007-12-29,28.885
12112,2007-12-30,32.961
12113,2007-12-31,37.276
12114,2008-01-01,28.393
12115,2008-01-02,30.893
12116,2008-01-03,26.461
12117,2008-01-04,23.679
12118,2008-01-05,24.133
12119,2008-01-06,26.938
12120,2008-01-07,25.518
12121,2008-01-08,22.782
12122,2008-01-09,20.186
12123,2008-01-10,18.131
12124,2008-01-11,18.131
12125,2008-01-12,11.896
12126,2008-01-13,10.601
12127,2008-01-14,16.946
12128,2008-01-15,16.559
12129,2008-01-16,14.684
12130,2008-01-17,19.353
12131,2008-01-18,46.003
12132,2008-01-19,58.224
12133,2008-01-20,65.17
12134,2008-01-21,41.246
12135,2008-01-22,31.404
12136,2008-01-23,27.904
12137,2008-01-24,20.609
12138,2008-01-25,21.036
12139,2008-01-26,17.732
12140,2008-01-27,16.559
12141,2008-01-28,15.422
12142,2008-01-29,15.051
12143,2008-01-30,15.422
12144,2008-01-31,17.337
12145,2008-02-01,23.679
12146,2008-02-02,26.461
12147,2008-02-03,33.487
12148,2008-02-04,27.419
12149,2008-02-05,24.591
12150,2008-02-06,16.559
12151,2008-02-07,15.051
12152,2008-02-08,15.051
12153,2008-02-09,13.608
12154,2008-02-10,13.257
12155,2008-02-11,16.559
12156,2008-02-12,23.229
12157,2008-02-13,21.036
12158,2008-02-14,19.767
12159,2008-02-15,21.036
12160,2008-02-16,18.534
12161,2008-02-17,16.559
12162,2008-02-18,13.962
12163,2008-02-19,13.608
12164,2008-02-20,12.91
12165,2008-02-21,12.91
12166,2008-02-22,12.23
12167,2008-02-23,12.23
12168,2008-02-24,11.566
12169,2008-02-25,11.566
12170,2008-02-26,11.566
12171,2008-02-27,11.24
12172,2008-02-28,11.24
12173,2008-02-29,15.797
12174,2008-03-01,22.782
12175,2008-03-02,18.534
12176,2008-03-03,16.559
12177,2008-03-04,16.946
12178,2008-03-05,16.559
12179,2008-03-06,15.797
12180,2008-03-07,15.422
12181,2008-03-08,13.962
12182,2008-03-09,13.608
12183,2008-03-10,17.732
12184,2008-03-11,16.946
12185,2008-03-12,14.684
12186,2008-03-13,13.608
12187,2008-03-14,12.91
12188,2008-03-15,12.91
12189,2008-03-16,12.23
12190,2008-03-17,11.566
12191,2008-03-18,11.566
12192,2008-03-19,11.24
12193,2008-03-20,10.601
12194,2008-03-21,13.257
12195,2008-03-22,8.498
12196,2008-03-23,9.675
12197,2008-03-24,10.288
12198,2008-03-25,11.24
12199,2008-03-26,10.919
12200,2008-03-27,9.078
12201,2008-03-28,8.786
12202,2008-03-29,11.896
12203,2008-03-30,11.24
12204,2008-03-31,10.288
12205,2008-04-01,9.979
12206,2008-04-02,10.601
12207,2008-04-03,12.568
12208,2008-04-04,16.559
12209,2008-04-05,15.422
12210,2008-04-06,10.919
12211,2008-04-07,9.979
12212,2008-04-08,9.979
12213,2008-04-09,9.979
12214,2008-04-10,13.962
12215,2008-04-11,9.675
12216,2008-04-12,13.257
12217,2008-04-13,12.91
12218,2008-04-14,14.684
12219,2008-04-15,18.534
12220,2008-04-16,23.229
12221,2008-04-17,20.186
12222,2008-04-18,17.337
12223,2008-04-19,14.321
12224,2008-04-20,12.23
12225,2008-04-21,10.919
12226,2008-04-22,10.601
12227,2008-04-23,9.374
12228,2008-04-24,10.601
12229,2008-04-25,11.24
12230,2008-04-26,13.257
12231,2008-04-27,12.568
12232,2008-04-28,13.962
12233,2008-04-29,21.036
12234,2008-04-30,40.668
12235,2008-05-01,49.093
12236,2008-05-02,44.192
12237,2008-05-03,50.355
12238,2008-05-04,50.991
12239,2008-05-05,55.544
12240,2008-05-06,41.246
12241,2008-05-07,30.385
12242,2008-05-08,22.782
12243,2008-05-09,22.34
12244,2008-05-10,19.353
12245,2008-05-11,17.732
12246,2008-05-12,16.946
12247,2008-05-13,15.797
12248,2008-05-14,13.608
12249,2008-05-15,15.797
12250,2008-05-16,13.962
12251,2008-05-17,13.608
12252,2008-05-18,13.608
12253,2008-05-19,10.919
12254,2008-05-20,10.288
12255,2008-05-21,9.979
12256,2008-05-22,12.23
12257,2008-05-23,9.979
12258,2008-05-24,11.566
12259,2008-05-25,11.896
12260,2008-05-26,10.919
12261,2008-05-27,10.919
12262,2008-05-28,9.675
12263,2008-05-29,28.885
12264,2008-05-30,33.487
12265,2008-05-31,37.276
12266,2008-06-01,32.438
12267,2008-06-02,31.404
12268,2008-06-03,34.551
12269,2008-06-04,49.722
12270,2008-06-05,50.355
12271,2008-06-06,56.208
12272,2008-06-07,58.224
12273,2008-06-08,49.722
12274,2008-06-09,53.571
12275,2008-06-10,128.159
12276,2008-06-11,139.969
12277,2008-06-12,103.31
12278,2008-06-13,72.465
12279,2008-06-14,56.877
12280,2008-06-15,42.413
12281,2008-06-16,37.832
12282,2008-06-17,31.919
12283,2008-06-18,31.404
12284,2008-06-19,32.961
12285,2008-06-20,32.438
12286,2008-06-21,31.404
12287,2008-06-22,27.419
12288,2008-06-23,29.882
12289,2008-06-24,29.882
12290,2008-06-25,28.393
12291,2008-06-26,28.885
12292,2008-06-27,45.395
12293,2008-06-28,120.547
12294,2008-06-29,155.385
12295,2008-06-30,116.819
12296,2008-07-01,105.068
12297,2008-07-02,87.276
12298,2008-07-03,70.979
12299,2008-07-04,56.877
12300,2008-07-05,50.991
12301,2008-07-06,54.225
12302,2008-07-07,48.468
12303,2008-07-08,42.413
12304,2008-07-09,52.274
12305,2008-07-10,52.274
12306,2008-07-11,52.274
12307,2008-07-12,43.002
12308,2008-07-13,32.961
12309,2008-07-14,34.551
12310,2008-07-15,31.404
12311,2008-07-16,31.919
12312,2008-07-17,31.404
12313,2008-07-18,29.882
12314,2008-07-19,29.882
12315,2008-07-20,28.885
12316,2008-07-21,27.419
12317,2008-07-22,32.438
12318,2008-07-23,38.392
12319,2008-07-24,41.246
12320,2008-07-25,37.832
12321,2008-07-26,30.385
12322,2008-07-27,32.961
12323,2008-07-28,29.882
12324,2008-07-29,28.885
12325,2008-07-30,28.885
12326,2008-07-31,36.175
12327,2008-08-01,44.792
12328,2008-08-02,55.544
12329,2008-08-03,103.31
12330,2008-08-04,95.564
12331,2008-08-05,81.676
12332,2008-08-06,66.601
12333,2008-08-07,43.002
12334,2008-08-08,37.832
12335,2008-08-09,34.551
12336,2008-08-10,30.893
12337,2008-08-11,29.382
12338,2008-08-12,37.276
12339,2008-08-13,75.481
12340,2008-08-14,85.659
12341,2008-08-15,85.659
12342,2008-08-16,65.17
12343,2008-08-17,50.355
12344,2008-08-18,68.774
12345,2008-08-19,120.547
12346,2008-08-20,98.116
12347,2008-08-21,90.55
12348,2008-08-22,89.727
12349,2008-08-23,63.753
12350,2008-08-24,54.225
12351,2008-08-25,49.722
12352,2008-08-26,43.002
12353,2008-08-27,41.246
12354,2008-08-28,37.832
12355,2008-08-29,40.668
12356,2008-08-30,40.093
12357,2008-08-31,38.392
12358,2008-09-01,35.63
12359,2008-09-02,33.487
12360,2008-09-03,30.893
12361,2008-09-04,30.385
12362,2008-09-05,30.385
12363,2008-09-06,52.274
12364,2008-09-07,63.049
12365,2008-09-08,68.774
12366,2008-09-09,54.883
12367,2008-09-10,49.722
12368,2008-09-11,36.723
12369,2008-09-12,45.395
12370,2008-09-13,66.601
12371,2008-09-14,66.601
12372,2008-09-15,60.271
12373,2008-09-16,51.631
12374,2008-09-17,34.017
12375,2008-09-18,32.438
12376,2008-09-19,29.882
12377,2008-09-20,28.393
12378,2008-09-21,30.893
12379,2008-09-22,29.382
12380,2008-09-23,28.885
12381,2008-09-24,27.419
12382,2008-09-25,26.938
12383,2008-09-26,27.904
12384,2008-09-27,28.885
12385,2008-09-28,21.467
12386,2008-09-29,23.229
12387,2008-09-30,26.938
12388,2008-10-01,25.518
12389,2008-10-02,25.988
12390,2008-10-03,26.461
12391,2008-10-04,24.591
12392,2008-10-05,24.591
12393,2008-10-06,22.782
12394,2008-10-07,23.679
12395,2008-10-08,20.609
12396,2008-10-09,19.767
12397,2008-10-10,18.131
12398,2008-10-11,18.534
12399,2008-10-12,21.036
12400,2008-10-13,24.591
12401,2008-10-14,48.468
12402,2008-10-15,213.131
12403,2008-10-16,361.716
12404,2008-10-17,289.962
12405,2008-10-18,190.664
12406,2008-10-19,134.992
12407,2008-10-20,83.259
12408,2008-10-21,60.271
12409,2008-10-22,49.722
12410,2008-10-23,133.023
12411,2008-10-24,276.197
12412,2008-10-25,203.535
12413,2008-10-26,366.339
12414,2008-10-27,551.916
12415,2008-10-28,410.753
12416,2008-10-29,278.926
12417,2008-10-30,294.15
12418,2008-10-31,256.115
12419,2008-11-01,167.146
12420,2008-11-02,181.541
12421,2008-11-03,162.825
12422,2008-11-04,137.968
12423,2008-11-05,123.377
12424,2008-11-06,103.31
12425,2008-11-07,138.967
12426,2008-11-08,116.819
12427,2008-11-09,94.72
12428,2008-11-10,88.906
12429,2008-11-11,73.966
12430,2008-11-12,82.466
12431,2008-11-13,97.262
12432,2008-11-14,126.237
12433,2008-11-15,97.262
12434,2008-11-16,76.243
12435,2008-11-17,56.877
12436,2008-11-18,63.753
12437,2008-11-19,56.877
12438,2008-11-20,49.093
12439,2008-11-21,49.722
12440,2008-11-22,52.921
12441,2008-11-23,52.274
12442,2008-11-24,46.003
12443,2008-11-25,40.668
12444,2008-11-26,40.093
12445,2008-11-27,40.093
12446,2008-11-28,40.093
12447,2008-11-29,37.832
12448,2008-11-30,39.522
12449,2008-12-01,37.276
12450,2008-12-02,35.63
12451,2008-12-03,37.276
12452,2008-12-04,36.723
12453,2008-12-05,36.175
12454,2008-12-06,35.089
12455,2008-12-07,29.882
12456,2008-12-08,29.882
12457,2008-12-09,29.382
12458,2008-12-10,29.882
12459,2008-12-11,29.382
12460,2008-12-12,26.461
12461,2008-12-13,25.518
12462,2008-12-14,25.518
12463,2008-12-15,29.882
12464,2008-12-16,33.487
12465,2008-12-17,38.392
12466,2008-12-18,30.893
12467,2008-12-19,27.904
12468,2008-12-20,25.053
12469,2008-12-21,23.679
12470,2008-12-22,24.133
12471,2008-12-23,25.988
12472,2008-12-24,29.882
12473,2008-12-25,34.551
12474,2008-12-26,34.551
12475,2008-12-27,34.017
12476,2008-12-28,36.175
12477,2008-12-29,28.885
12478,2008-12-30,24.133
12479,2008-12-31,21.467
12480,2009-01-01,37.276
12481,2009-01-02,35.63
12482,2009-01-03,37.276
12483,2009-01-04,36.723
12484,2009-01-05,36.723
12485,2009-01-06,34.017
12486,2009-01-07,32.961
12487,2009-01-08,29.882
12488,2009-01-09,29.382
12489,2009-01-10,29.882
12490,2009-01-11,29.382
12491,2009-01-12,26.461
12492,2009-01-13,25.988
12493,2009-01-14,31.404
12494,2009-01-15,29.882
12495,2009-01-16,30.385
12496,2009-01-17,27.904
12497,2009-01-18,25.053
12498,2009-01-19,23.679
12499,2009-01-20,24.133
12500,2009-01-21,25.988
12501,2009-01-22,29.882
12502,2009-01-23,30.385
12503,2009-01-24,34.551
12504,2009-01-25,34.017
12505,2009-01-26,38.955
12506,2009-01-27,29.382
12507,2009-01-28,24.133
12508,2009-01-29,22.34
12509,2009-01-30,24.133
12510,2009-01-31,21.467
12511,2009-02-01,17.732
12512,2009-02-02,16.559
12513,2009-02-03,15.422
12514,2009-02-04,17.732
12515,2009-02-05,17.337
12516,2009-02-06,15.051
12517,2009-02-07,15.797
12518,2009-02-08,14.321
12519,2009-02-09,13.257
12520,2009-02-10,12.91
12521,2009-02-11,19.353
12522,2009-02-12,14.321
12523,2009-02-13,12.568
12524,2009-02-14,11.896
12525,2009-02-15,12.91
12526,2009-02-16,10.919
12527,2009-02-17,8.786
12528,2009-02-18,7.125
12529,2009-02-19,21.036
12530,2009-02-20,25.988
12531,2009-02-21,17.337
12532,2009-02-22,42.413
12533,2009-02-23,29.382
12534,2009-02-24,25.053
12535,2009-02-25,30.385
12536,2009-02-26,26.938
12537,2009-02-27,25.988
12538,2009-02-28,17.337
12539,2009-03-01,16.176
12540,2009-03-02,21.036
12541,2009-03-03,24.133
12542,2009-03-04,18.534
12543,2009-03-05,18.941
12544,2009-03-06,19.353
12545,2009-03-07,15.051
12546,2009-03-08,11.24
12547,2009-03-09,11.566
12548,2009-03-10,10.288
12549,2009-03-11,9.078
12550,2009-03-12,9.979
12551,2009-03-13,12.91
12552,2009-03-14,10.919
12553,2009-03-15,14.684
12554,2009-03-16,10.919
12555,2009-03-17,10.288
12556,2009-03-18,9.675
12557,2009-03-19,8.498
12558,2009-03-20,9.374
12559,2009-03-21,9.675
12560,2009-03-22,9.979
12561,2009-03-23,9.675
12562,2009-03-24,5.861
12563,2009-03-25,8.786
12564,2009-03-26,7.661
12565,2009-03-27,7.936
12566,2009-03-28,8.498
12567,2009-03-29,7.661
12568,2009-03-30,8.786
12569,2009-03-31,7.936
12570,2009-04-01,5.861
12571,2009-04-02,7.391
12572,2009-04-03,5.861
12573,2009-04-04,8.498
12574,2009-04-05,7.125
12575,2009-04-06,7.936
12576,2009-04-07,8.498
12577,2009-04-08,7.125
12578,2009-04-09,6.606
12579,2009-04-10,8.498
12580,2009-04-11,8.786
12581,2009-04-12,7.125
12582,2009-04-13,6.353
12583,2009-04-14,7.125
12584,2009-04-15,10.288
12585,2009-04-16,6.606
12586,2009-04-17,5.861
12587,2009-04-18,6.864
12588,2009-04-19,5.157
12589,2009-04-20,8.215
12590,2009-04-21,6.105
12591,2009-04-22,8.786
12592,2009-04-23,6.864
12593,2009-04-24,5.861
12594,2009-04-25,7.391
12595,2009-04-26,6.606
12596,2009-04-27,6.606
12597,2009-04-28,6.353
12598,2009-04-29,3.87
12599,2009-04-30,5.861
12600,2009-05-01,5.861
12601,2009-05-02,7.936
12602,2009-05-03,6.606
12603,2009-05-04,6.105
12604,2009-05-05,6.105
12605,2009-05-06,5.861
12606,2009-05-07,5.622
12607,2009-05-08,5.387
12608,2009-05-09,7.391
12609,2009-05-10,9.078
12610,2009-05-11,5.861
12611,2009-05-12,6.105
12612,2009-05-13,8.215
12613,2009-05-14,17.337
12614,2009-05-15,18.534
12615,2009-05-16,17.732
12616,2009-05-17,16.559
12617,2009-05-18,14.321
12618,2009-05-19,7.661
12619,2009-05-20,9.374
12620,2009-05-21,8.498
12621,2009-05-22,7.125
12622,2009-05-23,7.661
12623,2009-05-24,9.078
12624,2009-05-25,7.936
12625,2009-05-26,7.391
12626,2009-05-27,6.864
12627,2009-05-28,7.125
12628,2009-05-29,7.125
12629,2009-05-30,17.732
12630,2009-05-31,27.904
12631,2009-06-01,35.63
12632,2009-06-02,37.832
12633,2009-06-03,26.938
12634,2009-06-04,20.609
12635,2009-06-05,16.946
12636,2009-06-06,13.257
12637,2009-06-07,11.566
12638,2009-06-08,11.896
12639,2009-06-09,8.498
12640,2009-06-10,10.288
12641,2009-06-11,9.979
12642,2009-06-12,9.675
12643,2009-06-13,9.675
12644,2009-06-14,9.979
12645,2009-06-15,9.078
12646,2009-06-16,8.498
12647,2009-06-17,11.24
12648,2009-06-18,11.24
12649,2009-06-19,8.498
12650,2009-06-20,10.601
12651,2009-06-21,9.979
12652,2009-06-22,10.288
12653,2009-06-23,15.797
12654,2009-06-24,18.131
12655,2009-06-25,21.036
12656,2009-06-26,25.053
12657,2009-06-27,21.901
12658,2009-06-28,21.036
12659,2009-06-29,13.257
12660,2009-06-30,17.732
12661,2009-07-01,13.608
12662,2009-07-02,8.786
12663,2009-07-03,12.91
12664,2009-07-04,9.078
12665,2009-07-05,7.936
12666,2009-07-06,9.979
12667,2009-07-07,14.321
12668,2009-07-08,61.653
12669,2009-07-09,77.009
12670,2009-07-10,60.271
12671,2009-07-11,46.613
12672,2009-07-12,37.276
12673,2009-07-13,36.175
12674,2009-07-14,29.882
12675,2009-07-15,26.938
12676,2009-07-16,27.419
12677,2009-07-17,26.461
12678,2009-07-18,25.518
12679,2009-07-19,25.518
12680,2009-07-20,22.782
12681,2009-07-21,21.036
12682,2009-07-22,41.828
12683,2009-07-23,67.322
12684,2009-07-24,67.322
12685,2009-07-25,51.631
12686,2009-07-26,38.392
12687,2009-07-27,30.893
12688,2009-07-28,28.393
12689,2009-07-29,25.053
12690,2009-07-30,20.609
12691,2009-07-31,23.229
12692,2009-08-01,20.186
12693,2009-08-02,41.828
12694,2009-08-03,37.832
12695,2009-08-04,27.419
12696,2009-08-05,30.385
12697,2009-08-06,38.955
12698,2009-08-07,41.246
12699,2009-08-08,56.208
12700,2009-08-09,325.683
12701,2009-08-10,455.729
12702,2009-08-11,417.284
12703,2009-08-12,276.197
12704,2009-08-13,213.131
12705,2009-08-14,142.994
12706,2009-08-15,93.879
12707,2009-08-16,69.506
12708,2009-08-17,77.778
12709,2009-08-18,129.126
12710,2009-08-19,137.968
12711,2009-08-20,181.541
12712,2009-08-21,150.166
12713,2009-08-22,129.126
12714,2009-08-23,98.116
12715,2009-08-24,73.966
12716,2009-08-25,50.991
12717,2009-08-26,51.631
12718,2009-08-27,50.991
12719,2009-08-28,55.544
12720,2009-08-29,46.613
12721,2009-08-30,40.668
12722,2009-08-31,40.668
12723,2009-09-01,40.668
12724,2009-09-02,56.877
12725,2009-09-03,196.468
12726,2009-09-04,264.066
12727,2009-09-05,209.509
12728,2009-09-06,178.172
12729,2009-09-07,147.073
12730,2009-09-08,126.237
12731,2009-09-09,197.638
12732,2009-09-10,174.831
12733,2009-09-11,161.752
12734,2009-09-12,186.078
12735,2009-09-13,151.203
12736,2009-09-14,129.126
12737,2009-09-15,112.233
12738,2009-09-16,92.208
12739,2009-09-17,80.106
12740,2009-09-18,344.99
12741,2009-09-19,235.446
12742,2009-09-20,187.22
12743,2009-09-21,145.027
12744,2009-09-22,112.233
12745,2009-09-23,87.276
12746,2009-09-24,77.778
12747,2009-09-25,68.047
12748,2009-09-26,65.17
12749,2009-09-27,76.243
12750,2009-09-28,216.781
12751,2009-09-29,237.987
12752,2009-09-30,213.131
12753,2009-10-01,80.106
12754,2009-10-02,74.722
12755,2009-10-03,67.322
12756,2009-10-04,63.753
12757,2009-10-05,61.653
12758,2009-10-06,125.28
12759,2009-10-07,109.521
12760,2009-10-08,85.659
12761,2009-10-09,71.72
12762,2009-10-10,65.17
12763,2009-10-11,72.465
12764,2009-10-12,75.481
12765,2009-10-13,63.753
12766,2009-10-14,58.902
12767,2009-10-15,65.884
12768,2009-10-16,61.653
12769,2009-10-17,54.225
12770,2009-10-18,50.991
12771,2009-10-19,49.722
12772,2009-10-20,47.228
12773,2009-10-21,46.003
12774,2009-10-22,45.395
12775,2009-10-23,45.395
12776,2009-10-24,65.17
12777,2009-10-25,73.966
12778,2009-10-26,56.877
12779,2009-10-27,49.093
12780,2009-10-28,47.228
12781,2009-10-29,44.792
12782,2009-10-30,42.413
12783,2009-10-31,40.093
12784,2009-11-01,37.276
12785,2009-11-02,36.175
12786,2009-11-03,36.175
12787,2009-11-04,32.961
12788,2009-11-05,35.63
12789,2009-11-06,45.395
12790,2009-11-07,57.548
12791,2009-11-08,114.975
12792,2009-11-09,105.068
12793,2009-11-10,141.983
12794,2009-11-11,153.287
12795,2009-11-12,117.746
12796,2009-11-13,87.276
12797,2009-11-14,182.671
12798,2009-11-15,306.876
12799,2009-11-16,324.218
12800,2009-11-17,315.493
12801,2009-11-18,239.262
12802,2009-11-19,264.066
12803,2009-11-20,186.078
12804,2009-11-21,194.137
12805,2009-11-22,485.118
12806,2009-11-23,587.713
12807,2009-11-24,574.408
12808,2009-11-25,423.861
12809,2009-11-26,330.094
12810,2009-11-27,248.273
12811,2009-11-28,256.115
12812,2009-11-29,273.48
12813,2009-11-30,232.918
12814,2009-12-01,380.366
12815,2009-12-02,311.171
12816,2009-12-03,277.56
12817,2009-12-04,309.736
12818,2009-12-05,256.115
12819,2009-12-06,205.915
12820,2009-12-07,192.976
12821,2009-12-08,156.438
12822,2009-12-09,145.027
12823,2009-12-10,177.055
12824,2009-12-11,299.776
12825,2009-12-12,364.795
12826,2009-12-13,404.269
12827,2009-12-14,277.56
12828,2009-12-15,202.349
12829,2009-12-16,163.9
12830,2009-12-17,129.126
12831,2009-12-18,104.187
12832,2009-12-19,93.879
12833,2009-12-20,89.727
12834,2009-12-21,86.466
12835,2009-12-22,84.855
12836,2009-12-23,83.259
12837,2009-12-24,89.727
12838,2009-12-25,134.992
12839,2009-12-26,111.326
12840,2009-12-27,100.698
12841,2009-12-28,93.879
12842,2009-12-29,81.676
12843,2009-12-30,79.327
12844,2009-12-31,62.349
12845,2010-01-01,60.271
12846,2010-01-02,56.208
12847,2010-01-03,52.274
12848,2010-01-04,52.921
12849,2010-01-05,112.233
12850,2010-01-06,261.404
12851,2010-01-07,314.05
12852,2010-01-08,315.493
12853,2010-01-09,325.683
12854,2010-01-10,427.167
12855,2010-01-11,455.729
12856,2010-01-12,435.481
12857,2010-01-13,318.39
12858,2010-01-14,237.987
12859,2010-01-15,164.979
12860,2010-01-16,122.43
12861,2010-01-17,178.172
12862,2010-01-18,171.519
12863,2010-01-19,226.65
12864,2010-01-20,450.628
12865,2010-01-21,585.804
12866,2010-01-22,513.529
12867,2010-01-23,394.629
12868,2010-01-24,256.115
12869,2010-01-25,216.781
12870,2010-01-26,203.535
12871,2010-01-27,150.166
12872,2010-01-28,126.237
12873,2010-01-29,117.746
12874,2010-01-30,112.233
12875,2010-01-31,97.262
12876,2010-02-01,89.727
12877,2010-02-02,78.551
12878,2010-02-03,70.979
12879,2010-02-04,67.322
12880,2010-02-05,65.17
12881,2010-02-06,60.271
12882,2010-02-07,60.96
12883,2010-02-08,56.208
12884,2010-02-09,61.653
12885,2010-02-10,63.049
12886,2010-02-11,55.544
12887,2010-02-12,52.921
12888,2010-02-13,52.274
12889,2010-02-14,68.774
12890,2010-02-15,130.095
12891,2010-02-16,285.801
12892,2010-02-17,180.415
12893,2010-02-18,115.895
12894,2010-02-19,98.116
12895,2010-02-20,76.243
12896,2010-02-21,59.585
12897,2010-02-22,50.991
12898,2010-02-23,92.208
12899,2010-02-24,123.377
12900,2010-02-25,101.565
12901,2010-02-26,86.466
12902,2010-02-27,68.774
12903,2010-02-28,54.883
12904,2010-03-01,45.395
12905,2010-03-02,47.846
12906,2010-03-03,44.792
12907,2010-03-04,40.093
12908,2010-03-05,40.668
12909,2010-03-06,38.392
12910,2010-03-07,36.175
12911,2010-03-08,36.175
12912,2010-03-09,34.551
12913,2010-03-10,34.551
12914,2010-03-11,32.438
12915,2010-03-12,31.919
12916,2010-03-13,31.404
12917,2010-03-14,32.961
12918,2010-03-15,29.882
12919,2010-03-16,31.919
12920,2010-03-17,28.885
12921,2010-03-18,26.938
12922,2010-03-19,26.461
12923,2010-03-20,28.393
12924,2010-03-21,27.904
12925,2010-03-22,40.093
12926,2010-03-23,35.089
12927,2010-03-24,40.093
12928,2010-03-25,36.723
12929,2010-03-26,31.919
12930,2010-03-27,25.053
12931,2010-03-28,26.461
12932,2010-03-29,31.404
12933,2010-03-30,23.229
12934,2010-03-31,24.133
12935,2010-04-01,21.901
12936,2010-04-02,20.609
12937,2010-04-03,21.467
12938,2010-04-04,18.534
12939,2010-04-05,20.186
12940,2010-04-06,18.131
12941,2010-04-07,18.131
12942,2010-04-08,16.946
12943,2010-04-09,16.559
12944,2010-04-10,16.946
12945,2010-04-11,16.559
12946,2010-04-12,16.559
12947,2010-04-13,16.559
12948,2010-04-14,17.732
12949,2010-04-15,15.051
12950,2010-04-16,17.732
12951,2010-04-17,15.051
12952,2010-04-18,14.321
12953,2010-04-19,12.568
12954,2010-04-20,14.321
12955,2010-04-21,26.461
12956,2010-04-22,58.224
12957,2010-04-23,115.895
12958,2010-04-24,114.058
12959,2010-04-25,94.72
12960,2010-04-26,98.116
12961,2010-04-27,86.466
12962,2010-04-28,84.855
12963,2010-04-29,70.979
12964,2010-04-30,48.468
12965,2010-05-01,38.955
12966,2010-05-02,35.63
12967,2010-05-03,32.438
12968,2010-05-04,31.919
12969,2010-05-05,32.961
12970,2010-05-06,34.017
12971,2010-05-07,34.551
12972,2010-05-08,28.885
12973,2010-05-09,29.382
12974,2010-05-10,27.419
12975,2010-05-11,21.901
12976,2010-05-12,26.938
12977,2010-05-13,25.988
12978,2010-05-14,24.591
12979,2010-05-15,25.053
12980,2010-05-16,22.34
12981,2010-05-17,24.591
12982,2010-05-18,65.17
12983,2010-05-19,173.724
12984,2010-05-20,155.385
12985,2010-05-21,134.992
12986,2010-05-22,114.975
12987,2010-05-23,78.551
12988,2010-05-24,63.049
12989,2010-05-25,67.322
12990,2010-05-26,70.979
12991,2010-05-27,65.17
12992,2010-05-28,54.883
12993,2010-05-29,48.468
12994,2010-05-30,44.192
12995,2010-05-31,41.828
12996,2010-06-01,41.828
12997,2010-06-02,40.668
12998,2010-06-03,40.093
12999,2010-06-04,43.002
13000,2010-06-05,50.355
13001,2010-06-06,63.753
13002,2010-06-07,58.224
13003,2010-06-08,60.96
13004,2010-06-09,42.413
13005,2010-06-10,37.276
13006,2010-06-11,36.723
13007,2010-06-12,35.089
13008,2010-06-13,33.487
13009,2010-06-14,32.438
13010,2010-06-15,33.487
13011,2010-06-16,36.723
13012,2010-06-17,56.208
13013,2010-06-18,109.521
13014,2010-06-19,155.385
13015,2010-06-20,167.146
13016,2010-06-21,119.61
13017,2010-06-22,97.262
13018,2010-06-23,70.24
13019,2010-06-24,57.548
13020,2010-06-25,52.274
13021,2010-06-26,50.355
13022,2010-06-27,47.228
13023,2010-06-28,52.274
13024,2010-06-29,43.595
13025,2010-06-30,47.846
13026,2010-07-01,44.792
13027,2010-07-02,39.522
13028,2010-07-03,40.668
13029,2010-07-04,39.522
13030,2010-07-05,38.392
13031,2010-07-06,37.832
13032,2010-07-07,35.089
13033,2010-07-08,33.487
13034,2010-07-09,35.63
13035,2010-07-10,44.192
13036,2010-07-11,65.17
13037,2010-07-12,132.044
13038,2010-07-13,225.406
13039,2010-07-14,203.535
13040,2010-07-15,183.803
13041,2010-07-16,115.895
13042,2010-07-17,126.237
13043,2010-07-18,163.9
13044,2010-07-19,380.366
13045,2010-07-20,301.19
13046,2010-07-21,237.987
13047,2010-07-22,192.976
13048,2010-07-23,130.095
13049,2010-07-24,128.159
13050,2010-07-25,114.058
13051,2010-07-26,116.819
13052,2010-07-27,103.31
13053,2010-07-28,82.466
13054,2010-07-29,78.551
13055,2010-07-30,76.243
13056,2010-07-31,67.322
13057,2010-08-01,51.631
13058,2010-08-02,77.778
13059,2010-08-03,78.551
13060,2010-08-04,70.24
13061,2010-08-05,60.271
13062,2010-08-06,58.902
13063,2010-08-07,54.883
13064,2010-08-08,50.355
13065,2010-08-09,52.921
13066,2010-08-10,49.722
13067,2010-08-11,49.093
13068,2010-08-12,52.274
13069,2010-08-13,48.468
13070,2010-08-14,52.274
13071,2010-08-15,53.571
13072,2010-08-16,49.093
13073,2010-08-17,44.192
13074,2010-08-18,47.228
13075,2010-08-19,40.093
13076,2010-08-20,40.093
13077,2010-08-21,35.63
13078,2010-08-22,35.63
13079,2010-08-23,40.668
13080,2010-08-24,36.723
13081,2010-08-25,35.63
13082,2010-08-26,34.551
13083,2010-08-27,34.017
13084,2010-08-28,33.487
13085,2010-08-29,33.487
13086,2010-08-30,32.438
13087,2010-08-31,31.404
13088,2010-09-01,32.438
13089,2010-09-02,49.093
13090,2010-09-03,132.044
13091,2010-09-04,227.897
13092,2010-09-05,187.22
13093,2010-09-06,170.421
13094,2010-09-07,137.968
13095,2010-09-08,83.259
13096,2010-09-09,52.921
13097,2010-09-10,44.792
13098,2010-09-11,46.613
13099,2010-09-12,47.228
13100,2010-09-13,60.96
13101,2010-09-14,190.664
13102,2010-09-15,192.976
13103,2010-09-16,138.967
13104,2010-09-17,103.31
13105,2010-09-18,79.327
13106,2010-09-19,56.877
13107,2010-09-20,49.722
13108,2010-09-21,63.049
13109,2010-09-22,245.683
13110,2010-09-23,393.033
13111,2010-09-24,366.339
13112,2010-09-25,274.837
13113,2010-09-26,219.23
13114,2010-09-27,137.968
13115,2010-09-28,90.55
13116,2010-09-29,81.676
13117,2010-09-30,73.966
13118,2010-10-01,60.271
13119,2010-10-02,52.921
13120,2010-10-03,58.224
13121,2010-10-04,52.921
13122,2010-10-05,54.883
13123,2010-10-06,50.991
13124,2010-10-07,66.601
13125,2010-10-08,70.24
13126,2010-10-09,70.979
13127,2010-10-10,60.271
13128,2010-10-11,50.991
13129,2010-10-12,45.395
13130,2010-10-13,41.828
13131,2010-10-14,46.613
13132,2010-10-15,52.274
13133,2010-10-16,54.883
13134,2010-10-17,49.722
13135,2010-10-18,44.192
13136,2010-10-19,64.46
13137,2010-10-20,44.192
13138,2010-10-21,39.522
13139,2010-10-22,35.089
13140,2010-10-23,34.017
13141,2010-10-24,30.893
13142,2010-10-25,34.017
13143,2010-10-26,34.017
13144,2010-10-27,28.885
13145,2010-10-28,29.882
13146,2010-10-29,29.882
13147,2010-10-30,36.175
13148,2010-10-31,36.723
13149,2010-11-01,40.668
13150,2010-11-02,34.017
13151,2010-11-03,29.882
13152,2010-11-04,25.988
13153,2010-11-05,26.461
13154,2010-11-06,25.053
13155,2010-11-07,24.591
13156,2010-11-08,21.901
13157,2010-11-09,25.518
13158,2010-11-10,25.988
13159,2010-11-11,25.988
13160,2010-11-12,25.518
13161,2010-11-13,23.679
13162,2010-11-14,21.036
13163,2010-11-15,20.186
13164,2010-11-16,16.559
13165,2010-11-17,21.901
13166,2010-11-18,16.176
13167,2010-11-19,16.176
13168,2010-11-20,16.176
13169,2010-11-21,16.559
13170,2010-11-22,16.176
13171,2010-11-23,15.422
13172,2010-11-24,34.551
13173,2010-11-25,31.919
13174,2010-11-26,26.938
13175,2010-11-27,29.882
13176,2010-11-28,26.938
13177,2010-11-29,20.186
13178,2010-11-30,16.946
13179,2010-12-01,17.732
13180,2010-12-02,16.946
13181,2010-12-03,17.337
13182,2010-12-04,16.946
13183,2010-12-05,18.534
13184,2010-12-06,17.732
13185,2010-12-07,17.732
13186,2010-12-08,18.941
13187,2010-12-09,16.946
13188,2010-12-10,16.559
13189,2010-12-11,14.684
13190,2010-12-12,20.609
13191,2010-12-13,178.172
13192,2010-12-14,128.159
13193,2010-12-15,61.653
13194,2010-12-16,64.46
13195,2010-12-17,42.413
13196,2010-12-18,36.723
13197,2010-12-19,29.382
13198,2010-12-20,56.208
13199,2010-12-21,49.722
13200,2010-12-22,67.322
13201,2010-12-23,52.921
13202,2010-12-24,51.631
13203,2010-12-25,37.276
13204,2010-12-26,34.017
13205,2010-12-27,26.461
13206,2010-12-28,25.053
13207,2010-12-29,26.938
13208,2010-12-30,24.591
13209,2010-12-31,22.782
13210,2011-01-01,26.938
13211,2011-01-02,24.133
13212,2011-01-03,24.133
13213,2011-01-04,74.722
13214,2011-01-05,44.192
13215,2011-01-06,37.276
13216,2011-01-07,28.393
13217,2011-01-08,25.053
13218,2011-01-09,22.782
13219,2011-01-10,22.34
13220,2011-01-11,21.901
13221,2011-01-12,21.036
13222,2011-01-13,19.353
13223,2011-01-14,17.337
13224,2011-01-15,21.467
13225,2011-01-16,21.036
13226,2011-01-17,20.609
13227,2011-01-18,18.941
13228,2011-01-19,19.767
13229,2011-01-20,18.941
13230,2011-01-21,20.609
13231,2011-01-22,20.186
13232,2011-01-23,18.131
13233,2011-01-24,14.684
13234,2011-01-25,20.186
13235,2011-01-26,19.353
13236,2011-01-27,17.337
13237,2011-01-28,17.732
13238,2011-01-29,22.34
13239,2011-01-30,21.901
13240,2011-01-31,18.941
13241,2011-02-01,25.053
13242,2011-02-02,23.229
13243,2011-02-03,23.679
13244,2011-02-04,24.591
13245,2011-02-05,23.679
13246,2011-02-06,23.679
13247,2011-02-07,22.34
13248,2011-02-08,52.274
13249,2011-02-09,130.095
13250,2011-02-10,65.17
13251,2011-02-11,58.902
13252,2011-02-12,42.413
13253,2011-02-13,48.468
13254,2011-02-14,29.882
13255,2011-02-15,28.393
13256,2011-02-16,26.461
13257,2011-02-17,22.34
13258,2011-02-18,20.186
13259,2011-02-19,22.782
13260,2011-02-20,19.353
13261,2011-02-21,18.941
13262,2011-02-22,20.609
13263,2011-02-23,41.246
13264,2011-02-24,70.979
13265,2011-02-25,56.877
13266,2011-02-26,61.653
13267,2011-02-27,44.792
13268,2011-02-28,34.017
13269,2011-03-01,24.133
13270,2011-03-02,24.591
13271,2011-03-03,23.229
13272,2011-03-04,20.609
13273,2011-03-05,17.337
13274,2011-03-06,16.946
13275,2011-03-07,15.797
13276,2011-03-08,16.176
13277,2011-03-09,16.559
13278,2011-03-10,13.962
13279,2011-03-11,15.797
13280,2011-03-12,16.176
13281,2011-03-13,14.684
13282,2011-03-14,14.684
13283,2011-03-15,14.321
13284,2011-03-16,17.337
13285,2011-03-17,13.257
13286,2011-03-18,13.257
13287,2011-03-19,13.257
13288,2011-03-20,12.91
13289,2011-03-21,12.91
13290,2011-03-22,13.962
13291,2011-03-23,11.24
13292,2011-03-24,18.941
13293,2011-03-25,14.321
13294,2011-03-26,23.679
13295,2011-03-27,23.679
13296,2011-03-28,75.481
13297,2011-03-29,139.969
13298,2011-03-30,111.326
13299,2011-03-31,107.73
13300,2011-04-01,88.906
13301,2011-04-02,54.225
13302,2011-04-03,31.404
13303,2011-04-04,25.518
13304,2011-04-05,26.938
13305,2011-04-06,24.133
13306,2011-04-07,24.591
13307,2011-04-08,21.036
13308,2011-04-09,21.467
13309,2011-04-10,24.591
13310,2011-04-11,20.186
13311,2011-04-12,16.946
13312,2011-04-13,17.337
13313,2011-04-14,15.797
13314,2011-04-15,104.187
13315,2011-04-16,102.436
13316,2011-04-17,108.624
13317,2011-04-18,99.834
13318,2011-04-19,73.966
13319,2011-04-20,52.274
13320,2011-04-21,77.778
13321,2011-04-22,79.327
13322,2011-04-23,324.218
13323,2011-04-24,337.505
13324,2011-04-25,285.801
13325,2011-04-26,169.326
13326,2011-04-27,134.992
13327,2011-04-28,86.466
13328,2011-04-29,63.049
13329,2011-04-30,49.093
13330,2011-05-01,60.271
13331,2011-05-02,101.565
13332,2011-05-03,134.006
13333,2011-05-04,34.551
13334,2011-05-05,60.271
13335,2011-05-06,47.228
13336,2011-05-07,49.722
13337,2011-05-08,46.613
13338,2011-05-09,45.395
13339,2011-05-10,50.355
13340,2011-05-11,155.385
13341,2011-05-12,221.691
13342,2011-05-13,151.203
13343,2011-05-14,128.159
13344,2011-05-15,105.068
13345,2011-05-16,79.327
13346,2011-05-17,65.884
13347,2011-05-18,59.585
13348,2011-05-19,61.653
13349,2011-05-20,46.613
13350,2011-05-21,50.355
13351,2011-05-22,48.468
13352,2011-05-23,47.846
13353,2011-05-24,46.613
13354,2011-05-25,47.846
13355,2011-05-26,47.228
13356,2011-05-27,44.192
13357,2011-05-28,43.002
13358,2011-05-29,40.093
13359,2011-05-30,38.955
13360,2011-05-31,37.832
13361,2011-06-01,38.392
13362,2011-06-02,32.438
13363,2011-06-03,34.551
13364,2011-06-04,35.63
13365,2011-06-05,33.487
13366,2011-06-06,31.404
13367,2011-06-07,37.832
13368,2011-06-08,47.228
13369,2011-06-09,47.228
13370,2011-06-10,46.613
13371,2011-06-11,43.002
13372,2011-06-12,32.961
13373,2011-06-13,33.487
13374,2011-06-14,26.461
13375,2011-06-15,24.591
13376,2011-06-16,24.133
13377,2011-06-17,30.385
13378,2011-06-18,56.877
13379,2011-06-19,93.879
13380,2011-06-20,77.009
13381,2011-06-21,114.975
13382,2011-06-22,88.089
13383,2011-06-23,149.132
13384,2011-06-24,210.714
13385,2011-06-25,280.295
13386,2011-06-26,258.753
13387,2011-06-27,162.825
13388,2011-06-28,123.377
13389,2011-06-29,93.042
13390,2011-06-30,71.72
13391,2011-07-01,63.753
13392,2011-07-02,61.653
13393,2011-07-03,55.544
13394,2011-07-04,64.46
13395,2011-07-05,50.991
13396,2011-07-06,50.355
13397,2011-07-07,46.613
13398,2011-07-08,46.613
13399,2011-07-09,42.413
13400,2011-07-10,41.828
13401,2011-07-11,47.228
13402,2011-07-12,38.392
13403,2011-07-13,73.966
13404,2011-07-14,116.819
13405,2011-07-15,126.237
13406,2011-07-16,112.233
13407,2011-07-17,105.952
13408,2011-07-18,87.276
13409,2011-07-19,72.465
13410,2011-07-20,72.465
13411,2011-07-21,394.629
13412,2011-07-22,454.026
13413,2011-07-23,427.167
13414,2011-07-24,240.54
13415,2011-07-25,191.819
13416,2011-07-26,104.187
13417,2011-07-27,88.906
13418,2011-07-28,76.243
13419,2011-07-29,78.551
13420,2011-07-30,114.975
13421,2011-07-31,130.095
13422,2011-08-01,126.237
13423,2011-08-02,125.28
13424,2011-08-03,107.73
13425,2011-08-04,99.834
13426,2011-08-05,93.042
13427,2011-08-06,69.506
13428,2011-08-07,66.601
13429,2011-08-08,70.979
13430,2011-08-09,162.825
13431,2011-08-10,316.94
13432,2011-08-11,264.066
13433,2011-08-12,268.082
13434,2011-08-13,192.976
13435,2011-08-14,113.144
13436,2011-08-15,100.698
13437,2011-08-16,84.855
13438,2011-08-17,71.72
13439,2011-08-18,93.042
13440,2011-08-19,131.068
13441,2011-08-20,133.023
13442,2011-08-21,105.952
13443,2011-08-22,87.276
13444,2011-08-23,73.966
13445,2011-08-24,63.049
13446,2011-08-25,58.902
13447,2011-08-26,60.271
13448,2011-08-27,52.274
13449,2011-08-28,56.208
13450,2011-08-29,73.966
13451,2011-08-30,73.966
13452,2011-08-31,75.481
13453,2011-09-01,68.774
13454,2011-09-02,64.46
13455,2011-09-03,56.208
13456,2011-09-04,48.468
13457,2011-09-05,41.828
13458,2011-09-06,45.395
13459,2011-09-07,41.246
13460,2011-09-08,44.192
13461,2011-09-09,41.246
13462,2011-09-10,41.246
13463,2011-09-11,39.522
13464,2011-09-12,38.955
13465,2011-09-13,31.919
13466,2011-09-14,34.551
13467,2011-09-15,32.961
13468,2011-09-16,30.385
13469,2011-09-17,34.017
13470,2011-09-18,32.961
13471,2011-09-19,31.919
13472,2011-09-20,48.468
13473,2011-09-21,58.224
13474,2011-09-22,58.224
13475,2011-09-23,48.468
13476,2011-09-24,38.955
13477,2011-09-25,34.551
13478,2011-09-26,29.882
13479,2011-09-27,25.053
13480,2011-09-28,25.518
13481,2011-09-29,25.518
13482,2011-09-30,23.229
13483,2011-10-01,40.093
13484,2011-10-02,53.571
13485,2011-10-03,63.753
13486,2011-10-04,67.322
13487,2011-10-05,43.002
13488,2011-10-06,30.893
13489,2011-10-07,27.904
13490,2011-10-08,35.089
13491,2011-10-09,55.544
13492,2011-10-10,58.224
13493,2011-10-11,49.093
13494,2011-10-12,39.522
13495,2011-10-13,40.093
13496,2011-10-14,62.349
13497,2011-10-15,62.349
13498,2011-10-16,48.468
13499,2011-10-17,41.246
13500,2011-10-18,37.832
13501,2011-10-19,26.938
13502,2011-10-20,24.591
13503,2011-10-21,24.133
13504,2011-10-22,24.591
13505,2011-10-23,23.679
13506,2011-10-24,23.229
13507,2011-10-25,28.885
13508,2011-10-26,37.832
13509,2011-10-27,49.722
13510,2011-10-28,49.093
13511,2011-10-29,45.395
13512,2011-10-30,42.413
13513,2011-10-31,33.487
13514,2011-11-01,31.919
13515,2011-11-02,27.904
13516,2011-11-03,25.053
13517,2011-11-04,23.679
13518,2011-11-05,22.782
13519,2011-11-06,23.679
13520,2011-11-07,23.679
13521,2011-11-08,21.901
13522,2011-11-09,18.534
13523,2011-11-10,25.988
13524,2011-11-11,34.551
13525,2011-11-12,31.919
13526,2011-11-13,28.885
13527,2011-11-14,25.988
13528,2011-11-15,24.591
13529,2011-11-16,23.679
13530,2011-11-17,21.467
13531,2011-11-18,20.609
13532,2011-11-19,19.353
13533,2011-11-20,17.732
13534,2011-11-21,18.131
13535,2011-11-22,21.901
13536,2011-11-23,24.133
13537,2011-11-24,22.34
13538,2011-11-25,23.679
13539,2011-11-26,21.467
13540,2011-11-27,18.131
13541,2011-11-28,16.559
13542,2011-11-29,16.176
13543,2011-11-30,15.422
13544,2011-12-01,14.321
13545,2011-12-02,11.566
13546,2011-12-03,13.608
13547,2011-12-04,10.288
13548,2011-12-05,12.91
13549,2011-12-06,14.684
13550,2011-12-07,11.24
13551,2011-12-08,14.684
13552,2011-12-09,13.608
13553,2011-12-10,10.288
13554,2011-12-11,9.675
13555,2011-12-12,8.215
13556,2011-12-13,7.391
13557,2011-12-14,9.675
13558,2011-12-15,12.568
13559,2011-12-16,7.661
13560,2011-12-17,9.374
13561,2011-12-18,12.23
13562,2011-12-19,9.675
13563,2011-12-20,9.675
13564,2011-12-21,10.919
13565,2011-12-22,9.675
13566,2011-12-23,10.288
13567,2011-12-24,10.919
13568,2011-12-25,11.896
13569,2011-12-26,11.566
13570,2011-12-27,9.675
13571,2011-12-28,11.566
13572,2011-12-29,9.979
13573,2011-12-30,10.601
13574,2011-12-31,10.601
13575,2012-01-01,7.936
13576,2012-01-02,8.498
13577,2012-01-03,8.215
13578,2012-01-04,11.24
13579,2012-01-05,7.391
13580,2012-01-06,9.078
13581,2012-01-07,7.125
13582,2012-01-08,7.661
13583,2012-01-09,7.391
13584,2012-01-10,7.936
13585,2012-01-11,9.078
13586,2012-01-12,7.936
13587,2012-01-13,11.24
13588,2012-01-14,8.215
13589,2012-01-15,7.391
13590,2012-01-16,7.125
13591,2012-01-17,7.391
13592,2012-01-18,7.661
13593,2012-01-19,7.125
13594,2012-01-20,7.391
13595,2012-01-21,5.387
13596,2012-01-22,7.391
13597,2012-01-23,10.288
13598,2012-01-24,14.684
13599,2012-01-25,16.559
13600,2012-01-26,17.337
13601,2012-01-27,15.797
13602,2012-01-28,12.91
13603,2012-01-29,10.288
13604,2012-01-30,7.936
13605,2012-01-31,7.936
13606,2012-02-01,8.215
13607,2012-02-02,7.936
13608,2012-02-03,6.606
13609,2012-02-04,7.936
13610,2012-02-05,6.606
13611,2012-02-06,12.23
13612,2012-02-07,12.568
13613,2012-02-08,10.919
13614,2012-02-09,11.896
13615,2012-02-10,16.946
13616,2012-02-11,20.186
13617,2012-02-12,12.91
13618,2012-02-13,8.786
13619,2012-02-14,8.786
13620,2012-02-15,8.498
13621,2012-02-16,7.391
13622,2012-02-17,7.661
13623,2012-02-18,7.391
13624,2012-02-19,7.391
13625,2012-02-20,8.215
13626,2012-02-21,6.606
13627,2012-02-22,7.936
13628,2012-02-23,7.391
13629,2012-02-24,7.661
13630,2012-02-25,7.936
13631,2012-02-26,7.125
13632,2012-02-27,7.661
13633,2012-02-28,7.391
13634,2012-02-29,7.661
13635,2012-03-01,10.288
13636,2012-03-02,11.566
13637,2012-03-03,10.601
13638,2012-03-04,9.675
13639,2012-03-05,11.24
13640,2012-03-06,7.936
13641,2012-03-07,7.661
13642,2012-03-08,6.606
13643,2012-03-09,6.606
13644,2012-03-10,7.125
13645,2012-03-11,5.861
13646,2012-03-12,4.709
13647,2012-03-13,5.861
13648,2012-03-14,7.125
13649,2012-03-15,6.606
13650,2012-03-16,6.353
13651,2012-03-17,6.105
13652,2012-03-18,6.606
13653,2012-03-19,5.387
13654,2012-03-20,5.387
13655,2012-03-21,4.493
13656,2012-03-22,5.622
13657,2012-03-23,11.24
13658,2012-03-24,7.125
13659,2012-03-25,6.606
13660,2012-03-26,7.125
13661,2012-03-27,6.864
13662,2012-03-28,6.606
13663,2012-03-29,6.606
13664,2012-03-30,5.157
13665,2012-03-31,6.864
13666,2012-04-01,6.606
13667,2012-04-02,5.622
13668,2012-04-03,5.387
13669,2012-04-04,4.709
13670,2012-04-05,5.622
13671,2012-04-06,6.606
13672,2012-04-07,6.864
13673,2012-04-08,6.353
13674,2012-04-09,6.353
13675,2012-04-10,7.391
13676,2012-04-11,7.391
13677,2012-04-12,6.606
13678,2012-04-13,6.105
13679,2012-04-14,6.353
13680,2012-04-15,7.125
13681,2012-04-16,6.353
13682,2012-04-17,6.606
13683,2012-04-18,6.353
13684,2012-04-19,6.606
13685,2012-04-20,5.387
13686,2012-04-21,4.931
13687,2012-04-22,4.931
13688,2012-04-23,6.105
13689,2012-04-24,6.105
13690,2012-04-25,5.157
13691,2012-04-26,4.493
13692,2012-04-27,4.493
13693,2012-04-28,5.622
13694,2012-04-29,4.709
13695,2012-04-30,4.709
13696,2012-05-01,4.28
13697,2012-05-02,4.709
13698,2012-05-03,5.387
13699,2012-05-04,4.493
13700,2012-05-05,4.28
13701,2012-05-06,5.157
13702,2012-05-07,5.622
13703,2012-05-08,4.709
13704,2012-05-09,4.709
13705,2012-05-10,4.493
13706,2012-05-11,4.493
13707,2012-05-12,4.073
13708,2012-05-13,4.709
13709,2012-05-14,4.709
13710,2012-05-15,4.073
13711,2012-05-16,4.493
13712,2012-05-17,4.493
13713,2012-05-18,5.622
13714,2012-05-19,4.931
13715,2012-05-20,5.157
13716,2012-05-21,5.157
13717,2012-05-22,5.622
13718,2012-05-23,4.28
13719,2012-05-24,5.387
13720,2012-05-25,4.28
13721,2012-05-26,5.387
13722,2012-05-27,5.861
13723,2012-05-28,5.861
13724,2012-05-29,6.606
13725,2012-05-30,7.125
13726,2012-05-31,6.606
13727,2012-06-01,6.606
13728,2012-06-02,5.157
13729,2012-06-03,5.622
13730,2012-06-04,7.125
13731,2012-06-05,6.606
13732,2012-06-06,5.861
13733,2012-06-07,4.493
13734,2012-06-08,6.353
13735,2012-06-09,5.622
13736,2012-06-10,5.622
13737,2012-06-11,7.125
13738,2012-06-12,7.391
13739,2012-06-13,7.936
13740,2012-06-14,7.661
13741,2012-06-15,7.125
13742,2012-06-16,6.606
13743,2012-06-17,7.391
13744,2012-06-18,8.786
13745,2012-06-19,11.566
13746,2012-06-20,12.91
13747,2012-06-21,13.257
13748,2012-06-22,11.566
13749,2012-06-23,7.661
13750,2012-06-24,6.864
13751,2012-06-25,7.936
13752,2012-06-26,8.498
13753,2012-06-27,5.157
13754,2012-06-28,6.105
13755,2012-06-29,5.861
13756,2012-06-30,5.861
13757,2012-07-01,5.861
13758,2012-07-02,4.931
13759,2012-07-03,5.622
13760,2012-07-04,5.622
13761,2012-07-05,6.105
13762,2012-07-06,20.609
13763,2012-07-07,98.116
13764,2012-07-08,90.55
13765,2012-07-09,68.774
13766,2012-07-10,41.246
13767,2012-07-11,26.461
13768,2012-07-12,23.679
13769,2012-07-13,20.186
13770,2012-07-14,19.353
13771,2012-07-15,16.176
13772,2012-07-16,15.422
13773,2012-07-17,11.24
13774,2012-07-18,12.23
13775,2012-07-19,8.786
13776,2012-07-20,11.896
13777,2012-07-21,10.288
13778,2012-07-22,9.979
13779,2012-07-23,10.919
13780,2012-07-24,10.288
13781,2012-07-25,16.559
13782,2012-07-26,10.919
13783,2012-07-27,12.91
13784,2012-07-28,11.896
13785,2012-07-29,49.093
13786,2012-07-30,73.966
13787,2012-07-31,40.093
13788,2012-08-01,63.753
13789,2012-08-02,44.792
13790,2012-08-03,41.828
13791,2012-08-04,30.893
13792,2012-08-05,24.591
13793,2012-08-06,23.679
13794,2012-08-07,20.186
13795,2012-08-08,16.559
13796,2012-08-09,14.321
13797,2012-08-10,14.321
13798,2012-08-11,17.337
13799,2012-08-12,13.257
13800,2012-08-13,14.684
13801,2012-08-14,22.34
13802,2012-08-15,20.186
13803,2012-08-16,26.938
13804,2012-08-17,21.901
13805,2012-08-18,18.131
13806,2012-08-19,17.732
13807,2012-08-20,16.176
13808,2012-08-21,15.797
13809,2012-08-22,15.797
13810,2012-08-23,15.422
13811,2012-08-24,13.257
13812,2012-08-25,13.608
13813,2012-08-26,14.684
13814,2012-08-27,20.609
13815,2012-08-28,21.901
13816,2012-08-29,23.679
13817,2012-08-30,21.036
13818,2012-08-31,18.534
13819,2012-09-01,15.797
13820,2012-09-02,15.051
13821,2012-09-03,13.257
13822,2012-09-04,12.91
13823,2012-09-05,12.23
13824,2012-09-06,11.566
13825,2012-09-07,9.374
13826,2012-09-08,10.919
13827,2012-09-09,12.23
13828,2012-09-10,17.337
13829,2012-09-11,65.884
13830,2012-09-12,76.243
13831,2012-09-13,56.208
13832,2012-09-14,38.392
13833,2012-09-15,27.904
13834,2012-09-16,24.591
13835,2012-09-17,22.34
13836,2012-09-18,20.186
13837,2012-09-19,58.902
13838,2012-09-20,139.969
13839,2012-09-21,114.975
13840,2012-09-22,97.262
13841,2012-09-23,68.047
13842,2012-09-24,41.828
13843,2012-09-25,30.893
13844,2012-09-26,26.938
13845,2012-09-27,25.518
13846,2012-09-28,24.591
13847,2012-09-29,21.467
13848,2012-09-30,21.467
13849,2012-10-01,22.34
13850,2012-10-02,142.994
13851,2012-10-03,472.917
13852,2012-10-04,405.886
13853,2012-10-05,330.094
13854,2012-10-06,211.921
13855,2012-10-07,155.385
13856,2012-10-08,105.952
13857,2012-10-09,76.243
13858,2012-10-10,116.819
13859,2012-10-11,172.62
13860,2012-10-12,133.023
13861,2012-10-13,111.326
13862,2012-10-14,80.106
13863,2012-10-15,59.585
13864,2012-10-16,82.466
13865,2012-10-17,110.422
13866,2012-10-18,93.879
13867,2012-10-19,79.327
13868,2012-10-20,66.601
13869,2012-10-21,52.921
13870,2012-10-22,96.411
13871,2012-10-23,191.819
13872,2012-10-24,154.334
13873,2012-10-25,116.819
13874,2012-10-26,101.565
13875,2012-10-27,70.979
13876,2012-10-28,111.326
13877,2012-10-29,140.974
13878,2012-10-30,161.752
13879,2012-10-31,182.671
13880,2012-11-01,134.006
13881,2012-11-02,100.698
13882,2012-11-03,57.548
13883,2012-11-04,68.774
13884,2012-11-05,61.653
13885,2012-11-06,56.877
13886,2012-11-07,50.355
13887,2012-11-08,54.883
13888,2012-11-09,47.228
13889,2012-11-10,44.792
13890,2012-11-11,43.002
13891,2012-11-12,40.668
13892,2012-11-13,37.832
13893,2012-11-14,35.089
13894,2012-11-15,26.461
13895,2012-11-16,34.551
13896,2012-11-17,32.438
13897,2012-11-18,28.885
13898,2012-11-19,28.885
13899,2012-11-20,40.093
13900,2012-11-21,37.832
13901,2012-11-22,35.63
13902,2012-11-23,37.832
13903,2012-11-24,60.271
13904,2012-11-25,68.047
13905,2012-11-26,59.585
13906,2012-11-27,50.355
13907,2012-11-28,35.63
13908,2012-11-29,32.961
13909,2012-11-30,31.404
13910,2012-12-01,27.904
13911,2012-12-02,40.668
13912,2012-12-03,84.055
13913,2012-12-04,92.208
13914,2012-12-05,95.564
13915,2012-12-06,81.676
13916,2012-12-07,69.506
13917,2012-12-08,60.96
13918,2012-12-09,47.228
13919,2012-12-10,40.093
13920,2012-12-11,41.828
13921,2012-12-12,55.544
13922,2012-12-13,340.49
13923,2012-12-14,606.959
13924,2012-12-15,583.898
13925,2012-12-16,430.484
13926,2012-12-17,254.8
13927,2012-12-18,151.203
13928,2012-12-19,102.436
13929,2012-12-20,105.952
13930,2012-12-21,150.166
13931,2012-12-22,274.837
13932,2012-12-23,211.921
13933,2012-12-24,150.166
13934,2012-12-25,141.983
13935,2012-12-26,124.327
13936,2012-12-27,132.044
13937,2012-12-28,327.15
13938,2012-12-29,427.167
13939,2012-12-30,375.664
13940,2012-12-31,284.42
13941,2013-01-01,236.715
13942,2013-01-02,194.137
13943,2013-01-03,141.983
13944,2013-01-04,123.377
13945,2013-01-05,109.521
13946,2013-01-06,262.733
13947,2013-01-07,298.365
13948,2013-01-08,314.05
13949,2013-01-09,315.493
13950,2013-01-10,235.446
13951,2013-01-11,183.803
13952,2013-01-12,137.968
13953,2013-01-13,110.422
13954,2013-01-14,91.378
13955,2013-01-15,84.855
13956,2013-01-16,80.889
13957,2013-01-17,78.551
13958,2013-01-18,72.465
13959,2013-01-19,67.322
13960,2013-01-20,61.653
13961,2013-01-21,56.877
13962,2013-01-22,55.544
13963,2013-01-23,52.921
13964,2013-01-24,50.355
13965,2013-01-25,47.846
13966,2013-01-26,49.093
13967,2013-01-27,47.228
13968,2013-01-28,44.192
13969,2013-01-29,40.668
13970,2013-01-30,38.392
13971,2013-01-31,37.276
13972,2013-02-01,37.276
13973,2013-02-02,32.438
13974,2013-02-03,34.551
13975,2013-02-04,29.382
13976,2013-02-05,31.404
13977,2013-02-06,31.919
13978,2013-02-07,32.438
13979,2013-02-08,27.419
13980,2013-02-09,31.919
13981,2013-02-10,31.919
13982,2013-02-11,32.438
13983,2013-02-12,24.591
13984,2013-02-13,29.882
13985,2013-02-14,25.518
13986,2013-02-15,24.591
13987,2013-02-16,33.487
13988,2013-02-17,26.461
13989,2013-02-18,38.392
13990,2013-02-19,40.668
13991,2013-02-20,43.595
13992,2013-02-21,46.003
13993,2013-02-22,30.893
13994,2013-02-23,25.518
13995,2013-02-24,25.053
13996,2013-02-25,24.591
13997,2013-02-26,35.089
13998,2013-02-27,28.393
13999,2013-02-28,26.938
14000,2013-03-01,22.782
14001,2013-03-02,18.131
14002,2013-03-03,21.467
14003,2013-03-04,23.229
14004,2013-03-05,32.438
14005,2013-03-06,40.668
14006,2013-03-07,38.392
14007,2013-03-08,32.961
14008,2013-03-09,89.727
14009,2013-03-10,86.466
14010,2013-03-11,107.73
14011,2013-03-12,129.126
14012,2013-03-13,240.54
14013,2013-03-14,128.159
14014,2013-03-15,88.906
14015,2013-03-16,63.049
14016,2013-03-17,43.595
14017,2013-03-18,38.955
14018,2013-03-19,37.276
14019,2013-03-20,50.355
14020,2013-03-21,67.322
14021,2013-03-22,66.601
14022,2013-03-23,55.544
14023,2013-03-24,43.002
14024,2013-03-25,34.551
14025,2013-03-26,31.919
14026,2013-03-27,27.419
14027,2013-03-28,26.938
14028,2013-03-29,24.133
14029,2013-03-30,22.782
14030,2013-03-31,24.133
14031,2013-04-01,24.591
14032,2013-04-02,55.544
14033,2013-04-03,40.093
14034,2013-04-04,56.208
14035,2013-04-05,214.345
14036,2013-04-06,189.513
14037,2013-04-07,128.159
14038,2013-04-08,91.378
14039,2013-04-09,60.96
14040,2013-04-10,51.631
14041,2013-04-11,45.395
14042,2013-04-12,96.411
14043,2013-04-13,161.752
14044,2013-04-14,122.43
14045,2013-04-15,101.565
14046,2013-04-16,80.889
14047,2013-04-17,53.571
14048,2013-04-18,53.571
14049,2013-04-19,50.991
14050,2013-04-20,46.003
14051,2013-04-21,43.595
14052,2013-04-22,41.246
14053,2013-04-23,40.093
14054,2013-04-24,38.392
14055,2013-04-25,35.63
14056,2013-04-26,35.63
14057,2013-04-27,35.089
14058,2013-04-28,35.089
14059,2013-04-29,40.093
14060,2013-04-30,40.093
14061,2013-05-01,37.276
14062,2013-05-02,37.832
14063,2013-05-03,35.63
14064,2013-05-04,35.63
14065,2013-05-05,34.017
14066,2013-05-06,33.487
14067,2013-05-07,26.461
14068,2013-05-08,27.904
14069,2013-05-09,23.679
14070,2013-05-10,27.904
14071,2013-05-11,25.053
14072,2013-05-12,25.988
14073,2013-05-13,26.938
14074,2013-05-14,25.053
14075,2013-05-15,27.419
14076,2013-05-16,99.834
14077,2013-05-17,105.068
14078,2013-05-18,44.192
14079,2013-05-19,38.955
14080,2013-05-20,74.722
14081,2013-05-21,76.243
14082,2013-05-22,80.106
14083,2013-05-23,63.753
14084,2013-05-24,49.722
14085,2013-05-25,42.413
14086,2013-05-26,38.955
14087,2013-05-27,36.723
14088,2013-05-28,35.089
14089,2013-05-29,36.723
14090,2013-05-30,40.093
14091,2013-05-31,37.832
14092,2013-06-01,46.003
14093,2013-06-02,41.828
14094,2013-06-03,37.832
14095,2013-06-04,37.276
14096,2013-06-05,34.551
14097,2013-06-06,27.904
14098,2013-06-07,30.385
14099,2013-06-08,27.419
14100,2013-06-09,28.393
14101,2013-06-10,24.591
14102,2013-06-11,24.591
14103,2013-06-12,25.053
14104,2013-06-13,26.461
14105,2013-06-14,25.518
14106,2013-06-15,24.133
14107,2013-06-16,25.053
14108,2013-06-17,26.938
14109,2013-06-18,26.938
14110,2013-06-19,27.904
14111,2013-06-20,27.904
14112,2013-06-21,39.522
14113,2013-06-22,71.72
14114,2013-06-23,95.564
14115,2013-06-24,67.322
14116,2013-06-25,68.774
14117,2013-06-26,52.921
14118,2013-06-27,47.846
14119,2013-06-28,45.395
14120,2013-06-29,38.955
14121,2013-06-30,44.792
14122,2013-07-01,65.17
14123,2013-07-02,57.548
14124,2013-07-03,46.003
14125,2013-07-04,36.175
14126,2013-07-05,34.017
14127,2013-07-06,31.919
14128,2013-07-07,35.089
14129,2013-07-08,58.224
14130,2013-07-09,67.322
14131,2013-07-10,65.884
14132,2013-07-11,46.003
14133,2013-07-12,52.274
14134,2013-07-13,46.613
14135,2013-07-14,75.481
14136,2013-07-15,75.481
14137,2013-07-16,65.17
14138,2013-07-17,46.613
14139,2013-07-18,44.792
14140,2013-07-19,39.522
14141,2013-07-20,36.723
14142,2013-07-21,35.089
14143,2013-07-22,34.017
14144,2013-07-23,31.404
14145,2013-07-24,27.904
14146,2013-07-25,29.882
14147,2013-07-26,26.938
14148,2013-07-27,25.988
14149,2013-07-28,26.938
14150,2013-07-29,24.591
14151,2013-07-30,25.988
14152,2013-07-31,25.053
14153,2013-08-01,24.591
14154,2013-08-02,24.591
14155,2013-08-03,25.053
14156,2013-08-04,27.904
14157,2013-08-05,25.518
14158,2013-08-06,26.938
14159,2013-08-07,26.938
14160,2013-08-08,22.782
14161,2013-08-09,23.679
14162,2013-08-10,25.988
14163,2013-08-11,29.382
14164,2013-08-12,29.882
14165,2013-08-13,33.487
14166,2013-08-14,30.385
14167,2013-08-15,25.053
14168,2013-08-16,25.518
14169,2013-08-17,25.988
14170,2013-08-18,23.679
14171,2013-08-19,22.782
14172,2013-08-20,21.901
14173,2013-08-21,20.609
14174,2013-08-22,20.609
14175,2013-08-23,25.053
14176,2013-08-24,43.002
14177,2013-08-25,169.326
14178,2013-08-26,201.167
14179,2013-08-27,177.055
14180,2013-08-28,162.825
14181,2013-08-29,142.994
14182,2013-08-30,140.974
14183,2013-08-31,51.631
14184,2013-09-01,46.003
14185,2013-09-02,41.828
14186,2013-09-03,38.392
14187,2013-09-04,37.832
14188,2013-09-05,35.089
14189,2013-09-06,33.487
14190,2013-09-07,29.382
14191,2013-09-08,22.782
14192,2013-09-09,20.186
14193,2013-09-10,22.782
14194,2013-09-11,25.518
14195,2013-09-12,25.518
14196,2013-09-13,21.901
14197,2013-09-14,21.467
14198,2013-09-15,25.518
14199,2013-09-16,25.988
14200,2013-09-17,28.393
14201,2013-09-18,31.404
14202,2013-09-19,31.404
14203,2013-09-20,32.438
14204,2013-09-21,98.116
14205,2013-09-22,156.438
14206,2013-09-23,159.617
14207,2013-09-24,103.31
14208,2013-09-25,73.214
14209,2013-09-26,49.093
14210,2013-09-27,40.093
14211,2013-09-28,40.093
14212,2013-09-29,35.63
14213,2013-09-30,34.551
14214,2013-10-01,33.487
14215,2013-10-02,24.591
14216,2013-10-03,25.053
14217,2013-10-04,23.229
14218,2013-10-05,21.901
14219,2013-10-06,24.133
14220,2013-10-07,22.782
14221,2013-10-08,19.353
14222,2013-10-09,20.609
14223,2013-10-10,16.946
14224,2013-10-11,22.34
14225,2013-10-12,25.518
14226,2013-10-13,16.946
14227,2013-10-14,21.901
14228,2013-10-15,25.518
14229,2013-10-16,22.34
14230,2013-10-17,18.534
14231,2013-10-18,15.422
14232,2013-10-19,17.337
14233,2013-10-20,21.036
14234,2013-10-21,46.613
14235,2013-10-22,74.722
14236,2013-10-23,71.72
14237,2013-10-24,87.276
14238,2013-10-25,188.365
14239,2013-10-26,144.009
14240,2013-10-27,142.994
14241,2013-10-28,122.43
14242,2013-10-29,88.089
14243,2013-10-30,56.877
14244,2013-10-31,54.883
14245,2013-11-01,42.413
14246,2013-11-02,36.723
14247,2013-11-03,38.392
14248,2013-11-04,33.487
14249,2013-11-05,28.885
14250,2013-11-06,26.461
14251,2013-11-07,20.186
14252,2013-11-08,20.186
14253,2013-11-09,18.534
14254,2013-11-10,17.732
14255,2013-11-11,15.051
14256,2013-11-12,36.175
14257,2013-11-13,108.624
14258,2013-11-14,110.422
14259,2013-11-15,101.565
14260,2013-11-16,75.481
14261,2013-11-17,54.225
14262,2013-11-18,53.571
14263,2013-11-19,45.395
14264,2013-11-20,45.395
14265,2013-11-21,60.271
14266,2013-11-22,73.966
14267,2013-11-23,77.009
14268,2013-11-24,61.653
14269,2013-11-25,50.991
14270,2013-11-26,41.246
14271,2013-11-27,48.468
14272,2013-11-28,50.991
14273,2013-11-29,49.722
14274,2013-11-30,41.246
14275,2013-12-01,36.723
14276,2013-12-02,56.208
14277,2013-12-03,44.192
14278,2013-12-04,46.003
14279,2013-12-05,70.24
14280,2013-12-06,61.653
14281,2013-12-07,64.46
14282,2013-12-08,52.921
14283,2013-12-09,41.246
14284,2013-12-10,56.208
14285,2013-12-11,68.774
14286,2013-12-12,52.921
14287,2013-12-13,46.003
14288,2013-12-14,36.175
14289,2013-12-15,34.551
14290,2013-12-16,35.63
14291,2013-12-17,33.487
14292,2013-12-18,24.591
14293,2013-12-19,21.901
14294,2013-12-20,21.036
14295,2013-12-21,23.229
14296,2013-12-22,21.901
14297,2013-12-23,19.767
14298,2013-12-24,23.229
14299,2013-12-25,23.679
14300,2013-12-26,24.133
14301,2013-12-27,21.467
14302,2013-12-28,29.882
14303,2013-12-29,37.832
14304,2013-12-30,47.228
14305,2013-12-31,47.846
14306,2014-01-01,49.093
14307,2014-01-02,43.595
14308,2014-01-03,35.63
14309,2014-01-04,70.24
14310,2014-01-05,63.753
14311,2014-01-06,51.631
14312,2014-01-07,43.595
14313,2014-01-08,29.882
14314,2014-01-09,34.017
14315,2014-01-10,38.392
14316,2014-01-11,44.192
14317,2014-01-12,41.246
14318,2014-01-13,35.63
14319,2014-01-14,31.919
14320,2014-01-15,34.017
14321,2014-01-16,32.438
14322,2014-01-17,24.591
14323,2014-01-18,23.679
14324,2014-01-19,23.679
14325,2014-01-20,24.591
14326,2014-01-21,20.186
14327,2014-01-22,18.131
14328,2014-01-23,16.946
14329,2014-01-24,16.946
14330,2014-01-25,20.186
14331,2014-01-26,17.732
14332,2014-01-27,21.036
14333,2014-01-28,20.609
14334,2014-01-29,25.518
14335,2014-01-30,21.901
14336,2014-01-31,22.34
14337,2014-02-01,18.131
14338,2014-02-02,15.797
14339,2014-02-03,17.337
14340,2014-02-04,16.176
14341,2014-02-05,13.257
14342,2014-02-06,13.962
14343,2014-02-07,12.568
14344,2014-02-08,12.23
14345,2014-02-09,12.568
14346,2014-02-10,12.568
14347,2014-02-11,12.91
14348,2014-02-12,11.896
14349,2014-02-13,14.684
14350,2014-02-14,10.601
14351,2014-02-15,13.257
14352,2014-02-16,21.036
14353,2014-02-17,13.257
14354,2014-02-18,11.24
14355,2014-02-19,16.176
14356,2014-02-20,13.257
14357,2014-02-21,13.608
14358,2014-02-22,22.782
14359,2014-02-23,20.186
14360,2014-02-24,19.767
14361,2014-02-25,20.186
14362,2014-02-26,19.767
14363,2014-02-27,16.946
14364,2014-02-28,18.131
14365,2014-03-01,24.591
14366,2014-03-02,25.053
14367,2014-03-03,23.679
14368,2014-03-04,16.946
14369,2014-03-05,13.257
14370,2014-03-06,15.797
14371,2014-03-07,16.176
14372,2014-03-08,16.176
14373,2014-03-09,9.675
14374,2014-03-10,9.078
14375,2014-03-11,9.675
14376,2014-03-12,6.864
14377,2014-03-13,9.979
14378,2014-03-14,9.675
14379,2014-03-15,11.566
14380,2014-03-16,9.979
14381,2014-03-17,13.257
14382,2014-03-18,13.257
14383,2014-03-19,26.461
14384,2014-03-20,36.175
14385,2014-03-21,49.093
14386,2014-03-22,50.355
14387,2014-03-23,31.919
14388,2014-03-24,33.487
14389,2014-03-25,21.901
14390,2014-03-26,27.904
14391,2014-03-27,24.591
14392,2014-03-28,21.036
14393,2014-03-29,18.941
14394,2014-03-30,17.337
14395,2014-03-31,17.732
14396,2014-04-01,16.946
14397,2014-04-02,15.422
14398,2014-04-03,14.684
14399,2014-04-04,14.321
14400,2014-04-05,14.684
14401,2014-04-06,13.962
14402,2014-04-07,13.608
14403,2014-04-08,12.91
14404,2014-04-09,12.568
14405,2014-04-10,12.23
14406,2014-04-11,18.941
14407,2014-04-12,68.774
14408,2014-04-13,196.468
14409,2014-04-14,155.385
14410,2014-04-15,114.975
14411,2014-04-16,82.466
14412,2014-04-17,54.883
14413,2014-04-18,35.63
14414,2014-04-19,46.003
14415,2014-04-20,36.175
14416,2014-04-21,53.571
14417,2014-04-22,49.093
14418,2014-04-23,40.093
14419,2014-04-24,30.385
14420,2014-04-25,30.385
14421,2014-04-26,26.461
14422,2014-04-27,24.591
14423,2014-04-28,22.782
14424,2014-04-29,24.591
14425,2014-04-30,26.938
14426,2014-05-01,26.461
14427,2014-05-02,29.382
14428,2014-05-03,28.885
14429,2014-05-04,31.404
14430,2014-05-05,131.068
14431,2014-05-06,197.638
14432,2014-05-07,134.992
14433,2014-05-08,110.422
14434,2014-05-09,91.378
14435,2014-05-10,53.571
14436,2014-05-11,48.468
14437,2014-05-12,39.522
14438,2014-05-13,37.832
14439,2014-05-14,35.63
14440,2014-05-15,31.404
14441,2014-05-16,38.392
14442,2014-05-17,34.551
14443,2014-05-18,37.832
14444,2014-05-19,35.63
14445,2014-05-20,34.551
14446,2014-05-21,60.271
14447,2014-05-22,430.484
14448,2014-05-23,495.688
14449,2014-05-24,479.872
14450,2014-05-25,203.535
14451,2014-05-26,179.292
14452,2014-05-27,117.746
14453,2014-05-28,95.564
14454,2014-05-29,73.966
14455,2014-05-30,54.883
14456,2014-05-31,114.975
14457,2014-06-01,253.488
14458,2014-06-02,287.185
14459,2014-06-03,194.137
14460,2014-06-04,182.671
14461,2014-06-05,230.401
14462,2014-06-06,418.924
14463,2014-06-07,157.494
14464,2014-06-08,156.438
14465,2014-06-09,151.203
14466,2014-06-10,93.879
14467,2014-06-11,85.659
14468,2014-06-12,84.855
14469,2014-06-13,73.966
14470,2014-06-14,210.714
14471,2014-06-15,252.18
14472,2014-06-16,144.009
14473,2014-06-17,158.554
14474,2014-06-18,122.43
14475,2014-06-19,95.564
14476,2014-06-20,98.116
14477,2014-06-21,114.975
14478,2014-06-22,64.46
14479,2014-06-23,103.31
14480,2014-06-24,268.082
14481,2014-06-25,414.013
14482,2014-06-26,394.629
14483,2014-06-27,327.15
14484,2014-06-28,311.171
14485,2014-06-29,380.366
14486,2014-06-30,397.831
14487,2014-07-01,327.15
14488,2014-07-02,252.18
14489,2014-07-03,209.509
14490,2014-07-04,195.301
14491,2014-07-05,138.967
14492,2014-07-06,159.617
14493,2014-07-07,207.11
14494,2014-07-08,137.968
14495,2014-07-09,114.975
14496,2014-07-10,131.068
14497,2014-07-11,105.952
14498,2014-07-12,97.262
14499,2014-07-13,88.906
14500,2014-07-14,88.089
14501,2014-07-15,80.106
14502,2014-07-16,71.72
14503,2014-07-17,70.979
14504,2014-07-18,70.979
14505,2014-07-19,65.17
14506,2014-07-20,87.276
14507,2014-07-21,68.774
14508,2014-07-22,65.17
14509,2014-07-23,70.979
14510,2014-07-24,85.659
14511,2014-07-25,256.115
14512,2014-07-26,252.18
14513,2014-07-27,194.137
14514,2014-07-28,161.752
14515,2014-07-29,90.55
14516,2014-07-30,80.889
14517,2014-07-31,67.322
14518,2014-08-01,77.009
14519,2014-08-02,58.224
14520,2014-08-03,68.774
14521,2014-08-04,65.884
14522,2014-08-05,63.049
14523,2014-08-06,68.774
14524,2014-08-07,69.506
14525,2014-08-08,58.224
14526,2014-08-09,47.228
14527,2014-08-10,53.571
14528,2014-08-11,50.355
14529,2014-08-12,52.274
14530,2014-08-13,53.571
14531,2014-08-14,52.921
14532,2014-08-15,47.846
14533,2014-08-16,48.468
14534,2014-08-17,47.228
14535,2014-08-18,52.274
14536,2014-08-19,50.991
14537,2014-08-20,47.846
14538,2014-08-21,50.991
14539,2014-08-22,43.595
14540,2014-08-23,42.413
14541,2014-08-24,38.955
14542,2014-08-25,31.404
14543,2014-08-26,34.551
14544,2014-08-27,33.487
14545,2014-08-28,29.382
14546,2014-08-29,32.438
14547,2014-08-30,31.404
14548,2014-08-31,46.613
14549,2014-09-01,42.413
14550,2014-09-02,39.522
14551,2014-09-03,79.327
14552,2014-09-04,84.855
14553,2014-09-05,79.327
14554,2014-09-06,75.481
14555,2014-09-07,283.042
14556,2014-09-08,264.066
14557,2014-09-09,218.004
14558,2014-09-10,130.095
14559,2014-09-11,222.926
14560,2014-09-12,325.683
14561,2014-09-13,276.197
14562,2014-09-14,243.105
14563,2014-09-15,198.811
14564,2014-09-16,192.976
14565,2014-09-17,166.061
14566,2014-09-18,159.617
14567,2014-09-19,146.048
14568,2014-09-20,127.196
14569,2014-09-21,105.952
14570,2014-09-22,101.565
14571,2014-09-23,73.214
14572,2014-09-24,76.243
14573,2014-09-25,58.224
14574,2014-09-26,58.902
14575,2014-09-27,46.613
14576,2014-09-28,56.877
14577,2014-09-29,283.042
14578,2014-09-30,603.087
14579,2014-10-01,486.873
14580,2014-10-02,280.295
14581,2014-10-03,415.647
14582,2014-10-04,309.736
14583,2014-10-05,155.385
14584,2014-10-06,157.494
14585,2014-10-07,121.487
14586,2014-10-08,112.233
14587,2014-10-09,93.879
14588,2014-10-10,87.276
14589,2014-10-11,84.855
14590,2014-10-12,128.159
14591,2014-10-13,166.061
14592,2014-10-14,173.724
14593,2014-10-15,154.334
14594,2014-10-16,132.044
14595,2014-10-17,122.43
14596,2014-10-18,102.436
14597,2014-10-19,383.515
14598,2014-10-20,327.15
14599,2014-10-21,522.557
14600,2014-10-22,388.261
14601,2014-10-23,304.027
14602,2014-10-24,182.671
14603,2014-10-25,97.262
14604,2014-10-26,95.564
14605,2014-10-27,86.466
14606,2014-10-28,80.889
14607,2014-10-29,73.214
14608,2014-10-30,113.144
14609,2014-10-31,154.334
14610,2014-11-01,177.055
14611,2014-11-02,169.326
14612,2014-11-03,187.22
14613,2014-11-04,118.676
14614,2014-11-05,129.126
14615,2014-11-06,134.992
14616,2014-11-07,178.172
14617,2014-11-08,167.146
14618,2014-11-09,128.159
14619,2014-11-10,91.378
14620,2014-11-11,73.966
14621,2014-11-12,66.601
14622,2014-11-13,72.465
14623,2014-11-14,68.774
14624,2014-11-15,58.902
14625,2014-11-16,52.274
14626,2014-11-17,53.571
14627,2014-11-18,50.355
14628,2014-11-19,62.349
14629,2014-11-20,44.792
14630,2014-11-21,42.413
14631,2014-11-22,44.792
14632,2014-11-23,51.631
14633,2014-11-24,46.003
14634,2014-11-25,51.631
14635,2014-11-26,60.96
14636,2014-11-27,58.224
14637,2014-11-28,63.753
14638,2014-11-29,46.003
14639,2014-11-30,29.382
14640,2014-12-01,51.631
14641,2014-12-02,56.877
14642,2014-12-03,47.846
14643,2014-12-04,46.003
14644,2014-12-05,35.63
14645,2014-12-06,34.017
14646,2014-12-07,26.938
14647,2014-12-08,25.988
14648,2014-12-09,35.63
14649,2014-12-10,35.63
14650,2014-12-11,39.522
14651,2014-12-12,35.63
14652,2014-12-13,36.723
14653,2014-12-14,34.551
14654,2014-12-15,28.885
14655,2014-12-16,25.988
14656,2014-12-17,32.438
14657,2014-12-18,31.919
14658,2014-12-19,22.782
14659,2014-12-20,26.938
14660,2014-12-21,65.17
14661,2014-12-22,240.54
14662,2014-12-23,284.42
14663,2014-12-24,123.377
14664,2014-12-25,88.906
14665,2014-12-26,87.276
14666,2014-12-27,70.979
14667,2014-12-28,145.027
14668,2014-12-29,210.714
14669,2014-12-30,244.393
14670,2014-12-31,243.105
14671,2015-01-01,192.57
14672,2015-01-02,221.235
14673,2015-01-03,291.996
14674,2015-01-04,207.539
14675,2015-01-05,175.487
14676,2015-01-06,164.918
14677,2015-01-07,176.565
14678,2015-01-08,163.883
14679,2015-01-09,110.363
14680,2015-01-10,147.361
14681,2015-01-11,131.429
14682,2015-01-12,121.266
14683,2015-01-13,111.589
14684,2015-01-14,87.511
14685,2015-01-15,81.402
14686,2015-01-16,186.758
14687,2015-01-17,196.698
14688,2015-01-18,127.394
14689,2015-01-19,122.998
14690,2015-01-20,142.562
14691,2015-01-21,163.367
14692,2015-01-22,122.13
14693,2015-01-23,97.78
14694,2015-01-24,91.464
14695,2015-01-25,105.537
14696,2015-01-26,88.579
14697,2015-01-27,81.836
14698,2015-01-28,54.019
14699,2015-01-29,94.034
14700,2015-01-30,95.148
14701,2015-01-31,94.776
14702,2015-02-01,94.034
14703,2015-02-02,61.647
14704,2015-02-03,56.33
14705,2015-02-04,70.537
14706,2015-02-05,62.248
14707,2015-02-06,44.573
14708,2015-02-07,51.459
14709,2015-02-08,46.195
14710,2015-02-09,41.389
14711,2015-02-10,36.012
14712,2015-02-11,38.797
14713,2015-02-12,49.497
14714,2015-02-13,74.447
14715,2015-02-14,58.084
14716,2015-02-15,50.896
14717,2015-02-16,47.562
14718,2015-02-17,34.277
14719,2015-02-18,27.635
14720,2015-02-19,29.483
14721,2015-02-20,29.483
14722,2015-02-21,32.813
14723,2015-02-22,30.422
14724,2015-02-23,291.255
14725,2015-02-24,239.382
14726,2015-02-25,125.184
14727,2015-02-26,80.967
14728,2015-02-27,51.459
14729,2015-02-28,47.013
14730,2015-03-01,38.285
14731,2015-03-02,32.571
14732,2015-03-03,52.592
14733,2015-03-04,55.459
14734,2015-03-05,46.467
14735,2015-03-06,40.086
14736,2015-03-07,41.914
14737,2015-03-08,39.569
14738,2015-03-09,37.269
14739,2015-03-10,35.017
14740,2015-03-11,25.604
14741,2015-03-12,35.265
14742,2015-03-13,35.265
14743,2015-03-14,34.032
14744,2015-03-15,26.726
14745,2015-03-16,24.719
14746,2015-03-17,23.196
14747,2015-03-18,25.382
14748,2015-03-19,24.281
14749,2015-03-20,21.916
14750,2015-03-21,22.766
14751,2015-03-22,21.495
14752,2015-03-23,21.495
14753,2015-03-24,18.627
14754,2015-03-25,18.03
14755,2015-03-26,16.281
14756,2015-03-27,16.665
14757,2015-03-28,17.441
14758,2015-03-29,17.833
14759,2015-03-30,26.952
14760,2015-03-31,26.726
14761,2015-04-01,30.422
14762,2015-04-02,30.895
14763,2015-04-03,21.286
14764,2015-04-04,24.719
14765,2015-04-05,23.845
14766,2015-04-06,118.695
14767,2015-04-07,118.695
14768,2015-04-08,114.483
14769,2015-04-09,103.564
14770,2015-04-10,84.445
14771,2015-04-11,43.77
14772,2015-04-12,37.269
14773,2015-04-13,34.523
14774,2015-04-14,31.849
14775,2015-04-15,30.186
14776,2015-04-16,24.719
14777,2015-04-17,22.766
14778,2015-04-18,21.286
14779,2015-04-19,40.345
14780,2015-04-20,131.429
14781,2015-04-21,159.781
14782,2015-04-22,92.927
14783,2015-04-23,86.804
14784,2015-04-24,79.228
14785,2015-04-25,51.459
14786,2015-04-26,51.459
14787,2015-04-27,52.308
14788,2015-04-28,44.573
14789,2015-04-29,35.265
14790,2015-04-30,34.032
14791,2015-05-01,28.323
14792,2015-05-02,27.864
14793,2015-05-03,126.065
14794,2015-05-04,67.496
14795,2015-05-05,60.154
14796,2015-05-06,53.446
14797,2015-05-07,45.923
14798,2015-05-08,34.77
14799,2015-05-09,23.845
14800,2015-05-10,34.277
14801,2015-05-11,31.61
14802,2015-05-12,33.056
14803,2015-05-13,30.186
14804,2015-05-14,24.94
14805,2015-05-15,24.94
14806,2015-05-16,27.179
14807,2015-05-17,24.5
14808,2015-05-18,20.661
14809,2015-05-19,24.719
14810,2015-05-20,19.839
14811,2015-05-21,20.249
14812,2015-05-22,17.833
14813,2015-05-23,17.246
14814,2015-05-24,47.287
14815,2015-05-25,42.706
14816,2015-05-26,52.592
14817,2015-05-27,172.807
14818,2015-05-28,175.487
14819,2015-05-29,461.744
14820,2015-05-30,310.848
14821,2015-05-31,228.914
14822,2015-06-01,90.375
14823,2015-06-02,50.896
14824,2015-06-03,47.013
14825,2015-06-04,50.055
14826,2015-06-05,46.467
14827,2015-06-06,44.037
14828,2015-06-07,44.305
14829,2015-06-08,40.345
14830,2015-06-09,44.037
14831,2015-06-10,45.382
14832,2015-06-11,56.912
14833,2015-06-12,153.247
14834,2015-06-13,113.652
14835,2015-06-14,93.295
14836,2015-06-15,90.375
14837,2015-06-16,76.186
14838,2015-06-17,76.62
14839,2015-06-18,183.89
14840,2015-06-19,314.698
14841,2015-06-20,238.059
14842,2015-06-21,180.481
14843,2015-06-22,128.284
14844,2015-06-23,91.464
14845,2015-06-24,180.481
14846,2015-06-25,418.823
14847,2015-06-26,531.818
14848,2015-06-27,248.082
14849,2015-06-28,205.709
14850,2015-06-29,119.976
14851,2015-06-30,350.556
14852,2015-07-01,362.994
14853,2015-07-02,261.112
14854,2015-07-03,190.816
14855,2015-07-04,162.337
14856,2015-07-05,138.79
14857,2015-07-06,90.375
14858,2015-07-07,141.14
14859,2015-07-08,298.706
14860,2015-07-09,334.35
14861,2015-07-10,314.698
14862,2015-07-11,193.156
14863,2015-07-12,168.047
14864,2015-07-13,312.385
14865,2015-07-14,330.366
14866,2015-07-15,316.246
14867,2015-07-16,130.526
14868,2015-07-17,119.976
14869,2015-07-18,164.918
14870,2015-07-19,122.998
14871,2015-07-20,171.212
14872,2015-07-21,249.436
14873,2015-07-22,181.047
14874,2015-07-23,152.257
14875,2015-07-24,126.95
14876,2015-07-25,116.999
14877,2015-07-26,102.391
14878,2015-07-27,99.303
14879,2015-07-28,90.375
14880,2015-07-29,82.706
14881,2015-07-30,69.668
14882,2015-07-31,63.587
14883,2015-08-01,70.537
14884,2015-08-02,61.647
14885,2015-08-03,63.153
14886,2015-08-04,62.248
14887,2015-08-05,61.647
14888,2015-08-06,74.882
14889,2015-08-07,62.248
14890,2015-08-08,67.496
14891,2015-08-09,55.459
14892,2015-08-10,52.592
14893,2015-08-11,50.055
14894,2015-08-12,46.74
14895,2015-08-13,45.111
14896,2015-08-14,46.467
14897,2015-08-15,44.037
14898,2015-08-16,42.706
14899,2015-08-17,36.263
14900,2015-08-18,43.236
14901,2015-08-19,46.74
14902,2015-08-20,43.236
14903,2015-08-21,44.573
14904,2015-08-22,41.914
14905,2015-08-23,39.827
14906,2015-08-24,37.269
14907,2015-08-25,36.513
14908,2015-08-26,36.765
14909,2015-08-27,58.378
14910,2015-08-28,55.749
14911,2015-08-29,48.112
14912,2015-08-30,52.876
14913,2015-08-31,43.77
14914,2015-09-01,38.03
14915,2015-09-02,39.054
14916,2015-09-03,38.541
14917,2015-09-04,44.305
14918,2015-09-05,30.422
14919,2015-09-06,26.051
14920,2015-09-07,22.766
14921,2015-09-08,24.281
14922,2015-09-09,24.94
14923,2015-09-10,18.627
14924,2015-09-11,22.981
14925,2015-09-12,25.604
14926,2015-09-13,25.604
14927,2015-09-14,25.604
14928,2015-09-15,25.604
14929,2015-09-16,23.196
14930,2015-09-17,22.766
14931,2015-09-18,23.845
14932,2015-09-19,28.093
14933,2015-09-20,48.388
14934,2015-09-21,126.95
14935,2015-09-22,340.781
14936,2015-09-23,111.589
14937,2015-09-24,90.375
14938,2015-09-25,61.647
14939,2015-09-26,52.876
14940,2015-09-27,42.177
14941,2015-09-28,37.522
14942,2015-09-29,26.5
14943,2015-09-30,27.179
14944,2015-10-01,24.281
14945,2015-10-02,28.323
14946,2015-10-03,36.765
14947,2015-10-04,33.542
14948,2015-10-05,39.054
14949,2015-10-06,37.269
14950,2015-10-07,34.032
14951,2015-10-08,47.287
14952,2015-10-09,131.882
14953,2015-10-10,386.867
14954,2015-10-11,521.293
14955,2015-10-12,382.541
14956,2015-10-13,228.914
14957,2015-10-14,219.97
14958,2015-10-15,173.876
14959,2015-10-16,109.144
14960,2015-10-17,87.511
14961,2015-10-18,90.375
14962,2015-10-19,84.445
14963,2015-10-20,37.269
14964,2015-10-21,47.287
14965,2015-10-22,45.382
14966,2015-10-23,44.573
14967,2015-10-24,50.896
14968,2015-10-25,42.441
14969,2015-10-26,48.388
14970,2015-10-27,44.573
14971,2015-10-28,38.541
14972,2015-10-29,37.269
14973,2015-10-30,36.765
14974,2015-10-31,36.765
14975,2015-11-01,35.265
14976,2015-11-02,35.017
14977,2015-11-03,37.776
14978,2015-11-04,42.706
14979,2015-11-05,41.127
14980,2015-11-06,43.236
14981,2015-11-07,55.749
14982,2015-11-08,50.615
14983,2015-11-09,44.573
14984,2015-11-10,59.857
14985,2015-11-11,419.731
14986,2015-11-12,410.7
14987,2015-11-13,279.554
14988,2015-11-14,442.793
14989,2015-11-15,346.464
14990,2015-11-16,270.245
14991,2015-11-17,192.57
14992,2015-11-18,117.845
14993,2015-11-19,92.194
14994,2015-11-20,84.88
14995,2015-11-21,87.157
14996,2015-11-22,81.402
14997,2015-11-23,80.098
14998,2015-11-24,61.647
14999,2015-11-25,50.615
15000,2015-11-26,52.592
15001,2015-11-27,52.592
15002,2015-11-28,52.592
15003,2015-11-29,49.497
15004,2015-11-30,48.665
15005,2015-12-01,44.573
15006,2015-12-02,471.387
15007,2015-12-03,424.288
15008,2015-12-04,248.082
15009,2015-12-05,188.491
15010,2015-12-06,181.047
15011,2015-12-07,94.405
15012,2015-12-08,89.654
15013,2015-12-09,76.186
15014,2015-12-10,181.047
15015,2015-12-11,251.475
15016,2015-12-12,151.763
15017,2015-12-13,145.912
15018,2015-12-14,303.227
15019,2015-12-15,428.873
15020,2015-12-16,387.735
15021,2015-12-17,231.506
15022,2015-12-18,244.715
15023,2015-12-19,226.98
15024,2015-12-20,170.153
15025,2015-12-21,164.918
15026,2015-12-22,558.789
15027,2015-12-23,828.943
15028,2015-12-24,924.799
15029,2015-12-25,924.799
15030,2015-12-26,987.328
15031,2015-12-27,996.455
15032,2015-12-28,745.213
15033,2015-12-29,537.202
15034,2015-12-30,239.382
15035,2015-12-31,392.969
15036,2016-01-01,275.235
15037,2016-01-02,116.157
15038,2016-01-03,109.549
15039,2016-01-04,94.776
15040,2016-01-05,86.804
15041,2016-01-06,97.78
15042,2016-01-07,85.749
15043,2016-01-08,90.014
15044,2016-01-09,99.686
15045,2016-01-10,83.575
15046,2016-01-11,77.055
15047,2016-01-12,78.359
15048,2016-01-13,67.93
15049,2016-01-14,77.924
15050,2016-01-15,69.233
15051,2016-01-16,55.749
15052,2016-01-17,45.382
15053,2016-01-18,49.497
15054,2016-01-19,45.382
15055,2016-01-20,46.195
15056,2016-01-21,42.441
15057,2016-01-22,36.012
15058,2016-01-23,37.776
15059,2016-01-24,37.017
15060,2016-01-25,34.77
15061,2016-01-26,37.776
15062,2016-01-27,33.787
15063,2016-01-28,34.523
15064,2016-01-29,32.813
15065,2016-01-30,33.056
15066,2016-01-31,35.763
15067,2016-02-01,33.542
15068,2016-02-02,38.03
15069,2016-02-03,36.765
15070,2016-02-04,36.012
15071,2016-02-05,28.785
15072,2016-02-06,38.03
15073,2016-02-07,36.263
15074,2016-02-08,33.299
15075,2016-02-09,38.03
15076,2016-02-10,30.186
15077,2016-02-11,27.864
15078,2016-02-12,26.275
15079,2016-02-13,29.717
15080,2016-02-14,31.133
15081,2016-02-15,30.186
15082,2016-02-16,27.635
15083,2016-02-17,46.467
15084,2016-02-18,45.923
15085,2016-02-19,33.299
15086,2016-02-20,32.33
15087,2016-02-21,30.895
15088,2016-02-22,33.787
15089,2016-02-23,28.323
15090,2016-02-24,26.952
15091,2016-02-25,26.5
15092,2016-02-26,25.382
15093,2016-02-27,25.827
15094,2016-02-28,25.827
15095,2016-02-29,26.051
15096,2016-03-01,22.553
15097,2016-03-02,16.091
15098,2016-03-03,62.851
15099,2016-03-04,54.019
15100,2016-03-05,34.77
15101,2016-03-06,41.914
15102,2016-03-07,29.017
15103,2016-03-08,26.5
15104,2016-03-09,27.864
15105,2016-03-10,121.698
15106,2016-03-11,120.405
15107,2016-03-12,90.375
15108,2016-03-13,66.627
15109,2016-03-14,50.055
15110,2016-03-15,33.787
15111,2016-03-16,29.951
15112,2016-03-17,25.827
15113,2016-03-18,24.94
15114,2016-03-19,18.627
15115,2016-03-20,23.845
15116,2016-03-21,25.604
15117,2016-03-22,51.177
15118,2016-03-23,56.621
15119,2016-03-24,35.017
15120,2016-03-25,41.127
15121,2016-03-26,51.459
15122,2016-03-27,178.228
15123,2016-03-28,167.523
15124,2016-03-29,157.249
15125,2016-03-30,125.184
15126,2016-03-31,71.406
15127,2016-04-01,52.308
15128,2016-04-02,47.562
15129,2016-04-03,41.651
15130,2016-04-04,39.311
15131,2016-04-05,44.037
15132,2016-04-06,35.017
15133,2016-04-07,35.265
15134,2016-04-08,33.056
15135,2016-04-09,39.311
15136,2016-04-10,44.037
15137,2016-04-11,95.148
15138,2016-04-12,127.394
15139,2016-04-13,102.391
15140,2016-04-14,126.507
15141,2016-04-15,162.337
15142,2016-04-16,136.002
15143,2016-04-17,127.394
15144,2016-04-18,92.927
15145,2016-04-19,55.459
15146,2016-04-20,44.573
15147,2016-04-21,51.177
15148,2016-04-22,55.749
15149,2016-04-23,66.193
15150,2016-04-24,57.497
15151,2016-04-25,162.337
15152,2016-04-26,176.565
15153,2016-04-27,160.8
15154,2016-04-28,134.62
15155,2016-04-29,111.179
15156,2016-04-30,91.464
15157,2016-05-01,69.668
15158,2016-05-02,61.947
15159,2016-05-03,60.75
15160,2016-05-04,53.732
15161,2016-05-05,52.308
15162,2016-05-06,47.562
15163,2016-05-07,50.615
15164,2016-05-08,50.615
15165,2016-05-09,47.287
15166,2016-05-10,42.177
15167,2016-05-11,45.111
15168,2016-05-12,45.111
15169,2016-05-13,42.441
15170,2016-05-14,44.305
15171,2016-05-15,43.236
15172,2016-05-16,46.74
15173,2016-05-17,40.345
15174,2016-05-18,29.483
15175,2016-05-19,39.827
15176,2016-05-20,40.866
15177,2016-05-21,38.285
15178,2016-05-22,39.311
15179,2016-05-23,37.017
15180,2016-05-24,35.265
15181,2016-05-25,37.017
15182,2016-05-26,35.763
15183,2016-05-27,38.03
15184,2016-05-28,40.086
15185,2016-05-29,45.652
15186,2016-05-30,38.797
15187,2016-05-31,47.287
15188,2016-06-01,42.441
15189,2016-06-02,38.03
15190,2016-06-03,29.483
15191,2016-06-04,34.523
15192,2016-06-05,31.849
15193,2016-06-06,30.422
15194,2016-06-07,29.951
15195,2016-06-08,26.726
15196,2016-06-09,30.186
15197,2016-06-10,27.179
15198,2016-06-11,25.604
15199,2016-06-12,24.062
15200,2016-06-13,15.712
15201,2016-06-14,24.281
15202,2016-06-15,24.062
15203,2016-06-16,24.719
15204,2016-06-17,26.051
15205,2016-06-18,26.051
15206,2016-06-19,21.705
15207,2016-06-20,22.981
15208,2016-06-21,22.553
15209,2016-06-22,18.827
15210,2016-06-23,17.441
15211,2016-06-24,17.246
15212,2016-06-25,17.051
15213,2016-06-26,16.665
15214,2016-06-27,18.03
15215,2016-06-28,16.858
15216,2016-06-29,17.051
15217,2016-06-30,16.281
15218,2016-07-01,18.427
15219,2016-07-02,15.336
15220,2016-07-03,14.963
15221,2016-07-04,15.149
15222,2016-07-05,14.594
15223,2016-07-06,22.128
15224,2016-07-07,26.051
15225,2016-07-08,24.94
15226,2016-07-09,26.5
15227,2016-07-10,31.61
15228,2016-07-11,40.086
15229,2016-07-12,43.77
15230,2016-07-13,32.33
15231,2016-07-14,29.483
15232,2016-07-15,39.827
15233,2016-07-16,46.467
15234,2016-07-17,72.709
15235,2016-07-18,59.264
15236,2016-07-19,35.514
15237,2016-07-20,29.483
15238,2016-07-21,29.951
15239,2016-07-22,26.5
15240,2016-07-23,26.726
15241,2016-07-24,22.766
15242,2016-07-25,23.196
15243,2016-07-26,24.062
15244,2016-07-27,24.281
15245,2016-07-28,22.34
15246,2016-07-29,21.286
15247,2016-07-30,19.028
15248,2016-07-31,18.827
15249,2016-08-01,18.03
15250,2016-08-02,19.229
15251,2016-08-03,18.03
15252,2016-08-04,11.753
15253,2016-08-05,19.839
15254,2016-08-06,18.03
15255,2016-08-07,16.473
15256,2016-08-08,17.051
15257,2016-08-09,12.096
15258,2016-08-10,12.97
15259,2016-08-11,16.665
15260,2016-08-12,17.833
15261,2016-08-13,16.473
15262,2016-08-14,15.149
15263,2016-08-15,18.03
15264,2016-08-16,19.028
15265,2016-08-17,18.627
15266,2016-08-18,18.827
15267,2016-08-19,15.524
15268,2016-08-20,17.441
15269,2016-08-21,17.441
15270,2016-08-22,16.473
15271,2016-08-23,15.901
15272,2016-08-24,14.963
15273,2016-08-25,16.665
15274,2016-08-26,16.473
15275,2016-08-27,16.665
15276,2016-08-28,20.661
15277,2016-08-29,57.204
15278,2016-08-30,157.753
15279,2016-08-31,55.749
15280,2016-09-01,82.706
15281,2016-09-02,69.668
15282,2016-09-03,44.573
15283,2016-09-04,63.153
15284,2016-09-05,35.017
15285,2016-09-06,63.587
15286,2016-09-07,55.749
15287,2016-09-08,64.021
15288,2016-09-09,41.127
15289,2016-09-10,39.311
15290,2016-09-11,39.827
15291,2016-09-12,29.017
15292,2016-09-13,33.542
15293,2016-09-14,32.813
15294,2016-09-15,31.371
15295,2016-09-16,27.864
15296,2016-09-17,23.845
15297,2016-09-18,24.062
15298,2016-09-19,22.766
15299,2016-09-20,22.34
15300,2016-09-21,18.827
15301,2016-09-22,17.441
15302,2016-09-23,20.455
15303,2016-09-24,19.028
15304,2016-09-25,22.34
15305,2016-09-26,15.712
15306,2016-09-27,16.858
15307,2016-09-28,15.901
15308,2016-09-29,15.524
15309,2016-09-30,15.524
15310,2016-10-01,15.336
15311,2016-10-02,15.336
15312,2016-10-03,14.227
15313,2016-10-04,14.227
15314,2016-10-05,22.128
15315,2016-10-06,20.661
15316,2016-10-07,19.635
15317,2016-10-08,19.839
15318,2016-10-09,16.473
15319,2016-10-10,15.336
15320,2016-10-11,15.712
15321,2016-10-12,18.627
15322,2016-10-13,17.441
15323,2016-10-14,17.246
15324,2016-10-15,19.839
15325,2016-10-16,18.827
15326,2016-10-17,24.94
15327,2016-10-18,159.781
15328,2016-10-19,664.551
15329,2016-10-20,632.754
15330,2016-10-21,392.094
15331,2016-10-22,263.204
15332,2016-10-23,250.114
15333,2016-10-24,185.034
15334,2016-10-25,117.845
15335,2016-10-26,108.336
15336,2016-10-27,116.999
15337,2016-10-28,112.824
15338,2016-10-29,90.375
15339,2016-10-30,55.749
15340,2016-10-31,56.33
15341,2016-11-01,55.459
15342,2016-11-02,41.127
15343,2016-11-03,117.845
15344,2016-11-04,368.882
15345,2016-11-05,186.183
15346,2016-11-06,243.376
15347,2016-11-07,140.669
15348,2016-11-08,88.579
15349,2016-11-09,70.537
15350,2016-11-10,111.179
15351,2016-11-11,112.411
15352,2016-11-12,104.351
15353,2016-11-13,92.194
15354,2016-11-14,34.523
15355,2016-11-15,38.03
15356,2016-11-16,106.332
15357,2016-11-17,43.77
15358,2016-11-18,37.017
15359,2016-11-19,56.912
15360,2016-11-20,48.112
15361,2016-11-21,40.866
15362,2016-11-22,40.605
15363,2016-11-23,42.177
15364,2016-11-24,41.127
15365,2016-11-25,36.012
15366,2016-11-26,35.763
15367,2016-11-27,35.763
15368,2016-11-28,41.127
15369,2016-11-29,50.615
15370,2016-11-30,51.177
15371,2016-12-01,43.77
15372,2016-12-02,46.74
15373,2016-12-03,35.017
15374,2016-12-04,33.787
15375,2016-12-05,34.032
15376,2016-12-06,32.571
15377,2016-12-07,30.186
15378,2016-12-08,35.017
15379,2016-12-09,35.763
15380,2016-12-10,34.277
15381,2016-12-11,38.03
15382,2016-12-12,69.233
15383,2016-12-13,29.25
15384,2016-12-14,27.635
15385,2016-12-15,22.553
15386,2016-12-16,26.952
15387,2016-12-17,23.845
15388,2016-12-18,4.858
15389,2016-12-19,24.94
15390,2016-12-20,85.315
15391,2016-12-21,58.084
15392,2016-12-22,57.79
15393,2016-12-23,50.896
15394,2016-12-24,31.133
15395,2016-12-25,30.422
15396,2016-12-26,28.323
15397,2016-12-27,24.281
15398,2016-12-28,23.845
15399,2016-12-29,21.916
15400,2016-12-30,25.161
15401,2016-12-31,92.194
15402,2017-01-01,202.68
15403,2017-01-02,283.181
15404,2017-01-03,221.235
15405,2017-01-04,152.257
15406,2017-01-05,125.184
15407,2017-01-06,134.62
15408,2017-01-07,89.654
15409,2017-01-08,162.337
15410,2017-01-09,180.481
15411,2017-01-10,251.475
15412,2017-01-11,273.804
15413,2017-01-12,149.797
15414,2017-01-13,167.523
15415,2017-01-14,154.741
15416,2017-01-15,169.625
15417,2017-01-16,162.337
15418,2017-01-17,127.838
15419,2017-01-18,125.184
15420,2017-01-19,143.992
15421,2017-01-20,112.824
15422,2017-01-21,90.375
15423,2017-01-22,54.882
15424,2017-01-23,58.673
15425,2017-01-24,41.914
15426,2017-01-25,59.56
15427,2017-01-26,57.497
15428,2017-01-27,47.562
15429,2017-01-28,48.112
15430,2017-01-29,43.77
15431,2017-01-30,45.382
15432,2017-01-31,39.569
15433,2017-02-01,35.763
15434,2017-02-02,44.573
15435,2017-02-03,38.03
15436,2017-02-04,40.345
15437,2017-02-05,41.389
15438,2017-02-06,39.311
15439,2017-02-07,39.054
15440,2017-02-08,24.719
15441,2017-02-09,35.017
15442,2017-02-10,36.765
15443,2017-02-11,33.787
15444,2017-02-12,33.056
15445,2017-02-13,35.265
15446,2017-02-14,37.269
15447,2017-02-15,32.33
15448,2017-02-16,34.277
15449,2017-02-17,37.269
15450,2017-02-18,33.299
15451,2017-02-19,32.09
15452,2017-02-20,29.25
15453,2017-02-21,28.323
15454,2017-02-22,27.864
15455,2017-02-23,33.542
15456,2017-02-24,37.017
15457,2017-02-25,38.797
15458,2017-02-26,37.776
15459,2017-02-27,36.513
15460,2017-02-28,26.952
15461,2017-03-01,35.763
15462,2017-03-02,29.951
15463,2017-03-03,27.864
15464,2017-03-04,35.017
15465,2017-03-05,39.054
15466,2017-03-06,80.532
15467,2017-03-07,71.84
15468,2017-03-08,32.813
15469,2017-03-09,24.94
15470,2017-03-10,86.804
15471,2017-03-11,83.141
15472,2017-03-12,97.78
15473,2017-03-13,180.481
15474,2017-03-14,149.308
15475,2017-03-15,62.549
15476,2017-03-16,52.308
15477,2017-03-17,70.971
15478,2017-03-18,74.882
15479,2017-03-19,65.758
15480,2017-03-20,46.195
15481,2017-03-21,40.086
15482,2017-03-22,26.5
15483,2017-03-23,26.5
15484,2017-03-24,26.5
15485,2017-03-25,26.5
15486,2017-03-26,25.604
15487,2017-03-27,26.5
15488,2017-03-28,24.719
15489,2017-03-29,24.94
15490,2017-03-30,24.062
15491,2017-03-31,21.705
15492,2017-04-01,18.827
15493,2017-04-02,18.03
15494,2017-04-03,18.427
15495,2017-04-04,18.427
15496,2017-04-05,26.275
15497,2017-04-06,27.864
15498,2017-04-07,26.5
15499,2017-04-08,27.179
15500,2017-04-09,169.625
15501,2017-04-10,298.706
15502,2017-04-11,273.09
15503,2017-04-12,246.059
15504,2017-04-13,163.883
15505,2017-04-14,141.14
15506,2017-04-15,107.532
15507,2017-04-16,68.365
15508,2017-04-17,70.102
15509,2017-04-18,52.308
15510,2017-04-19,44.305
15511,2017-04-20,50.055
15512,2017-04-21,48.942
15513,2017-04-22,48.112
15514,2017-04-23,48.112
15515,2017-04-24,50.896
15516,2017-04-25,154.741
15517,2017-04-26,616.365
15518,2017-04-27,840.169
15519,2017-04-28,794.234
15520,2017-04-29,386.0
15521,2017-04-30,223.141
15522,2017-05-01,115.737
15523,2017-05-02,115.737
15524,2017-05-03,88.579
15525,2017-05-04,88.222
15526,2017-05-05,72.275
15527,2017-05-06,69.233
15528,2017-05-07,70.537
15529,2017-05-08,62.549
15530,2017-05-09,58.673
15531,2017-05-10,54.594
15532,2017-05-11,60.154
15533,2017-05-12,56.621
15534,2017-05-13,123.434
15535,2017-05-14,294.223
15536,2017-05-15,138.79
15537,2017-05-16,115.737
15538,2017-05-17,82.706
15539,2017-05-18,92.194
15540,2017-05-19,157.249
15541,2017-05-20,180.481
15542,2017-05-21,163.367
15543,2017-05-22,143.992
15544,2017-05-23,147.847
15545,2017-05-24,175.487
15546,2017-05-25,505.015
15547,2017-05-26,356.33
15548,2017-05-27,492.998
15549,2017-05-28,851.409
15550,2017-05-29,778.605
15551,2017-05-30,480.162
15552,2017-05-31,683.258
15553,2017-06-01,697.595
15554,2017-06-02,631.66
15555,2017-06-03,428.873
15556,2017-06-04,318.575
15557,2017-06-05,183.89
15558,2017-06-06,196.698
15559,2017-06-07,538.28
15560,2017-06-08,705.327
15561,2017-06-09,558.789
15562,2017-06-10,373.121
15563,2017-06-11,232.157
15564,2017-06-12,210.608
15565,2017-06-13,166.478
15566,2017-06-14,143.038
15567,2017-06-15,131.882
15568,2017-06-16,136.464
15569,2017-06-17,128.73
15570,2017-06-18,112.824
15571,2017-06-19,113.238
15572,2017-06-20,118.695
15573,2017-06-21,91.464
15574,2017-06-22,91.464
15575,2017-06-23,80.967
15576,2017-06-24,79.663
15577,2017-06-25,75.317
15578,2017-06-26,70.971
15579,2017-06-27,72.709
15580,2017-06-28,50.055
15581,2017-06-29,49.776
15582,2017-06-30,55.459
15583,2017-07-01,58.968
15584,2017-07-02,61.347
15585,2017-07-03,47.836
15586,2017-07-04,52.876
15587,2017-07-05,48.388
15588,2017-07-06,46.467
15589,2017-07-07,36.012
15590,2017-07-08,43.77
15591,2017-07-09,41.914
15592,2017-07-10,39.569
15593,2017-07-11,41.127
15594,2017-07-12,39.569
15595,2017-07-13,39.827
15596,2017-07-14,41.914
15597,2017-07-15,43.236
15598,2017-07-16,47.013
15599,2017-07-17,41.651
15600,2017-07-18,36.513
15601,2017-07-19,35.265
15602,2017-07-20,39.569
15603,2017-07-21,35.514
15604,2017-07-22,35.017
15605,2017-07-23,33.542
15606,2017-07-24,33.056
15607,2017-07-25,33.056
15608,2017-07-26,30.895
15609,2017-07-27,30.422
15610,2017-07-28,30.186
15611,2017-07-29,27.864
15612,2017-07-30,27.179
15613,2017-07-31,26.952
15614,2017-08-01,28.323
15615,2017-08-02,26.952
15616,2017-08-03,30.658
15617,2017-08-04,32.571
15618,2017-08-05,35.514
15619,2017-08-06,33.787
15620,2017-08-07,27.864
15621,2017-08-08,26.5
15622,2017-08-09,26.051
15623,2017-08-10,26.051
15624,2017-08-11,26.5
15625,2017-08-12,27.635
15626,2017-08-13,51.459
15627,2017-08-14,134.161
15628,2017-08-15,122.13
15629,2017-08-16,129.626
15630,2017-08-17,75.317
15631,2017-08-18,44.573
15632,2017-08-19,43.236
15633,2017-08-20,42.177
15634,2017-08-21,42.706
15635,2017-08-22,43.503
15636,2017-08-23,41.651
15637,2017-08-24,41.914
15638,2017-08-25,32.813
15639,2017-08-26,28.323
15640,2017-08-27,34.523
15641,2017-08-28,49.497
15642,2017-08-29,61.947
15643,2017-08-30,41.127
15644,2017-08-31,39.827
15645,2017-09-01,30.186
15646,2017-09-02,31.371
15647,2017-09-03,26.952
15648,2017-09-04,27.864
15649,2017-09-05,26.5
15650,2017-09-06,23.845
15651,2017-09-07,23.411
15652,2017-09-08,24.719
15653,2017-09-09,23.845
15654,2017-09-10,22.981
15655,2017-09-11,22.34
15656,2017-09-12,22.981
15657,2017-09-13,22.981
15658,2017-09-14,22.981
15659,2017-09-15,23.845
15660,2017-09-16,60.154
15661,2017-09-17,181.613
15662,2017-09-18,138.79
15663,2017-09-19,135.08
15664,2017-09-20,98.159
15665,2017-09-21,52.024
15666,2017-09-22,38.03
15667,2017-09-23,35.017
15668,2017-09-24,34.032
15669,2017-09-25,30.186
15670,2017-09-26,30.658
15671,2017-09-27,29.717
15672,2017-09-28,28.785
15673,2017-09-29,29.25
15674,2017-09-30,50.896
15675,2017-10-01,91.464
15676,2017-10-02,105.934
15677,2017-10-03,88.579
15678,2017-10-04,44.842
15679,2017-10-05,39.569
15680,2017-10-06,46.467
15681,2017-10-07,47.836
15682,2017-10-08,44.305
15683,2017-10-09,50.896
15684,2017-10-10,43.236
15685,2017-10-11,81.402
15686,2017-10-12,294.223
15687,2017-10-13,340.781
15688,2017-10-14,298.706
15689,2017-10-15,273.804
15690,2017-10-16,260.417
15691,2017-10-17,127.838
15692,2017-10-18,84.88
15693,2017-10-19,78.794
15694,2017-10-20,104.351
15695,2017-10-21,113.238
15696,2017-10-22,102.781
15697,2017-10-23,105.934
15698,2017-10-24,114.483
15699,2017-10-25,114.483
15700,2017-10-26,99.303
15701,2017-10-27,89.295
15702,2017-10-28,81.402
15703,2017-10-29,84.88
15704,2017-10-30,79.663
15705,2017-10-31,70.971
15706,2017-11-01,56.621
15707,2017-11-02,52.024
15708,2017-11-03,56.621
15709,2017-11-04,72.709
15710,2017-11-05,68.799
15711,2017-11-06,95.148
15712,2017-11-07,83.141
15713,2017-11-08,64.021
15714,2017-11-09,56.621
15715,2017-11-10,56.621
15716,2017-11-11,54.306
15717,2017-11-12,53.161
15718,2017-11-13,52.876
15719,2017-11-14,50.896
15720,2017-11-15,43.77
15721,2017-11-16,39.054
15722,2017-11-17,42.706
15723,2017-11-18,99.686
15724,2017-11-19,194.333
15725,2017-11-20,119.976
15726,2017-11-21,98.159
15727,2017-11-22,86.451
15728,2017-11-23,57.79
15729,2017-11-24,53.161
15730,2017-11-25,49.776
15731,2017-11-26,127.838
15732,2017-11-27,110.771
15733,2017-11-28,96.647
15734,2017-11-29,84.88
15735,2017-11-30,56.621
15736,2017-12-01,48.665
15737,2017-12-02,48.665
15738,2017-12-03,47.562
15739,2017-12-04,57.79
15740,2017-12-05,56.33
15741,2017-12-06,52.024
15742,2017-12-07,51.459
15743,2017-12-08,49.776
15744,2017-12-09,42.706
15745,2017-12-10,41.651
15746,2017-12-11,39.054
15747,2017-12-12,35.017
15748,2017-12-13,35.017
15749,2017-12-14,33.056
15750,2017-12-15,31.849
15751,2017-12-16,26.5
15752,2017-12-17,33.542
15753,2017-12-18,32.33
15754,2017-12-19,32.813
15755,2017-12-20,35.017
15756,2017-12-21,56.621
15757,2017-12-22,41.389
15758,2017-12-23,41.389
15759,2017-12-24,181.613
15760,2017-12-25,97.401
15761,2017-12-26,64.455
15762,2017-12-27,78.794
15763,2017-12-28,47.562
15764,2017-12-29,45.382
15765,2017-12-30,44.573
15766,2017-12-31,63.587
15767,2018-01-01,34.032
15768,2018-01-02,36.012
15769,2018-01-03,36.012
15770,2018-01-04,40.086
15771,2018-01-05,32.571
15772,2018-01-06,30.186
15773,2018-01-07,28.323
15774,2018-01-08,26.5
15775,2018-01-09,25.604
15776,2018-01-10,25.604
15777,2018-01-11,25.161
15778,2018-01-12,22.553
15779,2018-01-13,22.553
15780,2018-01-14,24.719
15781,2018-01-15,26.5
15782,2018-01-16,26.051
15783,2018-01-17,25.604
15784,2018-01-18,24.719
15785,2018-01-19,49.776
15786,2018-01-20,37.269
15787,2018-01-21,49.219
15788,2018-01-22,124.307
15789,2018-01-23,120.835
15790,2018-01-24,516.175
15791,2018-01-25,422.462
15792,2018-01-26,419.731
15793,2018-01-27,176.025
15794,2018-01-28,128.73
15795,2018-01-29,331.161
15796,2018-01-30,315.471
15797,2018-01-31,225.056
15798,2018-02-01,203.284
15799,2018-02-02,114.067
15800,2018-02-03,102.781
15801,2018-02-04,70.102
15802,2018-02-05,55.459
15803,2018-02-06,51.459
15804,2018-02-07,49.776
15805,2018-02-08,46.467
15806,2018-02-09,44.842
15807,2018-02-10,44.842
15808,2018-02-11,44.842
15809,2018-02-12,50.896
15810,2018-02-13,49.219
15811,2018-02-14,46.467
15812,2018-02-15,36.513
15813,2018-02-16,35.017
15814,2018-02-17,34.523
15815,2018-02-18,33.542
15816,2018-02-19,32.571
15817,2018-02-20,33.056
15818,2018-02-21,36.012
15819,2018-02-22,49.776
15820,2018-02-23,50.335
15821,2018-02-24,46.467
15822,2018-02-25,31.133
15823,2018-02-26,30.186
15824,2018-02-27,26.952
15825,2018-02-28,26.5
15826,2018-03-01,34.523
15827,2018-03-02,38.03
15828,2018-03-03,35.017
15829,2018-03-04,31.61
15830,2018-03-05,26.5
15831,2018-03-06,25.604
15832,2018-03-07,25.604
15833,2018-03-08,48.112
15834,2018-03-09,24.719
15835,2018-03-10,21.705
15836,2018-03-11,20.869
15837,2018-03-12,21.077
15838,2018-03-13,19.635
15839,2018-03-14,19.229
15840,2018-03-15,26.952
15841,2018-03-16,44.842
15842,2018-03-17,42.706
15843,2018-03-18,42.706
15844,2018-03-19,28.323
15845,2018-03-20,27.406
15846,2018-03-21,26.5
15847,2018-03-22,30.186
15848,2018-03-23,30.186
15849,2018-03-24,24.719
15850,2018-03-25,199.079
15851,2018-03-26,232.809
15852,2018-03-27,177.108
15853,2018-03-28,158.258
15854,2018-03-29,112.411
15855,2018-03-30,110.771
15856,2018-03-31,110.771
15857,2018-04-01,45.382
15858,2018-04-02,70.102
15859,2018-04-03,76.186
15860,2018-04-04,43.236
15861,2018-04-05,48.665
15862,2018-04-06,43.236
15863,2018-04-07,38.03
15864,2018-04-08,35.017
15865,2018-04-09,33.056
15866,2018-04-10,31.133
15867,2018-04-11,30.186
15868,2018-04-12,28.323
15869,2018-04-13,26.5
15870,2018-04-14,30.186
15871,2018-04-15,120.835
15872,2018-04-16,117.422
15873,2018-04-17,115.318
15874,2018-04-18,86.451
15875,2018-04-19,58.968
15876,2018-04-20,37.522
15877,2018-04-21,41.651
15878,2018-04-22,50.335
15879,2018-04-23,44.305
15880,2018-04-24,40.086
15881,2018-04-25,45.923
15882,2018-04-26,40.086
15883,2018-04-27,38.03
15884,2018-04-28,37.017
15885,2018-04-29,35.017
15886,2018-04-30,33.056
15887,2018-05-01,32.09
15888,2018-05-02,32.09
15889,2018-05-03,31.133
15890,2018-05-04,30.186
15891,2018-05-05,30.658
15892,2018-05-06,29.25
15893,2018-05-07,28.323
15894,2018-05-08,30.186
15895,2018-05-09,29.25
15896,2018-05-10,28.323
15897,2018-05-11,29.25
15898,2018-05-12,31.133
15899,2018-05-13,28.323
15900,2018-05-14,33.056
15901,2018-05-15,36.012
15902,2018-05-16,69.233
15903,2018-05-17,78.794
15904,2018-05-18,81.402
15905,2018-05-19,146.394
15906,2018-05-20,145.43
15907,2018-05-21,118.27
15908,2018-05-22,111.589
15909,2018-05-23,75.317
15910,2018-05-24,54.306
15911,2018-05-25,47.562
15912,2018-05-26,44.305
15913,2018-05-27,39.054
15914,2018-05-28,39.054
15915,2018-05-29,40.086
15916,2018-05-30,37.017
15917,2018-05-31,36.012
15918,2018-06-01,36.012
15919,2018-06-02,40.086
15920,2018-06-03,40.605
15921,2018-06-04,38.541
15922,2018-06-05,36.012
15923,2018-06-06,35.017
15924,2018-06-07,34.032
15925,2018-06-08,33.056
15926,2018-06-09,32.571
15927,2018-06-10,30.186
15928,2018-06-11,30.186
15929,2018-06-12,31.133
15930,2018-06-13,38.03
15931,2018-06-14,50.896
15932,2018-06-15,50.896
15933,2018-06-16,48.388
15934,2018-06-17,45.923
15935,2018-06-18,29.25
15936,2018-06-19,29.483
15937,2018-06-20,27.635
15938,2018-06-21,27.635
15939,2018-06-22,27.635
15940,2018-06-23,27.179
15941,2018-06-24,28.323
15942,2018-06-25,27.864
15943,2018-06-26,118.27
15944,2018-06-27,105.934
15945,2018-06-28,95.148
15946,2018-06-29,68.365
15947,2018-06-30,69.668
15948,2018-07-01,115.737
15949,2018-07-02,112.0
15950,2018-07-03,95.148
15951,2018-07-04,67.93
15952,2018-07-05,69.668
15953,2018-07-06,50.055
15954,2018-07-07,65.324
15955,2018-07-08,54.019
15956,2018-07-09,39.054
15957,2018-07-10,35.017
15958,2018-07-11,35.763
15959,2018-07-12,35.017
15960,2018-07-13,34.032
15961,2018-07-14,34.032
15962,2018-07-15,33.056
15963,2018-07-16,32.09
15964,2018-07-17,32.09
15965,2018-07-18,34.032
15966,2018-07-19,47.562
15967,2018-07-20,54.306
15968,2018-07-21,54.306
15969,2018-07-22,50.896
15970,2018-07-23,56.621
15971,2018-07-24,55.17
15972,2018-07-25,64.021
15973,2018-07-26,55.459
15974,2018-07-27,56.621
15975,2018-07-28,76.186
15976,2018-07-29,67.496
15977,2018-07-30,52.024
15978,2018-07-31,48.665
15979,2018-08-01,39.311
15980,2018-08-02,40.086
15981,2018-08-03,35.017
15982,2018-08-04,34.032
15983,2018-08-05,33.056
15984,2018-08-06,31.133
15985,2018-08-07,30.186
15986,2018-08-08,30.186
15987,2018-08-09,29.717
15988,2018-08-10,28.323
15989,2018-08-11,27.635
15990,2018-08-12,29.25
15991,2018-08-13,26.952
15992,2018-08-14,26.5
15993,2018-08-15,23.411
15994,2018-08-16,24.281
15995,2018-08-17,23.845
15996,2018-08-18,23.411
15997,2018-08-19,22.128
15998,2018-08-20,21.495
15999,2018-08-21,34.032
16000,2018-08-22,43.236
16001,2018-08-23,45.652
16002,2018-08-24,46.195
16003,2018-08-25,44.305
16004,2018-08-26,36.012
16005,2018-08-27,47.562
16006,2018-08-28,38.03
16007,2018-08-29,31.849
16008,2018-08-30,27.406
16009,2018-08-31,27.406
16010,2018-09-01,90.737
16011,2018-09-02,115.737
16012,2018-09-03,238.059
16013,2018-09-04,229.56
16014,2018-09-05,135.08
16015,2018-09-06,102.781
16016,2018-09-07,80.532
16017,2018-09-08,53.161
16018,2018-09-09,48.665
16019,2018-09-10,48.665
16020,2018-09-11,40.086
16021,2018-09-12,37.017
16022,2018-09-13,36.012
16023,2018-09-14,35.017
16024,2018-09-15,36.012
16025,2018-09-16,50.896
16026,2018-09-17,48.665
16027,2018-09-18,86.451
16028,2018-09-19,74.447
16029,2018-09-20,64.89
16030,2018-09-21,55.459
16031,2018-09-22,40.605
16032,2018-09-23,46.74
16033,2018-09-24,64.021
16034,2018-09-25,150.287
16035,2018-09-26,157.249
16036,2018-09-27,166.478
16037,2018-09-28,158.258
16038,2018-09-29,88.579
16039,2018-09-30,155.24
16040,2018-10-01,93.295
16041,2018-10-02,135.08
16042,2018-10-03,235.426
16043,2018-10-04,382.541
16044,2018-10-05,180.481
16045,2018-10-06,155.24
16046,2018-10-07,95.148
16047,2018-10-08,77.924
16048,2018-10-09,67.496
16049,2018-10-10,69.233
16050,2018-10-11,60.154
16051,2018-10-12,55.459
16052,2018-10-13,86.451
16053,2018-10-14,69.233
16054,2018-10-15,60.154
16055,2018-10-16,50.896
16056,2018-10-17,48.665
16057,2018-10-18,141.613
16058,2018-10-19,61.347
16059,2018-10-20,55.459
16060,2018-10-21,48.665
16061,2018-10-22,45.382
16062,2018-10-23,43.236
16063,2018-10-24,41.127
16064,2018-10-25,35.017
16065,2018-10-26,38.541
16066,2018-10-27,37.017
16067,2018-10-28,50.896
16068,2018-10-29,65.758
16069,2018-10-30,59.56
16070,2018-10-31,72.709
16071,2018-11-01,150.287
16072,2018-11-02,227.624
16073,2018-11-03,256.268
16074,2018-11-04,285.371
16075,2018-11-05,203.889
16076,2018-11-06,161.824
16077,2018-11-07,123.434
16078,2018-11-08,115.737
16079,2018-11-09,64.89
16080,2018-11-10,55.459
16081,2018-11-11,50.335
16082,2018-11-12,49.219
16083,2018-11-13,48.665
16084,2018-11-14,56.039
16085,2018-11-15,58.378
16086,2018-11-16,68.365
16087,2018-11-17,58.378
16088,2018-11-18,92.927
16089,2018-11-19,217.451
16090,2018-11-20,198.482
16091,2018-11-21,113.238
16092,2018-11-22,95.896
16093,2018-11-23,70.971
16094,2018-11-24,304.743
16095,2018-11-25,591.315
16096,2018-11-26,681.055
16097,2018-11-27,458.873
16098,2018-11-28,342.399
16099,2018-11-29,244.715
16100,2018-11-30,163.367
16101,2018-12-01,148.333
16102,2018-12-02,121.698
16103,2018-12-03,120.835
16104,2018-12-04,101.227
16105,2018-12-05,87.866
16106,2018-12-06,78.794
16107,2018-12-07,78.794
16108,2018-12-08,66.627
16109,2018-12-09,66.627
16110,2018-12-10,53.161
16111,2018-12-11,57.79
16112,2018-12-12,56.621
16113,2018-12-13,56.621
16114,2018-12-14,48.665
16115,2018-12-15,50.896
16116,2018-12-16,50.896
16117,2018-12-17,50.896
16118,2018-12-18,54.306
16119,2018-12-19,62.549
16120,2018-12-20,76.186
16121,2018-12-21,230.208
16122,2018-12-22,263.903
16123,2018-12-23,208.764
16124,2018-12-24,193.744
16125,2018-12-25,106.731
16126,2018-12-26,105.141
16127,2018-12-27,102.781
16128,2018-12-28,157.249
16129,2018-12-29,146.394
16130,2018-12-30,76.186
16131,2018-12-31,62.549
16132,2019-01-01,70.971
16133,2019-01-02,83.141
16134,2019-01-03,62.549
16135,2019-01-04,61.347
16136,2019-01-05,64.021
16137,2019-01-06,62.549
16138,2019-01-07,61.347
16139,2019-01-08,52.024
16140,2019-01-09,59.264
16141,2019-01-10,85.749
16142,2019-01-11,101.227
16143,2019-01-12,120.835
16144,2019-01-13,105.934
16145,2019-01-14,120.835
16146,2019-01-15,148.333
16147,2019-01-16,148.333
16148,2019-01-17,275.235
16149,2019-01-18,285.371
16150,2019-01-19,394.722
16151,2019-01-20,312.385
16152,2019-01-21,209.992
16153,2019-01-22,196.105
16154,2019-01-23,102.781
16155,2019-01-24,97.78
16156,2019-01-25,95.148
16157,2019-01-26,79.663
16158,2019-01-27,74.447
16159,2019-01-28,62.549
16160,2019-01-29,56.621
16161,2019-01-30,52.592
16162,2019-01-31,51.177
16163,2019-02-01,41.651
16164,2019-02-02,50.896
16165,2019-02-03,50.335
16166,2019-02-04,52.024
16167,2019-02-05,45.382
16168,2019-02-06,43.236
16169,2019-02-07,40.086
16170,2019-02-08,39.054
16171,2019-02-09,36.513
16172,2019-02-10,31.133
16173,2019-02-11,39.054
16174,2019-02-12,43.236
16175,2019-02-13,40.086
16176,2019-02-14,38.03
16177,2019-02-15,43.236
16178,2019-02-16,40.086
16179,2019-02-17,62.549
16180,2019-02-18,58.968
16181,2019-02-19,48.665
16182,2019-02-20,38.541
16183,2019-02-21,35.514
16184,2019-02-22,35.017
16185,2019-02-23,34.277
16186,2019-02-24,28.323
16187,2019-02-25,54.882
16188,2019-02-26,105.141
16189,2019-02-27,109.955
16190,2019-02-28,112.0
16191,2019-03-01,38.03
16192,2019-03-02,34.032
16193,2019-03-03,34.032
16194,2019-03-04,31.133
16195,2019-03-05,29.25
16196,2019-03-06,26.5
16197,2019-03-07,25.604
16198,2019-03-08,36.513
16199,2019-03-09,104.351
16200,2019-03-10,118.27
16201,2019-03-11,87.157
16202,2019-03-12,155.24
16203,2019-03-13,112.411
16204,2019-03-14,100.84
16205,2019-03-15,67.496
16206,2019-03-16,62.549
16207,2019-03-17,56.621
16208,2019-03-18,484.091
16209,2019-03-19,661.255
16210,2019-03-20,407.119
16211,2019-03-21,230.208
16212,2019-03-22,176.025
16213,2019-03-23,113.238
16214,2019-03-24,76.186
16215,2019-03-25,65.758
16216,2019-03-26,64.455
16217,2019-03-27,53.161
16218,2019-03-28,53.446
16219,2019-03-29,48.665
16220,2019-03-30,47.562
16221,2019-03-31,44.305
16222,2019-04-01,42.177
16223,2019-04-02,45.652
16224,2019-04-03,52.024
16225,2019-04-04,42.177
16226,2019-04-05,47.562
16227,2019-04-06,93.664
16228,2019-04-07,93.664
16229,2019-04-08,74.447
16230,2019-04-09,65.758
16231,2019-04-10,45.382
16232,2019-04-11,43.236
16233,2019-04-12,38.03
16234,2019-04-13,41.127
16235,2019-04-14,35.017
16236,2019-04-15,36.012
16237,2019-04-16,42.441
16238,2019-04-17,32.09
16239,2019-04-18,43.236
16240,2019-04-19,44.305
16241,2019-04-20,47.013
16242,2019-04-21,40.086
16243,2019-04-22,30.186
16244,2019-04-23,31.133
16245,2019-04-24,34.032
16246,2019-04-25,35.514
16247,2019-04-26,35.017
16248,2019-04-27,40.086
16249,2019-04-28,142.562
16250,2019-04-29,182.181
16251,2019-04-30,142.562
16252,2019-05-01,120.835
16253,2019-05-02,81.402
16254,2019-05-03,47.013
16255,2019-05-04,47.562
16256,2019-05-05,47.562
16257,2019-05-06,48.112
16258,2019-05-07,205.101
16259,2019-05-08,111.589
16260,2019-05-09,89.295
16261,2019-05-10,115.737
16262,2019-05-11,307.024
16263,2019-05-12,376.531
16264,2019-05-13,158.765
16265,2019-05-14,155.741
16266,2019-05-15,102.781
16267,2019-05-16,90.014
16268,2019-05-17,74.447
16269,2019-05-18,66.627
16270,2019-05-19,67.496
16271,2019-05-20,60.154
16272,2019-05-21,80.532
16273,2019-05-22,152.257
16274,2019-05-23,142.562
16275,2019-05-24,156.242
16276,2019-05-25,123.434
16277,2019-05-26,110.363
16278,2019-05-27,117.845
16279,2019-05-28,200.275
16280,2019-05-29,228.914
16281,2019-05-30,203.284
16282,2019-05-31,164.918
16283,2019-06-01,139.728
16284,2019-06-02,109.955
16285,2019-06-03,94.405
16286,2019-06-04,84.88
16287,2019-06-05,77.924
16288,2019-06-06,65.758
16289,2019-06-07,61.947
16290,2019-06-08,50.335
16291,2019-06-09,56.039
16292,2019-06-10,58.968
16293,2019-06-11,49.776
16294,2019-06-12,53.732
16295,2019-06-13,52.024
16296,2019-06-14,48.112
16297,2019-06-15,40.086
16298,2019-06-16,45.923
16299,2019-06-17,43.236
16300,2019-06-18,46.467
16301,2019-06-19,41.127
16302,2019-06-20,41.127
16303,2019-06-21,39.311
16304,2019-06-22,38.03
16305,2019-06-23,40.086
16306,2019-06-24,40.086
16307,2019-06-25,38.03
16308,2019-06-26,37.776
16309,2019-06-27,38.03
16310,2019-06-28,38.541
16311,2019-06-29,38.03
16312,2019-06-30,43.77
16313,2019-07-01,97.78
16314,2019-07-02,83.141
16315,2019-07-03,71.84
16316,2019-07-04,60.154
16317,2019-07-05,44.842
16318,2019-07-06,39.569
16319,2019-07-07,37.017
16320,2019-07-08,34.032
16321,2019-07-09,34.523
16322,2019-07-10,33.299
16323,2019-07-11,32.09
16324,2019-07-12,31.61
16325,2019-07-13,31.133
16326,2019-07-14,30.658
16327,2019-07-15,30.658
16328,2019-07-16,29.717
16329,2019-07-17,28.323
16330,2019-07-18,26.952
16331,2019-07-19,27.864
16332,2019-07-20,28.323
16333,2019-07-21,26.5
16334,2019-07-22,27.406
16335,2019-07-23,28.785
16336,2019-07-24,221.235
16337,2019-07-25,563.116
16338,2019-07-26,808.772
16339,2019-07-27,345.649
16340,2019-07-28,231.506
16341,2019-07-29,203.889
16342,2019-07-30,61.947
16343,2019-07-31,62.549
16344,2019-08-01,52.592
16345,2019-08-02,55.459
16346,2019-08-03,55.459
16347,2019-08-04,58.968
16348,2019-08-05,55.459
16349,2019-08-06,49.776
16350,2019-08-07,44.573
16351,2019-08-08,40.086
16352,2019-08-09,40.086
16353,2019-08-10,46.467
16354,2019-08-11,56.621
16355,2019-08-12,62.549
16356,2019-08-13,58.378
16357,2019-08-14,61.347
16358,2019-08-15,54.306
16359,2019-08-16,47.013
16360,2019-08-17,43.236
16361,2019-08-18,40.086
16362,2019-08-19,39.054
16363,2019-08-20,37.017
16364,2019-08-21,34.277
16365,2019-08-22,33.056
16366,2019-08-23,31.61
16367,2019-08-24,30.186
16368,2019-08-25,30.186
16369,2019-08-26,27.864
16370,2019-08-27,28.323
16371,2019-08-28,28.323
16372,2019-08-29,28.323
16373,2019-08-30,27.406
16374,2019-08-31,36.513
16375,2019-09-01,57.204
16376,2019-09-02,53.732
16377,2019-09-03,50.335
16378,2019-09-04,44.842
16379,2019-09-05,31.849
16380,2019-09-06,29.717
16381,2019-09-07,31.371
16382,2019-09-08,36.012
16383,2019-09-09,48.665
16384,2019-09-10,46.467
16385,2019-09-11,45.382
16386,2019-09-12,40.605
16387,2019-09-13,39.054
16388,2019-09-14,52.592
16389,2019-09-15,43.236
16390,2019-09-16,36.513
16391,2019-09-17,33.056
16392,2019-09-18,35.514
16393,2019-09-19,55.459
16394,2019-09-20,58.968
16395,2019-09-21,48.112
16396,2019-09-22,36.012
16397,2019-09-23,31.133
16398,2019-09-24,29.25
16399,2019-09-25,26.5
16400,2019-09-26,26.051
16401,2019-09-27,24.719
16402,2019-09-28,22.128
16403,2019-09-29,21.286
16404,2019-09-30,18.03
16405,2019-10-01,21.286
16406,2019-10-02,20.455
16407,2019-10-03,31.133
16408,2019-10-04,47.562
16409,2019-10-05,307.787
16410,2019-10-06,317.021
16411,2019-10-07,225.056
16412,2019-10-08,172.807
16413,2019-10-09,124.307
16414,2019-10-10,68.365
16415,2019-10-11,47.562
16416,2019-10-12,44.842
16417,2019-10-13,38.03
16418,2019-10-14,41.127
16419,2019-10-15,40.086
16420,2019-10-16,42.441
16421,2019-10-17,39.054
16422,2019-10-18,98.54
16423,2019-10-19,101.227
16424,2019-10-20,89.295
16425,2019-10-21,77.924
16426,2019-10-22,61.947
16427,2019-10-23,49.776
16428,2019-10-24,44.842
16429,2019-10-25,39.569
16430,2019-10-26,36.513
16431,2019-10-27,43.236
16432,2019-10-28,270.245
16433,2019-10-29,283.91
16434,2019-10-30,167.523
16435,2019-10-31,156.242
16436,2019-11-01,
16437,2019-11-02,
16438,2019-11-03,
16439,2019-11-04,
16440,2019-11-05,
16441,2019-11-06,
16442,2019-11-07,
16443,2019-11-08,
16444,2019-11-09,
16445,2019-11-10,
16446,2019-11-11,
16447,2019-11-12,
16448,2019-11-13,
16449,2019-11-14,
16450,2019-11-15,
16451,2019-11-16,
16452,2019-11-17,
16453,2019-11-18,
16454,2019-11-19,
16455,2019-11-20,
16456,2019-11-21,
16457,2019-11-22,
16458,2019-11-23,
16459,2019-11-24,
16460,2019-11-25,
16461,2019-11-26,
16462,2019-11-27,
16463,2019-11-28,
16464,2019-11-29,
16465,2019-11-30,
16466,2019-12-01,
16467,2019-12-02,
16468,2019-12-03,
16469,2019-12-04,
16470,2019-12-05,
16471,2019-12-06,
16472,2019-12-07,
16473,2019-12-08,
16474,2019-12-09,
16475,2019-12-10,
16476,2019-12-11,
16477,2019-12-12,
16478,2019-12-13,
16479,2019-12-14,
16480,2019-12-15,
16481,2019-12-16,
16482,2019-12-17,
16483,2019-12-18,
16484,2019-12-19,
16485,2019-12-20,
16486,2019-12-21,
16487,2019-12-22,
16488,2019-12-23,
16489,2019-12-24,
16490,2019-12-25,
16491,2019-12-26,
16492,2019-12-27,
16493,2019-12-28,
16494,2019-12-29,
16495,2019-12-30,
16496,2019-12-31,
16497,2020-01-01,19.635
16498,2020-01-02,19.635
16499,2020-01-03,18.427
16500,2020-01-04,18.03
16501,2020-01-05,16.473
16502,2020-01-06,15.712
16503,2020-01-07,14.594
16504,2020-01-08,14.963
16505,2020-01-09,16.473
16506,2020-01-10,15.712
16507,2020-01-11,22.128
16508,2020-01-12,26.5
16509,2020-01-13,35.017
16510,2020-01-14,31.133
16511,2020-01-15,21.705
16512,2020-01-16,28.323
16513,2020-01-17,50.896
16514,2020-01-18,44.305
16515,2020-01-19,35.017
16516,2020-01-20,24.719
16517,2020-01-21,20.455
16518,2020-01-22,23.196
16519,2020-01-23,22.553
16520,2020-01-24,22.128
16521,2020-01-25,19.635
16522,2020-01-26,17.246
16523,2020-01-27,14.594
16524,2020-01-28,10.742
16525,2020-01-29,14.594
16526,2020-01-30,14.963
16527,2020-01-31,17.246
16528,2020-02-01,17.246
16529,2020-02-02,16.473
16530,2020-02-03,15.712
16531,2020-02-04,13.864
16532,2020-02-05,13.147
16533,2020-02-06,13.147
16534,2020-02-07,13.147
16535,2020-02-08,12.794
16536,2020-02-09,13.147
16537,2020-02-10,13.147
16538,2020-02-11,12.794
16539,2020-02-12,12.443
16540,2020-02-13,11.412
16541,2020-02-14,10.742
16542,2020-02-15,10.412
16543,2020-02-16,10.086
16544,2020-02-17,10.412
16545,2020-02-18,11.412
16546,2020-02-19,38.541
16547,2020-02-20,37.017
16548,2020-02-21,31.61
16549,2020-02-22,22.553
16550,2020-02-23,15.712
16551,2020-02-24,14.227
16552,2020-02-25,14.963
16553,2020-02-26,13.504
16554,2020-02-27,13.147
16555,2020-02-28,12.443
16556,2020-02-29,11.412
16557,2020-03-01,11.412
16558,2020-03-02,10.412
16559,2020-03-03,10.086
16560,2020-03-04,9.128
16561,2020-03-05,9.763
16562,2020-03-06,8.507
16563,2020-03-07,7.902
16564,2020-03-08,8.816
16565,2020-03-09,10.086
16566,2020-03-10,7.023
16567,2020-03-11,7.312
16568,2020-03-12,6.457
16569,2020-03-13,7.312
16570,2020-03-14,5.638
16571,2020-03-15,5.907
16572,2020-03-16,7.605
16573,2020-03-17,6.18
16574,2020-03-18,8.816
16575,2020-03-19,8.507
16576,2020-03-20,9.763
16577,2020-03-21,9.763
16578,2020-03-22,8.816
16579,2020-03-23,7.023
16580,2020-03-24,6.18
16581,2020-03-25,5.907
16582,2020-03-26,4.36
16583,2020-03-27,5.373
16584,2020-03-28,6.738
16585,2020-03-29,6.18
16586,2020-03-30,6.457
16587,2020-03-31,3.648
16588,2020-04-01,5.907
16589,2020-04-02,5.113
16590,2020-04-03,8.203
16591,2020-04-04,7.902
16592,2020-04-05,5.373
16593,2020-04-06,15.712
16594,2020-04-07,8.507
16595,2020-04-08,10.086
16596,2020-04-09,9.128
16597,2020-04-10,9.443
16598,2020-04-11,7.605
16599,2020-04-12,5.907
16600,2020-04-13,6.457
16601,2020-04-14,6.318
16602,2020-04-15,7.605
16603,2020-04-16,5.907
16604,2020-04-17,6.457
16605,2020-04-18,7.312
16606,2020-04-19,6.457
16607,2020-04-20,5.638
16608,2020-04-21,6.18
16609,2020-04-22,6.457
16610,2020-04-23,5.907
16611,2020-04-24,5.907
16612,2020-04-25,5.373
16613,2020-04-26,5.373
16614,2020-04-27,5.373
16615,2020-04-28,5.373
16616,2020-04-29,7.312
16617,2020-04-30,6.18
16618,2020-05-01,5.907
16619,2020-05-02,5.638
16620,2020-05-03,5.113
16621,2020-05-04,5.907
16622,2020-05-05,14.963
16623,2020-05-06,14.227
16624,2020-05-07,12.794
16625,2020-05-08,11.753
16626,2020-05-09,9.443
16627,2020-05-10,8.816
16628,2020-05-11,9.443
16629,2020-05-12,10.412
16630,2020-05-13,16.473
16631,2020-05-14,78.794
16632,2020-05-15,62.549
16633,2020-05-16,45.382
16634,2020-05-17,33.787
16635,2020-05-18,18.827
16636,2020-05-19,15.336
16637,2020-05-20,13.504
16638,2020-05-21,12.794
16639,2020-05-22,34.032
16640,2020-05-23,98.159
16641,2020-05-24,95.148
16642,2020-05-25,77.49
16643,2020-05-26,60.75
16644,2020-05-27,50.335
16645,2020-05-28,30.186
16646,2020-05-29,24.281
16647,2020-05-30,22.128
16648,2020-05-31,18.427
16649,2020-06-01,18.827
16650,2020-06-02,17.246
16651,2020-06-03,18.03
16652,2020-06-04,16.091
16653,2020-06-05,19.635
16654,2020-06-06,48.665
16655,2020-06-07,62.549
16656,2020-06-08,65.758
16657,2020-06-09,54.306
16658,2020-06-10,44.842
16659,2020-06-11,41.651
16660,2020-06-12,38.797
16661,2020-06-13,39.054
16662,2020-06-14,38.03
16663,2020-06-15,35.017
16664,2020-06-16,47.013
16665,2020-06-17,38.541
16666,2020-06-18,35.017
16667,2020-06-19,30.186
16668,2020-06-20,29.25
16669,2020-06-21,26.5
16670,2020-06-22,23.845
16671,2020-06-23,22.553
16672,2020-06-24,18.827
16673,2020-06-25,22.128
16674,2020-06-26,17.246
16675,2020-06-27,24.719
16676,2020-06-28,22.128
16677,2020-06-29,25.604
16678,2020-06-30,187.335
16679,2020-07-01,379.1
16680,2020-07-02,246.059
16681,2020-07-03,144.95
16682,2020-07-04,133.247
16683,2020-07-05,105.141
16684,2020-07-06,109.144
16685,2020-07-07,119.121
16686,2020-07-08,412.497
16687,2020-07-09,511.085
16688,2020-07-10,338.362
16689,2020-07-11,285.371
16690,2020-07-12,223.778
16691,2020-07-13,135.54
16692,2020-07-14,113.238
16693,2020-07-15,97.401
16694,2020-07-16,90.014
16695,2020-07-17,313.926
16696,2020-07-18,269.536
16697,2020-07-19,176.025
16698,2020-07-20,176.025
16699,2020-07-21,136.002
16700,2020-07-22,100.454
16701,2020-07-23,81.402
16702,2020-07-24,73.578
16703,2020-07-25,72.709
16704,2020-07-26,79.663
16705,2020-07-27,81.402
16706,2020-07-28,96.647
16707,2020-07-29,86.451
16708,2020-07-30,89.295
16709,2020-07-31,86.451
16710,2020-08-01,73.578
16711,2020-08-02,61.048
16712,2020-08-03,54.882
16713,2020-08-04,52.024
16714,2020-08-05,49.776
16715,2020-08-06,48.112
16716,2020-08-07,46.467
16717,2020-08-08,44.305
16718,2020-08-09,42.177
16719,2020-08-10,42.177
16720,2020-08-11,40.086
16721,2020-08-12,70.971
16722,2020-08-13,126.95
16723,2020-08-14,121.698
16724,2020-08-15,228.914
16725,2020-08-16,203.889
16726,2020-08-17,149.308
16727,2020-08-18,121.698
16728,2020-08-19,94.405
16729,2020-08-20,68.365
16730,2020-08-21,53.732
16731,2020-08-22,53.161
16732,2020-08-23,45.382
16733,2020-08-24,44.842
16734,2020-08-25,44.842
16735,2020-08-26,45.382
16736,2020-08-27,45.111
16737,2020-08-28,41.127
16738,2020-08-29,42.177
16739,2020-08-30,39.569
16740,2020-08-31,40.086
16741,2020-09-01,37.017
16742,2020-09-02,37.522
16743,2020-09-03,36.012
16744,2020-09-04,33.056
16745,2020-09-05,37.522
16746,2020-09-06,39.311
16747,2020-09-07,45.382
16748,2020-09-08,57.204
16749,2020-09-09,69.233
16750,2020-09-10,62.549
16751,2020-09-11,52.592
16752,2020-09-12,36.513
16753,2020-09-13,36.012
16754,2020-09-14,35.514
16755,2020-09-15,57.79
16756,2020-09-16,52.592
16757,2020-09-17,74.447
16758,2020-09-18,93.664
16759,2020-09-19,99.686
16760,2020-09-20,89.295
16761,2020-09-21,67.496
16762,2020-09-22,43.236
16763,2020-09-23,37.017
16764,2020-09-24,35.017
16765,2020-09-25,32.09
16766,2020-09-26,33.542
16767,2020-09-27,31.61
16768,2020-09-28,23.845
16769,2020-09-29,32.09
16770,2020-09-30,38.03
16771,2020-10-01,31.133
16772,2020-10-02,29.25
16773,2020-10-03,30.186
16774,2020-10-04,26.051
16775,2020-10-05,25.604
16776,2020-10-06,17.246
16777,2020-10-07,16.473
16778,2020-10-08,23.845
16779,2020-10-09,21.286
16780,2020-10-10,22.553
16781,2020-10-11,20.869
16782,2020-10-12,15.712
16783,2020-10-13,18.03
16784,2020-10-14,17.246
16785,2020-10-15,18.827
16786,2020-10-16,16.473
16787,2020-10-17,14.227
16788,2020-10-18,12.443
16789,2020-10-19,14.227
16790,2020-10-20,14.227
16791,2020-10-21,14.227
16792,2020-10-22,13.864
16793,2020-10-23,12.794
16794,2020-10-24,11.753
16795,2020-10-25,14.963
16796,2020-10-26,25.604
16797,2020-10-27,24.719
16798,2020-10-28,22.981
16799,2020-10-29,25.161
16800,2020-10-30,16.858
16801,2020-10-31,15.712
16802,2020-11-01,14.594
16803,2020-11-02,14.963
16804,2020-11-03,13.504
16805,2020-11-04,13.864
16806,2020-11-05,13.147
16807,2020-11-06,11.753
16808,2020-11-07,10.742
16809,2020-11-08,9.443
16810,2020-11-09,9.763
16811,2020-11-10,10.086
16812,2020-11-11,10.412
16813,2020-11-12,12.096
16814,2020-11-13,10.742
16815,2020-11-14,10.086
16816,2020-11-15,11.412
16817,2020-11-16,11.076
16818,2020-11-17,10.742
16819,2020-11-18,10.742
16820,2020-11-19,10.742
16821,2020-11-20,12.096
16822,2020-11-21,12.794
16823,2020-11-22,8.816
16824,2020-11-23,8.507
16825,2020-11-24,8.507
16826,2020-11-25,6.738
16827,2020-11-26,8.203
16828,2020-11-27,9.763
16829,2020-11-28,12.794
16830,2020-11-29,16.473
16831,2020-11-30,22.128
16832,2020-12-01,44.842
16833,2020-12-02,47.013
16834,2020-12-03,46.467
16835,2020-12-04,38.03
16836,2020-12-05,35.017
16837,2020-12-06,36.513
16838,2020-12-07,36.012
16839,2020-12-08,36.012
16840,2020-12-09,35.017
16841,2020-12-10,41.127
16842,2020-12-11,39.569
16843,2020-12-12,38.03
16844,2020-12-13,40.086
16845,2020-12-14,37.017
16846,2020-12-15,35.017
16847,2020-12-16,28.785
16848,2020-12-17,12.096
16849,2020-12-18,30.186
16850,2020-12-19,14.227
16851,2020-12-20,17.246
16852,2020-12-21,30.186
16853,2020-12-22,13.864
16854,2020-12-23,18.03
16855,2020-12-24,13.504
16856,2020-12-25,12.096
16857,2020-12-26,13.147
16858,2020-12-27,12.794
16859,2020-12-28,12.443
16860,2020-12-29,13.325
16861,2020-12-30,12.096
16862,2020-12-31,21.286
16863,2021-01-01,19.635
16864,2021-01-02,15.712
16865,2021-01-03,17.246
16866,2021-01-04,13.147
16867,2021-01-05,15.712
16868,2021-01-06,18.827
16869,2021-01-07,11.412
16870,2021-01-08,12.443
16871,2021-01-09,10.412
16872,2021-01-10,12.096
16873,2021-01-11,11.076
16874,2021-01-12,11.412
16875,2021-01-13,12.096
16876,2021-01-14,12.443
16877,2021-01-15,11.076
16878,2021-01-16,13.504
16879,2021-01-17,23.411
16880,2021-01-18,30.186
16881,2021-01-19,27.864
16882,2021-01-20,26.952
16883,2021-01-21,23.845
16884,2021-01-22,21.286
16885,2021-01-23,11.076
16886,2021-01-24,11.753
16887,2021-01-25,20.869
16888,2021-01-26,25.604
16889,2021-01-27,35.017
16890,2021-01-28,115.737
16891,2021-01-29,262.506
16892,2021-01-30,90.014
16893,2021-01-31,93.664
16894,2021-02-01,92.927
16895,2021-02-02,68.365
16896,2021-02-03,58.968
16897,2021-02-04,88.579
16898,2021-02-05,57.79
16899,2021-02-06,57.204
16900,2021-02-07,57.204
16901,2021-02-08,52.592
16902,2021-02-09,41.651
16903,2021-02-10,39.569
16904,2021-02-11,35.514
16905,2021-02-12,36.513
16906,2021-02-13,47.562
16907,2021-02-14,42.177
16908,2021-02-15,42.177
16909,2021-02-16,53.161
16910,2021-02-17,52.592
16911,2021-02-18,41.651
16912,2021-02-19,32.571
16913,2021-02-20,30.186
16914,2021-02-21,30.658
16915,2021-02-22,29.25
16916,2021-02-23,37.522
16917,2021-02-24,35.017
16918,2021-02-25,34.523
16919,2021-02-26,35.017
16920,2021-02-27,32.09
16921,2021-02-28,28.785
16922,2021-03-01,26.952
16923,2021-03-02,26.5
16924,2021-03-03,26.5
16925,2021-03-04,31.133
16926,2021-03-05,44.573
16927,2021-03-06,57.204
16928,2021-03-07,40.605
16929,2021-03-08,38.03
16930,2021-03-09,32.09
16931,2021-03-10,28.323
16932,2021-03-11,26.952
16933,2021-03-12,25.161
16934,2021-03-13,24.719
16935,2021-03-14,23.411
16936,2021-03-15,21.286
16937,2021-03-16,20.455
16938,2021-03-17,19.635
16939,2021-03-18,31.849
16940,2021-03-19,32.09
16941,2021-03-20,30.186
16942,2021-03-21,30.186
16943,2021-03-22,40.086
16944,2021-03-23,36.513
16945,2021-03-24,29.717
16946,2021-03-25,33.056
16947,2021-03-26,33.056
16948,2021-03-27,38.03
16949,2021-03-28,44.842
16950,2021-03-29,47.013
16951,2021-03-30,35.017
16952,2021-03-31,33.056
16953,2021-04-01,33.056
16954,2021-04-02,32.09
16955,2021-04-03,31.133
16956,2021-04-04,30.186
16957,2021-04-05,28.785
16958,2021-04-06,27.406
16959,2021-04-07,29.25
16960,2021-04-08,29.25
16961,2021-04-09,33.542
16962,2021-04-10,33.056
16963,2021-04-11,32.09
16964,2021-04-12,31.133
16965,2021-04-13,27.864
16966,2021-04-14,28.323
16967,2021-04-15,34.523
16968,2021-04-16,64.89
16969,2021-04-17,60.75
16970,2021-04-18,35.017
16971,2021-04-19,29.25
16972,2021-04-20,25.604
16973,2021-04-21,23.845
16974,2021-04-22,24.719
16975,2021-04-23,28.323
16976,2021-04-24,25.604
16977,2021-04-25,24.719
16978,2021-04-26,24.719
16979,2021-04-27,23.845
16980,2021-04-28,22.981
16981,2021-04-29,21.286
16982,2021-04-30,20.455
16983,2021-05-01,18.03
16984,2021-05-02,18.03
16985,2021-05-03,15.712
16986,2021-05-04,14.227
16987,2021-05-05,44.842
16988,2021-05-06,67.496
16989,2021-05-07,70.971
16990,2021-05-08,50.896
16991,2021-05-09,49.219
16992,2021-05-10,40.086
16993,2021-05-11,34.523
16994,2021-05-12,34.523
16995,2021-05-13,28.785
16996,2021-05-14,30.658
16997,2021-05-15,29.25
16998,2021-05-16,29.25
16999,2021-05-17,27.864
17000,2021-05-18,37.522
17001,2021-05-19,30.186
17002,2021-05-20,29.25
17003,2021-05-21,31.61
17004,2021-05-22,37.017
17005,2021-05-23,146.394
17006,2021-05-24,136.928
17007,2021-05-25,154.741
17008,2021-05-26,135.08
17009,2021-05-27,110.363
17010,2021-05-28,55.749
17011,2021-05-29,98.921
17012,2021-05-30,212.462
17013,2021-05-31,162.851
17014,2021-06-01,136.928
17015,2021-06-02,117.422
17016,2021-06-03,49.776
17017,2021-06-04,38.541
17018,2021-06-05,38.541
17019,2021-06-06,112.411
17020,2021-06-07,56.039
17021,2021-06-08,58.378
17022,2021-06-09,65.758
17023,2021-06-10,82.271
17024,2021-06-11,117.422
17025,2021-06-12,162.337
17026,2021-06-13,144.47
17027,2021-06-14,54.306
17028,2021-06-15,43.236
17029,2021-06-16,36.513
17030,2021-06-17,36.012
17031,2021-06-18,30.186
17032,2021-06-19,29.25
17033,2021-06-20,36.513
17034,2021-06-21,40.086
17035,2021-06-22,39.054
17036,2021-06-23,34.032
17037,2021-06-24,36.012
17038,2021-06-25,56.039
17039,2021-06-26,66.627
17040,2021-06-27,262.506
17041,2021-06-28,510.071
17042,2021-06-29,401.779
17043,2021-06-30,309.315
17044,2021-07-01,139.728
17045,2021-07-02,63.153
17046,2021-07-03,55.459
17047,2021-07-04,49.776
17048,2021-07-05,47.562
17049,2021-07-06,45.382
17050,2021-07-07,44.305
17051,2021-07-08,43.236
17052,2021-07-09,40.086
17053,2021-07-10,33.056
17054,2021-07-11,42.177
17055,2021-07-12,36.012
17056,2021-07-13,32.09
17057,2021-07-14,35.017
17058,2021-07-15,32.571
17059,2021-07-16,33.056
17060,2021-07-17,28.785
17061,2021-07-18,33.056
17062,2021-07-19,29.25
17063,2021-07-20,29.25
17064,2021-07-21,28.323
17065,2021-07-22,26.051
17066,2021-07-23,26.5
17067,2021-07-24,26.051
17068,2021-07-25,25.161
17069,2021-07-26,25.161
17070,2021-07-27,26.5
17071,2021-07-28,30.186
17072,2021-07-29,28.323
17073,2021-07-30,28.323
17074,2021-07-31,25.161
17075,2021-08-01,17.636
17076,2021-08-02,17.246
17077,2021-08-03,16.473
17078,2021-08-04,14.227
17079,2021-08-05,11.753
17080,2021-08-06,13.504
17081,2021-08-07,12.096
17082,2021-08-08,18.03
17083,2021-08-09,14.227
17084,2021-08-10,15.712
17085,2021-08-11,14.594
17086,2021-08-12,12.096
17087,2021-08-13,11.753
17088,2021-08-14,11.076
17089,2021-08-15,12.096
17090,2021-08-16,11.412
17091,2021-08-17,11.076
17092,2021-08-18,14.594
17093,2021-08-19,5.113
17094,2021-08-20,2.874
17095,2021-08-21,5.772
17096,2021-08-22,3.309
17097,2021-08-23,14.41
17098,2021-08-24,4.985
17099,2021-08-25,55.459
17100,2021-08-26,193.156
17101,2021-08-27,278.11
17102,2021-08-28,176.025
17103,2021-08-29,130.526
17104,2021-08-30,85.749
17105,2021-08-31,44.842
17106,2021-09-01,39.569
17107,2021-09-02,34.032
17108,2021-09-03,31.133
17109,2021-09-04,29.717
17110,2021-09-05,27.864
17111,2021-09-06,29.717
17112,2021-09-07,35.514
17113,2021-09-08,41.914
17114,2021-09-09,154.741
17115,2021-09-10,137.857
17116,2021-09-11,99.686
17117,2021-09-12,85.749
17118,2021-09-13,51.459
17119,2021-09-14,57.204
17120,2021-09-15,87.157
17121,2021-09-16,63.587
17122,2021-09-17,51.459
17123,2021-09-18,468.482
17124,2021-09-19,445.607
17125,2021-09-20,134.161
17126,2021-09-21,116.157
17127,2021-09-22,60.154
17128,2021-09-23,57.79
17129,2021-09-24,54.306
17130,2021-09-25,49.776
17131,2021-09-26,40.605
17132,2021-09-27,44.305
17133,2021-09-28,35.514
17134,2021-09-29,49.776
17135,2021-09-30,44.842
17136,2021-10-01,60.154
17137,2021-10-02,73.578
17138,2021-10-03,87.866
17139,2021-10-04,83.141
17140,2021-10-05,70.102
17141,2021-10-06,66.627
17142,2021-10-07,56.621
17143,2021-10-08,43.236
17144,2021-10-09,44.305
17145,2021-10-10,44.842
17146,2021-10-11,41.651
17147,2021-10-12,131.429
17148,2021-10-13,97.78
17149,2021-10-14,79.663
17150,2021-10-15,318.575
17151,2021-10-16,155.24
17152,2021-10-17,136.928
17153,2021-10-18,91.464
17154,2021-10-19,66.627
17155,2021-10-20,41.127
17156,2021-10-21,47.013
17157,2021-10-22,46.467
17158,2021-10-23,47.013
17159,2021-10-24,73.578
17160,2021-10-25,45.382
17161,2021-10-26,64.021
17162,2021-10-27,52.024
17163,2021-10-28,49.219
17164,2021-10-29,41.127
17165,2021-10-30,38.541
17166,2021-10-31,36.513
17167,2021-11-01,36.012
17168,2021-11-02,36.012
17169,2021-11-03,26.952
17170,2021-11-04,34.523
17171,2021-11-05,29.25
17172,2021-11-06,33.056
17173,2021-11-07,30.186
17174,2021-11-08,28.785
17175,2021-11-09,26.952
17176,2021-11-10,26.5
17177,2021-11-11,25.604
17178,2021-11-12,25.604
17179,2021-11-13,24.719
17180,2021-11-14,24.281
17181,2021-11-15,23.845
17182,2021-11-16,23.845
17183,2021-11-17,25.604
17184,2021-11-18,23.845
17185,2021-11-19,24.281
17186,2021-11-20,23.845
17187,2021-11-21,22.981
17188,2021-11-22,13.864
17189,2021-11-23,20.869
17190,2021-11-24,14.594
17191,2021-11-25,13.147
17192,2021-11-26,25.161
17193,2021-11-27,14.963
17194,2021-11-28,25.604
17195,2021-11-29,26.5
17196,2021-11-30,19.635
17197,2021-12-01,18.827
17198,2021-12-02,18.427
17199,2021-12-03,22.128
17200,2021-12-04,18.427
17201,2021-12-05,17.441
17202,2021-12-06,17.246
17203,2021-12-07,6.18
17204,2021-12-08,13.504
17205,2021-12-09,14.227
17206,2021-12-10,7.605
17207,2021-12-11,18.827
17208,2021-12-12,11.753
17209,2021-12-13,19.635
17210,2021-12-14,7.312
17211,2021-12-15,20.455
17212,2021-12-16,21.705
17213,2021-12-17,25.161
17214,2021-12-18,17.246
17215,2021-12-19,13.504
17216,2021-12-20,4.118
17217,2021-12-21,4.36
17218,2021-12-22,14.227
17219,2021-12-23,13.864
17220,2021-12-24,13.504
17221,2021-12-25,11.076
17222,2021-12-26,9.763
17223,2021-12-27,
17224,2021-12-28,
17225,2021-12-29,10.412
17226,2021-12-30,5.113
17227,2021-12-31,6.318
17228,2022-01-01,4.607
17229,2022-01-02,4.36
17230,2022-01-03,5.113
17231,2022-01-04,2.361
17232,2022-01-05,2.981
17233,2022-01-06,3.421
17234,2022-01-07,2.981
17235,2022-01-08,2.981
17236,2022-01-09,2.562
17237,2022-01-10,4.118
17238,2022-01-11,5.638
17239,2022-01-12,5.638
17240,2022-01-13,3.198
17241,2022-01-14,3.309
17242,2022-01-15,
17243,2022-01-16,
17244,2022-01-17,
17245,2022-01-18,
17246,2022-01-19,2.562
17247,2022-01-20,
17248,2022-01-21,2.562
17249,2022-01-22,
17250,2022-01-23,
17251,2022-01-24,3.421
17252,2022-01-25,2.562
17253,2022-01-26,5.113
17254,2022-01-27,6.738
17255,2022-01-28,3.881
17256,2022-01-29,7.605
17257,2022-01-30,3.881
17258,2022-01-31,4.36
17259,2022-02-01,3.648
17260,2022-02-02,3.648
17261,2022-02-03,3.198
17262,2022-02-04,3.198
17263,2022-02-05,4.858
17264,2022-02-06,3.421
17265,2022-02-07,4.118
17266,2022-02-08,4.36
17267,2022-02-09,4.238
17268,2022-02-10,4.36
17269,2022-02-11,4.238
17270,2022-02-12,4.118
17271,2022-02-13,7.023
17272,2022-02-14,5.907
17273,2022-02-15,4.607
17274,2022-02-16,2.769
17275,2022-02-17,3.198
17276,2022-02-18,2.769
17277,2022-02-19,2.769
17278,2022-02-20,2.981
17279,2022-02-21,4.118
17280,2022-02-22,2.665
17281,2022-02-23,
17282,2022-02-24,
17283,2022-02-25,4.607
17284,2022-02-26,6.738
17285,2022-02-27,9.128
17286,2022-02-28,11.753
17287,2022-03-01,4.118
17288,2022-03-02,5.113
17289,2022-03-03,7.312
17290,2022-03-04,6.457
17291,2022-03-05,7.312
17292,2022-03-06,4.607
17293,2022-03-07,9.128
17294,2022-03-08,8.816
17295,2022-03-09,8.816
17296,2022-03-10,14.594
17297,2022-03-11,21.286
17298,2022-03-12,25.604
17299,2022-03-13,16.091
17300,2022-03-14,11.076
17301,2022-03-15,10.412
17302,2022-03-16,7.023
17303,2022-03-17,7.312
17304,2022-03-18,5.373
17305,2022-03-19,9.128
17306,2022-03-20,8.203
17307,2022-03-21,6.457
17308,2022-03-22,6.18
17309,2022-03-23,5.113
17310,2022-03-24,26.952
17311,2022-03-25,43.236
17312,2022-03-26,31.61
17313,2022-03-27,28.785
17314,2022-03-28,20.869
17315,2022-03-29,19.229
17316,2022-03-30,22.553
17317,2022-03-31,39.569
17318,2022-04-01,40.086
17319,2022-04-02,32.09
17320,2022-04-03,28.093
17321,2022-04-04,100.454
17322,2022-04-05,177.108
17323,2022-04-06,127.838
17324,2022-04-07,99.686
17325,2022-04-08,70.102
17326,2022-04-09,56.039
17327,2022-04-10,39.054
17328,2022-04-11,90.014
17329,2022-04-12,114.9
17330,2022-04-13,127.838
17331,2022-04-14,60.75
17332,2022-04-15,50.896
17333,2022-04-16,41.651
17334,2022-04-17,38.03
17335,2022-04-18,32.09
17336,2022-04-19,29.717
17337,2022-04-20,26.952
17338,2022-04-21,26.952
17339,2022-04-22,29.717
17340,2022-04-23,45.382
17341,2022-04-24,36.513
17342,2022-04-25,43.236
17343,2022-04-26,48.112
17344,2022-04-27,304.743
17345,2022-04-28,185.608
17346,2022-04-29,166.478
17347,2022-04-30,171.743
17348,2022-05-01,138.79
17349,2022-05-02,118.27
17350,2022-05-03,441.857
17351,2022-05-04,661.255
17352,2022-05-05,650.279
17353,2022-05-06,464.625
17354,2022-05-07,313.926
17355,2022-05-08,289.778
17356,2022-05-09,148.333
17357,2022-05-10,91.464
17358,2022-05-11,113.238
17359,2022-05-12,98.159
17360,2022-05-13,92.194
17361,2022-05-14,89.295
17362,2022-05-15,83.141
17363,2022-05-16,82.271
17364,2022-05-17,67.496
17365,2022-05-18,68.365
17366,2022-05-19,58.968
17367,2022-05-20,67.496
17368,2022-05-21,68.365
17369,2022-05-22,57.204
17370,2022-05-23,46.467
17371,2022-05-24,47.013
17372,2022-05-25,46.467
17373,2022-05-26,53.732
17374,2022-05-27,119.976
17375,2022-05-28,149.308
17376,2022-05-29,181.613
17377,2022-05-30,279.554
17378,2022-05-31,183.89
17379,2022-06-01,146.394
17380,2022-06-02,113.238
17381,2022-06-03,91.464
17382,2022-06-04,74.447
17383,2022-06-05,78.794
17384,2022-06-06,72.709
17385,2022-06-07,276.67
17386,2022-06-08,194.333
17387,2022-06-09,141.613
17388,2022-06-10,141.613
17389,2022-06-11,98.921
17390,2022-06-12,84.01
17391,2022-06-13,70.971
17392,2022-06-14,64.021
17393,2022-06-15,60.75
17394,2022-06-16,60.154
17395,2022-06-17,117.422
17396,2022-06-18,236.74
17397,2022-06-19,203.889
17398,2022-06-20,146.394
17399,2022-06-21,156.242
17400,2022-06-22,470.418
17401,2022-06-23,434.411
17402,2022-06-24,332.754
17403,2022-06-25,242.04
17404,2022-06-26,191.984
17405,2022-06-27,142.562
17406,2022-06-28,114.067
17407,2022-06-29,102.781
17408,2022-06-30,93.664
17409,2022-07-01,86.451
17410,2022-07-02,83.141
17411,2022-07-03,78.794
17412,2022-07-04,72.709
17413,2022-07-05,64.021
17414,2022-07-06,63.153
17415,2022-07-07,64.89
17416,2022-07-08,59.56
17417,2022-07-09,53.161
17418,2022-07-10,62.549
17419,2022-07-11,61.947
17420,2022-07-12,87.866
17421,2022-07-13,121.698
17422,2022-07-14,102.002
17423,2022-07-15,126.065
17424,2022-07-16,136.928
17425,2022-07-17,207.539
17426,2022-07-18,193.156
17427,2022-07-19,159.272
17428,2022-07-20,131.429
17429,2022-07-21,85.749
17430,2022-07-22,76.186
17431,2022-07-23,67.496
17432,2022-07-24,55.459
17433,2022-07-25,57.79
17434,2022-07-26,58.378
17435,2022-07-27,53.161
17436,2022-07-28,53.161
17437,2022-07-29,48.665
17438,2022-07-30,46.467
17439,2022-07-31,48.112
17440,2022-08-01,46.467
17441,2022-08-02,46.467
17442,2022-08-03,43.236
17443,2022-08-04,40.086
17444,2022-08-05,47.562
17445,2022-08-06,52.024
17446,2022-08-07,53.161
17447,2022-08-08,53.161
17448,2022-08-09,52.024
17449,2022-08-10,56.039
17450,2022-08-11,55.459
17451,2022-08-12,55.459
17452,2022-08-13,49.776
17453,2022-08-14,52.592
17454,2022-08-15,39.569
17455,2022-08-16,50.896
17456,2022-08-17,60.154
17457,2022-08-18,99.686
17458,2022-08-19,101.227
17459,2022-08-20,90.014
17460,2022-08-21,81.402
17461,2022-08-22,48.665
17462,2022-08-23,40.086
17463,2022-08-24,37.522
17464,2022-08-25,34.032
17465,2022-08-26,35.017
17466,2022-08-27,34.523
17467,2022-08-28,28.323
17468,2022-08-29,35.017
17469,2022-08-30,33.542
17470,2022-08-31,37.017
17471,2022-09-01,29.717
17472,2022-09-02,38.03
17473,2022-09-03,30.186
17474,2022-09-04,33.056
17475,2022-09-05,31.133
17476,2022-09-06,29.717
17477,2022-09-07,30.186
17478,2022-09-08,31.133
17479,2022-09-09,29.25
17480,2022-09-10,32.09
17481,2022-09-11,34.032
17482,2022-09-12,45.382
17483,2022-09-13,31.61
17484,2022-09-14,26.5
17485,2022-09-15,27.406
17486,2022-09-16,9.443
17487,2022-09-17,25.161
17488,2022-09-18,21.705
17489,2022-09-19,19.635
17490,2022-09-20,30.186
17491,2022-09-21,27.406
17492,2022-09-22,39.569
17493,2022-09-23,33.542
17494,2022-09-24,25.604
17495,2022-09-25,24.719
17496,2022-09-26,24.719
17497,2022-09-27,23.845
17498,2022-09-28,21.286
17499,2022-09-29,27.864
17500,2022-09-30,22.981
17501,2022-10-01,21.286
17502,2022-10-02,25.604
17503,2022-10-03,26.5
17504,2022-10-04,26.5
17505,2022-10-05,25.604
17506,2022-10-06,22.981
17507,2022-10-07,24.719
17508,2022-10-08,23.845
17509,2022-10-09,24.281
17510,2022-10-10,24.719
17511,2022-10-11,16.473
17512,2022-10-12,18.827
17513,2022-10-13,22.981
17514,2022-10-14,26.5
17515,2022-10-15,22.128
17516,2022-10-16,22.981
17517,2022-10-17,12.096
17518,2022-10-18,16.281
17519,2022-10-19,16.858
17520,2022-10-20,9.128
17521,2022-10-21,27.406
17522,2022-10-22,22.128
17523,2022-10-23,9.763
17524,2022-10-24,17.636
17525,2022-10-25,11.076
17526,2022-10-26,16.091
17527,2022-10-27,17.246
17528,2022-10-28,18.03
17529,2022-10-29,18.827
17530,2022-10-30,11.076
17531,2022-10-31,22.981
17532,2022-11-01,25.161
17533,2022-11-02,21.286
17534,2022-11-03,25.604
17535,2022-11-04,15.712
17536,2022-11-05,20.869
17537,2022-11-06,9.763
17538,2022-11-07,14.963
17539,2022-11-08,12.096
17540,2022-11-09,21.705
17541,2022-11-10,8.052
17542,2022-11-11,14.594
17543,2022-11-12,18.03
17544,2022-11-13,15.524
17545,2022-11-14,20.043
17546,2022-11-15,9.763
17547,2022-11-16,10.412
17548,2022-11-17,7.023
17549,2022-11-18,13.864
17550,2022-11-19,8.203
17551,2022-11-20,14.594
17552,2022-11-21,15.712
17553,2022-11-22,7.902
17554,2022-11-23,12.443
17555,2022-11-24,6.738
17556,2022-11-25,16.091
17557,2022-11-26,11.076
17558,2022-11-27,6.318
17559,2022-11-28,8.507
17560,2022-11-29,11.753
17561,2022-11-30,13.147
17562,2022-12-01,4.607
17563,2022-12-02,6.457
17564,2022-12-03,13.864
17565,2022-12-04,13.864
17566,2022-12-05,9.763
17567,2022-12-06,11.753
17568,2022-12-07,10.412
17569,2022-12-08,13.504
17570,2022-12-09,9.763
17571,2022-12-10,
17572,2022-12-11,7.312
17573,2022-12-12,7.312
17574,2022-12-13,6.457
17575,2022-12-14,8.203
17576,2022-12-15,11.753
17577,2022-12-16,7.902
17578,2022-12-17,7.023
17579,2022-12-18,3.421
17580,2022-12-19,3.421
17581,2022-12-20,3.648
17582,2022-12-21,11.412
17583,2022-12-22,4.858
17584,2022-12-23,7.902
17585,2022-12-24,4.36
17586,2022-12-25,
17587,2022-12-26,6.738
17588,2022-12-27,2.981
17589,2022-12-28,6.738
17590,2022-12-29,8.507
17591,2022-12-30,6.457
17592,2022-12-31,6.457
17593,2023-01-01,4.858
17594,2023-01-02,5.907
17595,2023-01-03,4.607
17596,2023-01-04,5.638
17597,2023-01-05,5.907
17598,2023-01-06,4.118
17599,2023-01-07,4.607
17600,2023-01-08,3.881
17601,2023-01-09,3.421
17602,2023-01-10,3.198
17603,2023-01-11,2.769
17604,2023-01-12,3.421
17605,2023-01-13,4.858
17606,2023-01-14,5.907
17607,2023-01-15,7.023
17608,2023-01-16,4.858
17609,2023-01-17,4.607
17610,2023-01-18,3.421
17611,2023-01-19,2.769
17612,2023-01-20,2.981
17613,2023-01-21,
17614,2023-01-22,3.881
17615,2023-01-23,4.118
17616,2023-01-24,3.648
17617,2023-01-25,3.648
17618,2023-01-26,4.118
17619,2023-01-27,2.769
17620,2023-01-28,2.981
17621,2023-01-29,3.648
17622,2023-01-30,2.981
17623,2023-01-31,3.198
17624,2023-02-01,
17625,2023-02-02,
17626,2023-02-03,
17627,2023-02-04,
17628,2023-02-05,
17629,2023-02-06,
17630,2023-02-07,
17631,2023-02-08,
17632,2023-02-09,
17633,2023-02-10,
17634,2023-02-11,
17635,2023-02-12,
17636,2023-02-13,
17637,2023-02-14,
17638,2023-02-15,
17639,2023-02-16,
17640,2023-02-17,
17641,2023-02-18,
17642,2023-02-19,
17643,2023-02-20,
17644,2023-02-21,
17645,2023-02-22,
17646,2023-02-23,
17647,2023-02-24,
17648,2023-02-25,
17649,2023-02-26,
17650,2023-02-27,
17651,2023-02-28,
17652,2023-03-01,2.56
17653,2023-03-02,2.36
17654,2023-03-03,3.2
17655,2023-03-04,4.12
17656,2023-03-05,3.88
17657,2023-03-06,8.82
17658,2023-03-07,5.37
17659,2023-03-08,7.9
17660,2023-03-09,5.91
17661,2023-03-10,6.46
17662,2023-03-11,2.56
17663,2023-03-12,2.56
17664,2023-03-13,2.36
17665,2023-03-14,
17666,2023-03-15,
17667,2023-03-16,
17668,2023-03-17,2.36
17669,2023-03-18,
17670,2023-03-19,2.36
17671,2023-03-20,2.36
17672,2023-03-21,2.36
17673,2023-03-22,
17674,2023-03-23,
17675,2023-03-24,2.77
17676,2023-03-25,4.36
17677,2023-03-26,4.12
17678,2023-03-27,7.02
17679,2023-03-28,3.2
17680,2023-03-29,3.2
17681,2023-03-30,7.61
17682,2023-03-31,7.61
17683,2023-04-01,9.13
17684,2023-04-02,7.31
17685,2023-04-03,6.18
17686,2023-04-04,4.36
17687,2023-04-05,3.88
17688,2023-04-06,4.86
17689,2023-04-07,2.98
17690,2023-04-08,2.77
17691,2023-04-09,3.65
17692,2023-04-10,4.12
17693,2023-04-11,3.42
17694,2023-04-12,3.42
17695,2023-04-13,3.88
17696,2023-04-14,2.98
17697,2023-04-15,3.42
17698,2023-04-16,3.65
17699,2023-04-17,3.42
17700,2023-04-18,3.65
17701,2023-04-19,3.42
17702,2023-04-20,3.42
17703,2023-04-21,
17704,2023-04-22,2.56
17705,2023-04-23,2.56
17706,2023-04-24,2.56
17707,2023-04-25,2.56
17708,2023-04-26,2.56
17709,2023-04-27,2.77
17710,2023-04-28,2.56
17711,2023-04-29,2.56
17712,2023-04-30,2.77
17713,2023-05-01,2.981
17714,2023-05-02,4.118
17715,2023-05-03,11.412
17716,2023-05-04,27.864
17717,2023-05-05,45.923
17718,2023-05-06,95.896
17719,2023-05-07,67.496
17720,2023-05-08,107.532
17721,2023-05-09,92.927
17722,2023-05-10,72.709
17723,2023-05-11,53.161
17724,2023-05-12,42.177
17725,2023-05-13,28.323
17726,2023-05-14,28.323
17727,2023-05-15,21.705
17728,2023-05-16,19.635
17729,2023-05-17,17.246
17730,2023-05-18,20.043
17731,2023-05-19,17.246
17732,2023-05-20,14.963
17733,2023-05-21,14.963
17734,2023-05-22,16.858
17735,2023-05-23,15.336
17736,2023-05-24,13.147
17737,2023-05-25,14.594
17738,2023-05-26,13.864
17739,2023-05-27,58.968
17740,2023-05-28,183.89
17741,2023-05-29,114.067
17742,2023-05-30,68.365
17743,2023-05-31,47.013
17744,2023-06-01,32.09
17745,2023-06-02,32.09
17746,2023-06-03,33.056
17747,2023-06-04,27.864
17748,2023-06-05,25.161
17749,2023-06-06,20.869
17750,2023-06-07,20.455
17751,2023-06-08,18.427
17752,2023-06-09,18.427
17753,2023-06-10,21.705
17754,2023-06-11,24.281
17755,2023-06-12,23.411
17756,2023-06-13,27.406
17757,2023-06-14,29.25
17758,2023-06-15,33.056
17759,2023-06-16,56.621
17760,2023-06-17,87.866
17761,2023-06-18,84.88
17762,2023-06-19,68.365
17763,2023-06-20,53.161
17764,2023-06-21,44.842
17765,2023-06-22,35.514
17766,2023-06-23,39.054
17767,2023-06-24,60.154
17768,2023-06-25,53.161
17769,2023-06-26,41.651
17770,2023-06-27,35.017
17771,2023-06-28,32.09
17772,2023-06-29,29.717
17773,2023-06-30,31.133
