Datas,1040033
2000-04-01,
2000-04-02,
2000-04-03,
2000-04-04,
2000-04-05,
2000-04-06,
2000-04-07,
2000-04-08,
2000-04-09,
2000-04-10,
2000-04-11,
2000-04-12,
2000-04-13,
2000-04-14,
2000-04-15,
2000-04-16,
2000-04-17,
2000-04-18,
2000-04-19,
2000-04-20,
2000-04-21,
2000-04-22,
2000-04-23,
2000-04-24,
2000-04-25,
2000-04-26,
2000-04-27,0.0
2000-04-28,15.3
2000-04-29,6.8
2000-04-30,0.0
2000-05-01,14.0
2000-05-02,12.5
2000-05-03,0.8
2000-05-04,0.0
2000-05-05,3.3
2000-05-06,2.3
2000-05-07,0.5
2000-05-08,0.0
2000-05-09,0.0
2000-05-10,0.0
2000-05-11,0.0
2000-05-12,0.3
2000-05-13,0.0
2000-05-14,1.5
2000-05-15,0.5
2000-05-16,0.0
2000-05-17,0.0
2000-05-18,0.0
2000-05-19,0.0
2000-05-20,0.0
2000-05-21,1.8
2000-05-22,13.5
2000-05-23,22.3
2000-05-24,4.3
2000-05-25,4.8
2000-05-26,2.0
2000-05-27,2.3
2000-05-28,0.0
2000-05-29,0.0
2000-05-30,0.0
2000-05-31,0.0
2000-06-01,0.0
2000-06-02,0.0
2000-06-03,0.0
2000-06-04,16.0
2000-06-05,17.0
2000-06-06,7.8
2000-06-07,3.0
2000-06-08,2.3
2000-06-09,0.5
2000-06-10,0.8
2000-06-11,0.8
2000-06-12,0.0
2000-06-13,1.0
2000-06-14,0.0
2000-06-15,0.0
2000-06-16,0.0
2000-06-17,0.0
2000-06-18,0.5
2000-06-19,0.0
2000-06-20,
2000-06-21,
2000-06-22,
2000-06-23,6.8
2000-06-24,6.5
2000-06-25,0.3
2000-06-26,0.0
2000-06-27,4.5
2000-06-28,10.5
2000-06-29,13.3
2000-06-30,2.0
2000-07-01,0.0
2000-07-02,0.0
2000-07-03,0.8
2000-07-04,3.8
2000-07-05,8.0
2000-07-06,0.0
2000-07-07,0.8
2000-07-08,0.0
2000-07-09,
2000-07-10,
2000-07-11,
2000-07-12,
2000-07-13,
2000-07-14,
2000-07-15,
2000-07-16,
2000-07-17,
2000-07-18,
2000-07-19,
2000-07-20,
2000-07-21,
2000-07-22,
2000-07-23,
2000-07-24,
2000-07-25,
2000-07-26,
2000-07-27,
2000-07-28,
2000-07-29,
2000-07-30,
2000-07-31,
2000-08-01,
2000-08-02,
2000-08-03,
2000-08-04,
2000-08-05,
2000-08-06,
2000-08-07,
2000-08-08,
2000-08-09,
2000-08-10,
2000-08-11,
2000-08-12,
2000-08-13,
2000-08-14,
2000-08-15,
2000-08-16,
2000-08-17,
2000-08-18,
2000-08-19,
2000-08-20,
2000-08-21,
2000-08-22,
2000-08-23,
2000-08-24,
2000-08-25,
2000-08-26,
2000-08-27,
2000-08-28,
2000-08-29,
2000-08-30,
2000-08-31,
2000-09-01,
2000-09-02,
2000-09-03,
2000-09-04,
2000-09-05,
2000-09-06,
2000-09-07,
2000-09-08,
2000-09-09,
2000-09-10,
2000-09-11,
2000-09-12,
2000-09-13,
2000-09-14,
2000-09-15,
2000-09-16,
2000-09-17,
2000-09-18,
2000-09-19,
2000-09-20,
2000-09-21,
2000-09-22,
2000-09-23,
2000-09-24,
2000-09-25,
2000-09-26,
2000-09-27,
2000-09-28,
2000-09-29,
2000-09-30,
2000-10-01,
2000-10-02,
2000-10-03,
2000-10-04,
2000-10-05,
2000-10-06,
2000-10-07,
2000-10-08,
2000-10-09,
2000-10-10,
2000-10-11,
2000-10-12,
2000-10-13,
2000-10-14,
2000-10-15,
2000-10-16,
2000-10-17,
2000-10-18,
2000-10-19,
2000-10-20,
2000-10-21,
2000-10-22,
2000-10-23,
2000-10-24,
2000-10-25,
2000-10-26,
2000-10-27,
2000-10-28,
2000-10-29,
2000-10-30,
2000-10-31,
2000-11-01,
2000-11-02,
2000-11-03,
2000-11-04,
2000-11-05,
2000-11-06,
2000-11-07,
2000-11-08,
2000-11-09,
2000-11-10,
2000-11-11,
2000-11-12,
2000-11-13,
2000-11-14,
2000-11-15,
2000-11-16,
2000-11-17,
2000-11-18,
2000-11-19,
2000-11-20,
2000-11-21,
2000-11-22,
2000-11-23,
2000-11-24,
2000-11-25,
2000-11-26,
2000-11-27,
2000-11-28,
2000-11-29,
2000-11-30,
2000-12-01,
2000-12-02,
2000-12-03,
2000-12-04,
2000-12-05,
2000-12-06,
2000-12-07,
2000-12-08,
2000-12-09,
2000-12-10,
2000-12-11,
2000-12-12,
2000-12-13,
2000-12-14,
2000-12-15,
2000-12-16,
2000-12-17,
2000-12-18,
2000-12-19,
2000-12-20,
2000-12-21,
2000-12-22,
2000-12-23,
2000-12-24,
2000-12-25,
2000-12-26,
2000-12-27,
2000-12-28,
2000-12-29,
2000-12-30,
2000-12-31,
2001-01-01,
2001-01-02,
2001-01-03,
2001-01-04,
2001-01-05,
2001-01-06,
2001-01-07,
2001-01-08,
2001-01-09,
2001-01-10,
2001-01-11,
2001-01-12,
2001-01-13,
2001-01-14,
2001-01-15,
2001-01-16,
2001-01-17,
2001-01-18,
2001-01-19,
2001-01-20,
2001-01-21,
2001-01-22,
2001-01-23,
2001-01-24,
2001-01-25,
2001-01-26,
2001-01-27,
2001-01-28,
2001-01-29,
2001-01-30,
2001-01-31,
2001-02-01,
2001-02-02,
2001-02-03,
2001-02-04,
2001-02-05,
2001-02-06,
2001-02-07,
2001-02-08,
2001-02-09,
2001-02-10,
2001-02-11,
2001-02-12,
2001-02-13,
2001-02-14,
2001-02-15,
2001-02-16,
2001-02-17,
2001-02-18,
2001-02-19,
2001-02-20,
2001-02-21,
2001-02-22,
2001-02-23,
2001-02-24,
2001-02-25,
2001-02-26,
2001-02-27,
2001-02-28,
2001-03-01,
2001-03-02,
2001-03-03,
2001-03-04,
2001-03-05,
2001-03-06,
2001-03-07,
2001-03-08,
2001-03-09,
2001-03-10,
2001-03-11,
2001-03-12,
2001-03-13,0.0
2001-03-14,
2001-03-15,22.8
2001-03-16,1.0
2001-03-17,1.3
2001-03-18,
2001-03-19,
2001-03-20,
2001-03-21,
2001-03-22,
2001-03-23,
2001-03-24,
2001-03-25,
2001-03-26,
2001-03-27,
2001-03-28,
2001-03-29,
2001-03-30,
2001-03-31,0.3
2001-04-01,
2001-04-02,
2001-04-03,
2001-04-04,6.0
2001-04-05,0.0
2001-04-06,0.0
2001-04-07,2.5
2001-04-08,2.0
2001-04-09,
2001-04-10,
2001-04-11,
2001-04-12,
2001-04-13,
2001-04-14,
2001-04-15,
2001-04-16,4.5
2001-04-17,0.8
2001-04-18,
2001-04-19,
2001-04-20,
2001-04-21,
2001-04-22,
2001-04-23,
2001-04-24,
2001-04-25,
2001-04-26,
2001-04-27,0.3
2001-04-28,0.3
2001-04-29,
2001-04-30,0.0
2001-05-01,13.5
2001-05-02,0.3
2001-05-03,8.0
2001-05-04,1.8
2001-05-05,
2001-05-06,
2001-05-07,
2001-05-08,
2001-05-09,
2001-05-10,
2001-05-11,
2001-05-12,
2001-05-13,
2001-05-14,
2001-05-15,0.3
2001-05-16,0.0
2001-05-17,
2001-05-18,
2001-05-19,0.0
2001-05-20,15.8
2001-05-21,
2001-05-22,0.3
2001-05-23,
2001-05-24,
2001-05-25,
2001-05-26,
2001-05-27,
2001-05-28,
2001-05-29,
2001-05-30,0.0
2001-05-31,21.0
2001-06-01,1.3
2001-06-02,0.0
2001-06-03,6.3
2001-06-04,12.3
2001-06-05,0.8
2001-06-06,0.0
2001-06-07,0.0
2001-06-08,
2001-06-09,8.0
2001-06-10,16.3
2001-06-11,2.3
2001-06-12,
2001-06-13,0.5
2001-06-14,0.5
2001-06-15,0.0
2001-06-16,2.0
2001-06-17,7.5
2001-06-18,0.0
2001-06-19,0.0
2001-06-20,0.0
2001-06-21,0.0
2001-06-22,3.5
2001-06-23,9.5
2001-06-24,11.5
2001-06-25,0.0
2001-06-26,0.0
2001-06-27,
2001-06-28,25.3
2001-06-29,1.5
2001-06-30,1.0
2001-07-01,0.5
2001-07-02,0.0
2001-07-03,0.0
2001-07-04,0.0
2001-07-05,
2001-07-06,0.3
2001-07-07,19.8
2001-07-08,7.5
2001-07-09,2.3
2001-07-10,0.8
2001-07-11,0.5
2001-07-12,0.0
2001-07-13,
2001-07-14,4.0
2001-07-15,1.8
2001-07-16,
2001-07-17,3.0
2001-07-18,0.8
2001-07-19,5.0
2001-07-20,0.0
2001-07-21,0.0
2001-07-22,0.0
2001-07-23,
2001-07-24,0.3
2001-07-25,0.0
2001-07-26,
2001-07-27,0.5
2001-07-28,0.0
2001-07-29,0.0
2001-07-30,0.0
2001-07-31,
2001-08-01,0.8
2001-08-02,0.0
2001-08-03,0.0
2001-08-04,0.5
2001-08-05,5.5
2001-08-06,4.8
2001-08-07,
2001-08-08,11.8
2001-08-09,2.8
2001-08-10,1.8
2001-08-11,7.0
2001-08-12,5.0
2001-08-13,1.8
2001-08-14,0.5
2001-08-15,0.8
2001-08-16,1.0
2001-08-17,0.0
2001-08-18,1.3
2001-08-19,12.5
2001-08-20,5.0
2001-08-21,
2001-08-22,2.5
2001-08-23,1.0
2001-08-24,0.0
2001-08-25,
2001-08-26,0.8
2001-08-27,
2001-08-28,2.5
2001-08-29,0.0
2001-08-30,
2001-08-31,9.3
2001-09-01,0.5
2001-09-02,10.5
2001-09-03,1.5
2001-09-04,
2001-09-05,0.3
2001-09-06,
2001-09-07,0.8
2001-09-08,0.0
2001-09-09,0.0
2001-09-10,0.0
2001-09-11,0.0
2001-09-12,0.0
2001-09-13,0.0
2001-09-14,0.0
2001-09-15,0.0
2001-09-16,0.0
2001-09-17,
2001-09-18,3.8
2001-09-19,0.8
2001-09-20,1.8
2001-09-21,4.5
2001-09-22,3.3
2001-09-23,0.0
2001-09-24,0.0
2001-09-25,
2001-09-26,0.3
2001-09-27,0.0
2001-09-28,0.0
2001-09-29,0.0
2001-09-30,0.0
2001-10-01,0.0
2001-10-02,0.0
2001-10-03,0.0
2001-10-04,0.0
2001-10-05,0.0
2001-10-06,0.0
2001-10-07,0.0
2001-10-08,0.0
2001-10-09,0.0
2001-10-10,0.0
2001-10-11,0.0
2001-10-12,0.0
2001-10-13,0.0
2001-10-14,0.0
2001-10-15,0.0
2001-10-16,0.0
2001-10-17,0.0
2001-10-18,0.0
2001-10-19,0.0
2001-10-20,0.0
2001-10-21,0.0
2001-10-22,0.0
2001-10-23,0.0
2001-10-24,0.0
2001-10-25,
2001-10-26,2.5
2001-10-27,0.8
2001-10-28,0.0
2001-10-29,0.0
2001-10-30,0.0
2001-10-31,0.0
2001-11-01,0.0
2001-11-02,0.0
2001-11-03,0.0
2001-11-04,0.0
2001-11-05,0.0
2001-11-06,0.0
2001-11-07,0.0
2001-11-08,0.0
2001-11-09,
2001-11-10,0.8
2001-11-11,0.0
2001-11-12,0.0
2001-11-13,0.0
2001-11-14,0.0
2001-11-15,0.0
2001-11-16,0.0
2001-11-17,0.0
2001-11-18,0.0
2001-11-19,0.0
2001-11-20,0.0
2001-11-21,0.0
2001-11-22,0.0
2001-11-23,0.0
2001-11-24,0.0
2001-11-25,0.0
2001-11-26,0.0
2001-11-27,0.0
2001-11-28,0.0
2001-11-29,0.0
2001-11-30,4.0
2001-12-01,0.0
2001-12-02,6.3
2001-12-03,3.8
2001-12-04,0.0
2001-12-05,0.0
2001-12-06,0.0
2001-12-07,0.3
2001-12-08,0.0
2001-12-09,0.0
2001-12-10,0.0
2001-12-11,0.3
2001-12-12,0.0
2001-12-13,0.0
2001-12-14,0.0
2001-12-15,0.0
2001-12-16,15.5
2001-12-17,0.0
2001-12-18,0.0
2001-12-19,0.0
2001-12-20,0.0
2001-12-21,
2001-12-22,0.3
2001-12-23,0.0
2001-12-24,0.0
2001-12-25,0.0
2001-12-26,0.0
2001-12-27,0.0
2001-12-28,1.0
2001-12-29,53.3
2001-12-30,22.8
2001-12-31,36.5
2002-01-01,0.0
2002-01-02,40.8
2002-01-03,1.3
2002-01-04,64.3
2002-01-05,1.3
2002-01-06,3.5
2002-01-07,9.0
2002-01-08,3.0
2002-01-09,13.8
2002-01-10,10.5
2002-01-11,30.3
2002-01-12,2.0
2002-01-13,
2002-01-14,1.0
2002-01-15,26.8
2002-01-16,25.3
2002-01-17,41.5
2002-01-18,21.5
2002-01-19,14.5
2002-01-20,9.5
2002-01-21,3.0
2002-01-22,0.8
2002-01-23,0.0
2002-01-24,0.0
2002-01-25,0.0
2002-01-26,0.0
2002-01-27,0.0
2002-01-28,0.0
2002-01-29,0.0
2002-01-30,0.0
2002-01-31,0.0
2002-02-01,0.0
2002-02-02,0.0
2002-02-03,0.0
2002-02-04,5.5
2002-02-05,55.3
2002-02-06,5.3
2002-02-07,0.0
2002-02-08,0.0
2002-02-09,0.0
2002-02-10,13.5
2002-02-11,5.0
2002-02-12,0.0
2002-02-13,0.0
2002-02-14,0.0
2002-02-15,
2002-02-16,69.5
2002-02-17,0.0
2002-02-18,0.0
2002-02-19,
2002-02-20,0.0
2002-02-21,0.3
2002-02-22,0.0
2002-02-23,0.0
2002-02-24,0.0
2002-02-25,0.0
2002-02-26,0.0
2002-02-27,0.0
2002-02-28,
2002-03-01,0.3
2002-03-02,
2002-03-03,0.0
2002-03-04,3.0
2002-03-05,4.5
2002-03-06,8.5
2002-03-07,2.8
2002-03-08,1.8
2002-03-09,1.8
2002-03-10,2.5
2002-03-11,0.0
2002-03-12,0.0
2002-03-13,0.0
2002-03-14,0.0
2002-03-15,0.0
2002-03-16,0.0
2002-03-17,0.0
2002-03-18,0.0
2002-03-19,0.0
2002-03-20,0.0
2002-03-21,0.0
2002-03-22,0.0
2002-03-23,0.0
2002-03-24,0.0
2002-03-25,0.0
2002-03-26,0.0
2002-03-27,0.0
2002-03-28,0.0
2002-03-29,0.0
2002-03-30,7.0
2002-03-31,1.5
2002-04-01,1.3
2002-04-02,8.0
2002-04-03,0.0
2002-04-04,0.0
2002-04-05,0.0
2002-04-06,0.0
2002-04-07,0.0
2002-04-08,0.0
2002-04-09,0.0
2002-04-10,0.0
2002-04-11,0.0
2002-04-12,
2002-04-13,0.8
2002-04-14,1.5
2002-04-15,
2002-04-16,1.3
2002-04-17,0.0
2002-04-18,0.0
2002-04-19,0.0
2002-04-20,0.0
2002-04-21,0.0
2002-04-22,0.0
2002-04-23,0.0
2002-04-24,
2002-04-25,0.3
2002-04-26,
2002-04-27,0.5
2002-04-28,0.0
2002-04-29,0.0
2002-04-30,0.0
2002-05-01,0.0
2002-05-02,0.0
2002-05-03,0.0
2002-05-04,0.0
2002-05-05,0.0
2002-05-06,1.5
2002-05-07,9.5
2002-05-08,
2002-05-09,0.3
2002-05-10,
2002-05-11,3.5
2002-05-12,4.5
2002-05-13,0.3
2002-05-14,0.0
2002-05-15,0.8
2002-05-16,0.0
2002-05-17,0.0
2002-05-18,0.0
2002-05-19,
2002-05-20,0.3
2002-05-21,0.0
2002-05-22,0.0
2002-05-23,0.0
2002-05-24,8.0
2002-05-25,1.5
2002-05-26,0.0
2002-05-27,0.0
2002-05-28,0.0
2002-05-29,0.0
2002-05-30,
2002-05-31,0.3
2002-06-01,0.0
2002-06-02,0.0
2002-06-03,0.0
2002-06-04,
2002-06-05,1.8
2002-06-06,0.0
2002-06-07,0.0
2002-06-08,
2002-06-09,0.8
2002-06-10,
2002-06-11,2.5
2002-06-12,6.5
2002-06-13,1.0
2002-06-14,8.3
2002-06-15,0.8
2002-06-16,0.8
2002-06-17,4.5
2002-06-18,0.0
2002-06-19,0.3
2002-06-20,1.3
2002-06-21,3.5
2002-06-22,0.0
2002-06-23,3.5
2002-06-24,0.3
2002-06-25,1.8
2002-06-26,2.5
2002-06-27,2.5
2002-06-28,3.5
2002-06-29,3.5
2002-06-30,0.0
2002-07-01,1.8
2002-07-02,0.0
2002-07-03,0.0
2002-07-04,
2002-07-05,0.3
2002-07-06,0.0
2002-07-07,0.0
2002-07-08,0.0
2002-07-09,0.0
2002-07-10,6.0
2002-07-11,6.8
2002-07-12,0.0
2002-07-13,0.0
2002-07-14,0.0
2002-07-15,
2002-07-16,0.8
2002-07-17,
2002-07-18,1.5
2002-07-19,0.0
2002-07-20,0.0
2002-07-21,0.0
2002-07-22,0.0
2002-07-23,
2002-07-24,0.5
2002-07-25,
2002-07-26,1.3
2002-07-27,1.3
2002-07-28,0.0
2002-07-29,0.0
2002-07-30,3.0
2002-07-31,11.5
2002-08-01,0.8
2002-08-02,0.0
2002-08-03,0.0
2002-08-04,0.0
2002-08-05,0.0
2002-08-06,0.0
2002-08-07,0.0
2002-08-08,0.0
2002-08-09,
2002-08-10,1.0
2002-08-11,4.5
2002-08-12,2.3
2002-08-13,1.5
2002-08-14,0.8
2002-08-15,0.3
2002-08-16,10.8
2002-08-17,0.5
2002-08-18,1.3
2002-08-19,3.0
2002-08-20,2.3
2002-08-21,
2002-08-22,6.8
2002-08-23,1.8
2002-08-24,
2002-08-25,0.5
2002-08-26,0.3
2002-08-27,0.0
2002-08-28,0.0
2002-08-29,0.0
2002-08-30,
2002-08-31,0.3
2002-09-01,0.0
2002-09-02,0.0
2002-09-03,
2002-09-04,0.3
2002-09-05,0.0
2002-09-06,0.0
2002-09-07,
2002-09-08,0.3
2002-09-09,4.0
2002-09-10,0.0
2002-09-11,0.5
2002-09-12,0.0
2002-09-13,0.0
2002-09-14,0.0
2002-09-15,0.0
2002-09-16,0.0
2002-09-17,0.0
2002-09-18,0.0
2002-09-19,0.8
2002-09-20,2.8
2002-09-21,0.0
2002-09-22,0.0
2002-09-23,0.0
2002-09-24,0.0
2002-09-25,0.0
2002-09-26,0.0
2002-09-27,0.8
2002-09-28,4.5
2002-09-29,1.3
2002-09-30,0.0
2002-10-01,0.5
2002-10-02,0.0
2002-10-03,0.0
2002-10-04,0.0
2002-10-05,0.0
2002-10-06,0.0
2002-10-07,0.0
2002-10-08,0.0
2002-10-09,0.0
2002-10-10,0.0
2002-10-11,0.0
2002-10-12,0.0
2002-10-13,0.0
2002-10-14,
2002-10-15,0.5
2002-10-16,0.0
2002-10-17,0.0
2002-10-18,0.0
2002-10-19,0.0
2002-10-20,0.0
2002-10-21,0.0
2002-10-22,0.0
2002-10-23,0.0
2002-10-24,0.0
2002-10-25,0.0
2002-10-26,0.0
2002-10-27,0.0
2002-10-28,0.0
2002-10-29,0.0
2002-10-30,0.0
2002-10-31,0.0
2002-11-01,1.3
2002-11-02,
2002-11-03,0.3
2002-11-04,0.0
2002-11-05,0.0
2002-11-06,0.0
2002-11-07,0.0
2002-11-08,
2002-11-09,0.5
2002-11-10,0.3
2002-11-11,0.0
2002-11-12,0.0
2002-11-13,0.0
2002-11-14,1.3
2002-11-15,3.0
2002-11-16,0.0
2002-11-17,0.0
2002-11-18,0.0
2002-11-19,0.0
2002-11-20,0.0
2002-11-21,0.0
2002-11-22,0.0
2002-11-23,
2002-11-24,1.3
2002-11-25,0.0
2002-11-26,0.0
2002-11-27,0.0
2002-11-28,0.0
2002-11-29,0.0
2002-11-30,0.0
2002-12-01,0.0
2002-12-02,0.0
2002-12-03,0.0
2002-12-04,0.0
2002-12-05,0.0
2002-12-06,0.0
2002-12-07,6.8
2002-12-08,2.0
2002-12-09,0.0
2002-12-10,0.0
2002-12-11,0.0
2002-12-12,0.0
2002-12-13,0.0
2002-12-14,0.0
2002-12-15,0.0
2002-12-16,0.0
2002-12-17,0.0
2002-12-18,0.0
2002-12-19,0.0
2002-12-20,0.0
2002-12-21,0.0
2002-12-22,0.0
2002-12-23,0.0
2002-12-24,0.0
2002-12-25,3.0
2002-12-26,7.0
2002-12-27,6.5
2002-12-28,5.8
2002-12-29,20.8
2002-12-30,0.0
2002-12-31,0.0
2003-01-01,0.0
2003-01-02,1.3
2003-01-03,0.0
2003-01-04,0.0
2003-01-05,0.0
2003-01-06,0.0
2003-01-07,0.0
2003-01-08,0.0
2003-01-09,0.0
2003-01-10,0.0
2003-01-11,0.0
2003-01-12,0.0
2003-01-13,0.0
2003-01-14,1.3
2003-01-15,0.0
2003-01-16,0.0
2003-01-17,0.0
2003-01-18,0.0
2003-01-19,0.0
2003-01-20,0.0
2003-01-21,8.0
2003-01-22,8.3
2003-01-23,0.0
2003-01-24,0.3
2003-01-25,0.0
2003-01-26,0.0
2003-01-27,
2003-01-28,12.5
2003-01-29,23.5
2003-01-30,15.3
2003-01-31,7.8
2003-02-01,6.0
2003-02-02,
2003-02-03,1.0
2003-02-04,0.0
2003-02-05,0.0
2003-02-06,0.0
2003-02-07,4.5
2003-02-08,0.0
2003-02-09,2.8
2003-02-10,0.3
2003-02-11,0.0
2003-02-12,0.0
2003-02-13,0.0
2003-02-14,0.0
2003-02-15,0.0
2003-02-16,0.0
2003-02-17,0.0
2003-02-18,0.0
2003-02-19,7.0
2003-02-20,0.0
2003-02-21,1.0
2003-02-22,3.3
2003-02-23,1.5
2003-02-24,1.3
2003-02-25,0.3
2003-02-26,0.0
2003-02-27,0.0
2003-02-28,0.0
2003-03-01,0.0
2003-03-02,0.0
2003-03-03,0.0
2003-03-04,0.0
2003-03-05,0.8
2003-03-06,0.0
2003-03-07,0.0
2003-03-08,0.0
2003-03-09,0.0
2003-03-10,
2003-03-11,2.5
2003-03-12,0.0
2003-03-13,0.0
2003-03-14,0.0
2003-03-15,3.8
2003-03-16,2.0
2003-03-17,
2003-03-18,
2003-03-19,
2003-03-20,
2003-03-21,
2003-03-22,12.8
2003-03-23,37.0
2003-03-24,1.0
2003-03-25,1.3
2003-03-26,0.0
2003-03-27,
2003-03-28,0.8
2003-03-29,0.0
2003-03-30,0.0
2003-03-31,0.0
2003-04-01,0.0
2003-04-02,0.0
2003-04-03,0.0
2003-04-04,0.0
2003-04-05,0.0
2003-04-06,0.0
2003-04-07,0.0
2003-04-08,0.0
2003-04-09,0.0
2003-04-10,0.0
2003-04-11,0.0
2003-04-12,0.0
2003-04-13,0.0
2003-04-14,0.0
2003-04-15,0.0
2003-04-16,
2003-04-17,0.3
2003-04-18,
2003-04-19,2.8
2003-04-20,0.0
2003-04-21,0.0
2003-04-22,0.0
2003-04-23,0.0
2003-04-24,0.5
2003-04-25,0.0
2003-04-26,0.0
2003-04-27,0.0
2003-04-28,0.0
2003-04-29,0.0
2003-04-30,0.0
2003-05-01,0.0
2003-05-02,0.0
2003-05-03,0.3
2003-05-04,12.5
2003-05-05,5.3
2003-05-06,0.5
2003-05-07,0.0
2003-05-08,0.0
2003-05-09,0.0
2003-05-10,0.0
2003-05-11,1.8
2003-05-12,6.3
2003-05-13,2.3
2003-05-14,1.5
2003-05-15,1.3
2003-05-16,6.8
2003-05-17,0.0
2003-05-18,0.0
2003-05-19,0.3
2003-05-20,3.8
2003-05-21,0.5
2003-05-22,4.3
2003-05-23,0.0
2003-05-24,0.0
2003-05-25,0.0
2003-05-26,11.5
2003-05-27,21.0
2003-05-28,15.0
2003-05-29,3.0
2003-05-30,2.5
2003-05-31,15.8
2003-06-01,4.3
2003-06-02,1.8
2003-06-03,6.8
2003-06-04,3.0
2003-06-05,1.0
2003-06-06,0.0
2003-06-07,0.0
2003-06-08,4.5
2003-06-09,1.3
2003-06-10,2.0
2003-06-11,1.3
2003-06-12,2.8
2003-06-13,0.0
2003-06-14,0.0
2003-06-15,0.0
2003-06-16,0.0
2003-06-17,0.0
2003-06-18,0.0
2003-06-19,0.8
2003-06-20,1.8
2003-06-21,0.5
2003-06-22,0.0
2003-06-23,0.0
2003-06-24,2.3
2003-06-25,3.5
2003-06-26,14.3
2003-06-27,0.3
2003-06-28,0.5
2003-06-29,0.0
2003-06-30,0.0
2003-07-01,0.3
2003-07-02,1.3
2003-07-03,0.0
2003-07-04,0.0
2003-07-05,0.0
2003-07-06,0.0
2003-07-07,0.0
2003-07-08,0.0
2003-07-09,0.0
2003-07-10,0.3
2003-07-11,2.5
2003-07-12,1.3
2003-07-13,0.8
2003-07-14,2.3
2003-07-15,8.3
2003-07-16,6.0
2003-07-17,13.5
2003-07-18,6.8
2003-07-19,8.0
2003-07-20,0.0
2003-07-21,0.0
2003-07-22,1.5
2003-07-23,0.3
2003-07-24,0.3
2003-07-25,7.3
2003-07-26,1.0
2003-07-27,0.0
2003-07-28,0.0
2003-07-29,0.5
2003-07-30,0.5
2003-07-31,0.3
2003-08-01,0.0
2003-08-02,0.0
2003-08-03,1.3
2003-08-04,1.8
2003-08-05,0.0
2003-08-06,0.0
2003-08-07,0.0
2003-08-08,0.3
2003-08-09,1.5
2003-08-10,0.0
2003-08-11,0.0
2003-08-12,0.3
2003-08-13,0.0
2003-08-14,0.0
2003-08-15,0.3
2003-08-16,0.0
2003-08-17,0.0
2003-08-18,0.0
2003-08-19,3.3
2003-08-20,0.0
2003-08-21,0.0
2003-08-22,1.3
2003-08-23,6.8
2003-08-24,0.0
2003-08-25,1.3
2003-08-26,0.0
2003-08-27,0.0
2003-08-28,1.8
2003-08-29,0.8
2003-08-30,0.0
2003-08-31,0.0
2003-09-01,0.0
2003-09-02,0.0
2003-09-03,0.3
2003-09-04,0.3
2003-09-05,6.8
2003-09-06,5.8
2003-09-07,4.0
2003-09-08,1.3
2003-09-09,1.0
2003-09-10,3.3
2003-09-11,0.0
2003-09-12,0.0
2003-09-13,0.0
2003-09-14,0.0
2003-09-15,0.0
2003-09-16,0.5
2003-09-17,0.3
2003-09-18,0.0
2003-09-19,0.0
2003-09-20,0.0
2003-09-21,0.0
2003-09-22,0.0
2003-09-23,0.0
2003-09-24,0.0
2003-09-25,0.0
2003-09-26,0.0
2003-09-27,0.0
2003-09-28,0.0
2003-09-29,0.0
2003-09-30,0.0
2003-10-01,0.0
2003-10-02,0.5
2003-10-03,0.0
2003-10-04,0.0
2003-10-05,0.0
2003-10-06,0.0
2003-10-07,0.0
2003-10-08,0.0
2003-10-09,0.0
2003-10-10,0.0
2003-10-11,0.3
2003-10-12,0.0
2003-10-13,0.0
2003-10-14,0.0
2003-10-15,0.0
2003-10-16,1.3
2003-10-17,0.3
2003-10-18,0.0
2003-10-19,0.0
2003-10-20,0.0
2003-10-21,0.0
2003-10-22,0.0
2003-10-23,0.0
2003-10-24,0.0
2003-10-25,0.0
2003-10-26,0.0
2003-10-27,0.8
2003-10-28,0.5
2003-10-29,3.8
2003-10-30,0.0
2003-10-31,0.0
2003-11-01,0.0
2003-11-02,0.0
2003-11-03,0.0
2003-11-04,40.3
2003-11-05,1.5
2003-11-06,0.3
2003-11-07,0.3
2003-11-08,0.0
2003-11-09,0.3
2003-11-10,0.0
2003-11-11,0.0
2003-11-12,0.0
2003-11-13,0.0
2003-11-14,0.0
2003-11-15,0.0
2003-11-16,0.5
2003-11-17,1.8
2003-11-18,1.8
2003-11-19,0.0
2003-11-20,0.0
2003-11-21,0.0
2003-11-22,3.0
2003-11-23,3.5
2003-11-24,0.0
2003-11-25,0.3
2003-11-26,0.0
2003-11-27,0.0
2003-11-28,0.0
2003-11-29,0.0
2003-11-30,0.0
2003-12-01,0.0
2003-12-02,0.0
2003-12-03,0.0
2003-12-04,0.0
2003-12-05,0.0
2003-12-06,0.0
2003-12-07,0.0
2003-12-08,0.8
2003-12-09,0.0
2003-12-10,0.0
2003-12-11,0.0
2003-12-12,0.0
2003-12-13,0.0
2003-12-14,0.0
2003-12-15,0.0
2003-12-16,0.0
2003-12-17,0.0
2003-12-18,0.0
2003-12-19,0.0
2003-12-20,0.0
2003-12-21,0.0
2003-12-22,0.0
2003-12-23,0.0
2003-12-24,0.0
2003-12-25,0.0
2003-12-26,0.8
2003-12-27,0.0
2003-12-28,0.0
2003-12-29,0.3
2003-12-30,0.0
2003-12-31,0.0
2004-01-01,0.0
2004-01-02,0.0
2004-01-03,0.5
2004-01-04,0.0
2004-01-05,0.0
2004-01-06,0.0
2004-01-07,0.0
2004-01-08,0.0
2004-01-09,0.0
2004-01-10,0.3
2004-01-11,8.3
2004-01-12,5.0
2004-01-13,46.3
2004-01-14,30.0
2004-01-15,4.0
2004-01-16,11.5
2004-01-17,2.3
2004-01-18,85.8
2004-01-19,78.0
2004-01-20,5.0
2004-01-21,73.5
2004-01-22,10.0
2004-01-23,7.8
2004-01-24,5.3
2004-01-25,15.3
2004-01-26,0.0
2004-01-27,16.8
2004-01-28,4.0
2004-01-29,0.0
2004-01-30,2.8
2004-01-31,5.3
2004-02-01,2.5
2004-02-02,1.3
2004-02-03,0.0
2004-02-04,0.8
2004-02-05,0.0
2004-02-06,0.3
2004-02-07,28.3
2004-02-08,3.5
2004-02-09,0.0
2004-02-10,0.0
2004-02-11,0.0
2004-02-12,0.0
2004-02-13,0.0
2004-02-14,0.0
2004-02-15,0.0
2004-02-16,0.0
2004-02-17,0.0
2004-02-18,0.0
2004-02-19,2.0
2004-02-20,1.5
2004-02-21,0.0
2004-02-22,0.0
2004-02-23,
2004-02-24,
2004-02-25,
2004-02-26,
2004-02-27,
2004-02-28,
2004-02-29,
2004-03-01,
2004-03-02,
2004-03-03,
2004-03-04,
2004-03-05,
2004-03-06,
2004-03-07,
2004-03-08,
2004-03-09,
2004-03-10,
2004-03-11,
2004-03-12,
2004-03-13,
2004-03-14,
2004-03-15,
2004-03-16,
2004-03-17,
2004-03-18,
2004-03-19,
2004-03-20,
2004-03-21,
2004-03-22,
2004-03-23,
2004-03-24,
2004-03-25,
2004-03-26,
2004-03-27,
2004-03-28,
2004-03-29,
2004-03-30,
2004-03-31,
2004-04-01,
2004-04-02,
2004-04-03,
2004-04-04,
2004-04-05,
2004-04-06,
2004-04-07,
2004-04-08,
2004-04-09,
2004-04-10,
2004-04-11,
2004-04-12,
2004-04-13,
2004-04-14,
2004-04-15,
2004-04-16,
2004-04-17,
2004-04-18,
2004-04-19,
2004-04-20,
2004-04-21,
2004-04-22,
2004-04-23,
2004-04-24,
2004-04-25,
2004-04-26,
2004-04-27,
2004-04-28,
2004-04-29,
2004-04-30,
2004-05-01,
2004-05-02,
2004-05-03,
2004-05-04,
2004-05-05,
2004-05-06,
2004-05-07,
2004-05-08,
2004-05-09,
2004-05-10,
2004-05-11,
2004-05-12,
2004-05-13,
2004-05-14,
2004-05-15,
2004-05-16,
2004-05-17,
2004-05-18,
2004-05-19,
2004-05-20,
2004-05-21,
2004-05-22,
2004-05-23,
2004-05-24,
2004-05-25,
2004-05-26,
2004-05-27,
2004-05-28,
2004-05-29,
2004-05-30,
2004-05-31,
2004-06-01,
2004-06-02,
2004-06-03,
2004-06-04,
2004-06-05,
2004-06-06,
2004-06-07,
2004-06-08,
2004-06-09,
2004-06-10,
2004-06-11,
2004-06-12,
2004-06-13,
2004-06-14,
2004-06-15,
2004-06-16,
2004-06-17,
2004-06-18,
2004-06-19,
2004-06-20,
2004-06-21,
2004-06-22,
2004-06-23,
2004-06-24,
2004-06-25,
2004-06-26,
2004-06-27,
2004-06-28,
2004-06-29,
2004-06-30,
2004-07-01,
2004-07-02,
2004-07-03,
2004-07-04,
2004-07-05,
2004-07-06,
2004-07-07,
2004-07-08,
2004-07-09,
2004-07-10,
2004-07-11,
2004-07-12,
2004-07-13,
2004-07-14,
2004-07-15,
2004-07-16,
2004-07-17,
2004-07-18,
2004-07-19,
2004-07-20,
2004-07-21,
2004-07-22,
2004-07-23,
2004-07-24,
2004-07-25,
2004-07-26,
2004-07-27,
2004-07-28,
2004-07-29,
2004-07-30,
2004-07-31,
2004-08-01,
2004-08-02,
2004-08-03,
2004-08-04,
2004-08-05,
2004-08-06,
2004-08-07,
2004-08-08,
2004-08-09,
2004-08-10,
2004-08-11,
2004-08-12,
2004-08-13,
2004-08-14,
2004-08-15,
2004-08-16,
2004-08-17,
2004-08-18,
2004-08-19,
2004-08-20,
2004-08-21,
2004-08-22,
2004-08-23,
2004-08-24,
2004-08-25,
2004-08-26,
2004-08-27,
2004-08-28,
2004-08-29,
2004-08-30,
2004-08-31,
2004-09-01,
2004-09-02,
2004-09-03,
2004-09-04,
2004-09-05,
2004-09-06,
2004-09-07,
2004-09-08,
2004-09-09,
2004-09-10,
2004-09-11,
2004-09-12,
2004-09-13,
2004-09-14,
2004-09-15,
2004-09-16,
2004-09-17,
2004-09-18,
2004-09-19,
2004-09-20,
2004-09-21,
2004-09-22,
2004-09-23,
2004-09-24,
2004-09-25,
2004-09-26,
2004-09-27,
2004-09-28,
2004-09-29,
2004-09-30,
2004-10-01,
2004-10-02,
2004-10-03,
2004-10-04,
2004-10-05,
2004-10-06,
2004-10-07,
2004-10-08,
2004-10-09,
2004-10-10,
2004-10-11,
2004-10-12,
2004-10-13,
2004-10-14,
2004-10-15,
2004-10-16,
2004-10-17,
2004-10-18,
2004-10-19,
2004-10-20,
2004-10-21,
2004-10-22,
2004-10-23,
2004-10-24,
2004-10-25,
2004-10-26,
2004-10-27,
2004-10-28,
2004-10-29,
2004-10-30,
2004-10-31,
2004-11-01,
2004-11-02,
2004-11-03,
2004-11-04,
2004-11-05,
2004-11-06,
2004-11-07,
2004-11-08,
2004-11-09,
2004-11-10,
2004-11-11,
2004-11-12,
2004-11-13,
2004-11-14,
2004-11-15,
2004-11-16,
2004-11-17,
2004-11-18,
2004-11-19,
2004-11-20,
2004-11-21,
2004-11-22,
2004-11-23,
2004-11-24,
2004-11-25,
2004-11-26,
2004-11-27,
2004-11-28,
2004-11-29,
2004-11-30,
2004-12-01,
2004-12-02,
2004-12-03,
2004-12-04,
2004-12-05,
2004-12-06,
2004-12-07,
2004-12-08,
2004-12-09,
2004-12-10,
2004-12-11,
2004-12-12,
2004-12-13,
2004-12-14,
2004-12-15,
2004-12-16,
2004-12-17,
2004-12-18,
2004-12-19,
2004-12-20,
2004-12-21,
2004-12-22,
2004-12-23,
2004-12-24,
2004-12-25,
2004-12-26,
2004-12-27,
2004-12-28,
2004-12-29,
2004-12-30,
2004-12-31,
2005-01-01,
2005-01-02,
2005-01-03,
2005-01-04,
2005-01-05,
2005-01-06,
2005-01-07,
2005-01-08,
2005-01-09,
2005-01-10,
2005-01-11,
2005-01-12,
2005-01-13,
2005-01-14,
2005-01-15,
2005-01-16,
2005-01-17,
2005-01-18,
2005-01-19,
2005-01-20,
2005-01-21,
2005-01-22,
2005-01-23,
2005-01-24,
2005-01-25,
2005-01-26,
2005-01-27,
2005-01-28,
2005-01-29,
2005-01-30,
2005-01-31,
2005-02-01,
2005-02-02,
2005-02-03,
2005-02-04,
2005-02-05,
2005-02-06,
2005-02-07,
2005-02-08,
2005-02-09,
2005-02-10,
2005-02-11,
2005-02-12,
2005-02-13,
2005-02-14,
2005-02-15,
2005-02-16,
2005-02-17,
2005-02-18,
2005-02-19,
2005-02-20,
2005-02-21,
2005-02-22,
2005-02-23,
2005-02-24,
2005-02-25,0.0
2005-02-26,0.0
2005-02-27,0.0
2005-02-28,0.0
2005-03-01,0.0
2005-03-02,0.0
2005-03-03,0.0
2005-03-04,0.0
2005-03-05,0.0
2005-03-06,0.0
2005-03-07,0.0
2005-03-08,0.0
2005-03-09,0.0
2005-03-10,0.3
2005-03-11,0.0
2005-03-12,0.8
2005-03-13,12.3
2005-03-14,0.0
2005-03-15,0.0
2005-03-16,0.0
2005-03-17,0.0
2005-03-18,0.0
2005-03-19,0.0
2005-03-20,0.0
2005-03-21,0.0
2005-03-22,0.0
2005-03-23,0.0
2005-03-24,0.0
2005-03-25,0.0
2005-03-26,0.0
2005-03-27,0.0
2005-03-28,11.0
2005-03-29,1.8
2005-03-30,3.5
2005-03-31,7.0
2005-04-01,0.3
2005-04-02,2.3
2005-04-03,7.3
2005-04-04,1.8
2005-04-05,1.8
2005-04-06,0.5
2005-04-07,2.5
2005-04-08,0.0
2005-04-09,0.0
2005-04-10,0.5
2005-04-11,1.0
2005-04-12,0.0
2005-04-13,3.0
2005-04-14,1.5
2005-04-15,9.5
2005-04-16,6.5
2005-04-17,8.0
2005-04-18,2.8
2005-04-19,0.5
2005-04-20,0.0
2005-04-21,0.5
2005-04-22,0.3
2005-04-23,0.0
2005-04-24,0.0
2005-04-25,0.0
2005-04-26,0.0
2005-04-27,0.0
2005-04-28,5.0
2005-04-29,0.5
2005-04-30,0.8
2005-05-01,1.5
2005-05-02,16.8
2005-05-03,0.0
2005-05-04,0.0
2005-05-05,0.0
2005-05-06,0.0
2005-05-07,0.0
2005-05-08,0.0
2005-05-09,0.0
2005-05-10,0.0
2005-05-11,0.0
2005-05-12,0.0
2005-05-13,0.0
2005-05-14,0.0
2005-05-15,0.0
2005-05-16,0.0
2005-05-17,0.0
2005-05-18,0.0
2005-05-19,0.0
2005-05-20,0.0
2005-05-21,0.0
2005-05-22,0.0
2005-05-23,0.0
2005-05-24,0.0
2005-05-25,0.0
2005-05-26,0.0
2005-05-27,0.0
2005-05-28,3.3
2005-05-29,0.3
2005-05-30,2.3
2005-05-31,7.8
2005-06-01,10.3
2005-06-02,4.3
2005-06-03,1.0
2005-06-04,12.5
2005-06-05,4.5
2005-06-06,3.5
2005-06-07,4.8
2005-06-08,2.5
2005-06-09,0.3
2005-06-10,0.0
2005-06-11,1.3
2005-06-12,4.0
2005-06-13,0.0
2005-06-14,1.8
2005-06-15,0.0
2005-06-16,2.5
2005-06-17,0.0
2005-06-18,0.0
2005-06-19,0.0
2005-06-20,0.0
2005-06-21,0.0
2005-06-22,2.5
2005-06-23,0.8
2005-06-24,1.0
2005-06-25,1.8
2005-06-26,0.5
2005-06-27,6.0
2005-06-28,2.8
2005-06-29,1.5
2005-06-30,0.0
2005-07-01,0.0
2005-07-02,0.5
2005-07-03,0.0
2005-07-04,0.3
2005-07-05,0.0
2005-07-06,0.0
2005-07-07,1.0
2005-07-08,1.3
2005-07-09,0.0
2005-07-10,0.0
2005-07-11,0.0
2005-07-12,3.3
2005-07-13,4.3
2005-07-14,1.8
2005-07-15,4.3
2005-07-16,1.0
2005-07-17,0.0
2005-07-18,0.0
2005-07-19,0.0
2005-07-20,4.0
2005-07-21,4.5
2005-07-22,0.0
2005-07-23,1.3
2005-07-24,1.0
2005-07-25,0.0
2005-07-26,0.0
2005-07-27,0.0
2005-07-28,0.0
2005-07-29,0.0
2005-07-30,0.8
2005-07-31,0.0
2005-08-01,0.5
2005-08-02,1.5
2005-08-03,5.8
2005-08-04,3.3
2005-08-05,0.0
2005-08-06,0.0
2005-08-07,0.3
2005-08-08,0.0
2005-08-09,0.0
2005-08-10,0.0
2005-08-11,0.0
2005-08-12,0.0
2005-08-13,0.3
2005-08-14,0.8
2005-08-15,3.3
2005-08-16,9.0
2005-08-17,3.0
2005-08-18,3.8
2005-08-19,5.3
2005-08-20,0.8
2005-08-21,0.0
2005-08-22,0.0
2005-08-23,0.3
2005-08-24,0.5
2005-08-25,0.0
2005-08-26,0.0
2005-08-27,0.0
2005-08-28,0.8
2005-08-29,0.8
2005-08-30,0.0
2005-08-31,0.0
2005-09-01,0.0
2005-09-02,0.0
2005-09-03,0.0
2005-09-04,0.0
2005-09-05,0.0
2005-09-06,0.0
2005-09-07,0.0
2005-09-08,1.8
2005-09-09,0.5
2005-09-10,2.8
2005-09-11,0.5
2005-09-12,0.8
2005-09-13,0.3
2005-09-14,0.0
2005-09-15,0.0
2005-09-16,0.0
2005-09-17,0.0
2005-09-18,0.0
2005-09-19,0.0
2005-09-20,0.0
2005-09-21,0.0
2005-09-22,0.0
2005-09-23,0.0
2005-09-24,0.0
2005-09-25,0.0
2005-09-26,0.0
2005-09-27,0.0
2005-09-28,0.0
2005-09-29,0.0
2005-09-30,0.0
2005-10-01,0.0
2005-10-02,0.0
2005-10-03,0.0
2005-10-04,0.3
2005-10-05,0.3
2005-10-06,0.0
2005-10-07,2.8
2005-10-08,0.5
2005-10-09,0.3
2005-10-10,0.0
2005-10-11,0.0
2005-10-12,0.0
2005-10-13,0.0
2005-10-14,0.0
2005-10-15,0.0
2005-10-16,0.0
2005-10-17,0.0
2005-10-18,0.0
2005-10-19,0.0
2005-10-20,0.0
2005-10-21,0.0
2005-10-22,0.0
2005-10-23,0.0
2005-10-24,0.0
2005-10-25,0.0
2005-10-26,0.0
2005-10-27,0.0
2005-10-28,0.0
2005-10-29,0.0
2005-10-30,0.0
2005-10-31,0.0
2005-11-01,0.0
2005-11-02,0.0
2005-11-03,0.0
2005-11-04,0.0
2005-11-05,0.0
2005-11-06,0.0
2005-11-07,0.0
2005-11-08,0.0
2005-11-09,0.0
2005-11-10,0.0
2005-11-11,0.0
2005-11-12,0.0
2005-11-13,0.0
2005-11-14,0.0
2005-11-15,0.3
2005-11-16,0.0
2005-11-17,0.0
2005-11-18,0.0
2005-11-19,0.0
2005-11-20,0.0
2005-11-21,0.0
2005-11-22,0.0
2005-11-23,0.0
2005-11-24,0.3
2005-11-25,32.5
2005-11-26,0.0
2005-11-27,16.0
2005-11-28,39.8
2005-11-29,0.3
2005-11-30,0.3
2005-12-01,0.0
2005-12-02,0.0
2005-12-03,0.0
2005-12-04,0.3
2005-12-05,0.0
2005-12-06,0.0
2005-12-07,27.3
2005-12-08,0.3
2005-12-09,0.0
2005-12-10,0.0
2005-12-11,0.0
2005-12-12,0.0
2005-12-13,0.0
2005-12-14,0.0
2005-12-15,0.0
2005-12-16,0.0
2005-12-17,0.0
2005-12-18,0.0
2005-12-19,0.3
2005-12-20,0.5
2005-12-21,0.0
2005-12-22,0.0
2005-12-23,0.0
2005-12-24,0.0
2005-12-25,0.0
2005-12-26,0.0
2005-12-27,0.0
2005-12-28,0.0
2005-12-29,0.0
2005-12-30,0.0
2005-12-31,0.0
2006-01-01,0.0
2006-01-02,0.0
2006-01-03,0.0
2006-01-04,1.0
2006-01-05,0.0
2006-01-06,0.0
2006-01-07,0.0
2006-01-08,0.0
2006-01-09,0.0
2006-01-10,0.0
2006-01-11,0.0
2006-01-12,12.8
2006-01-13,0.0
2006-01-14,0.0
2006-01-15,0.0
2006-01-16,0.0
2006-01-17,0.0
2006-01-18,0.0
2006-01-19,0.0
2006-01-20,0.0
2006-01-21,0.0
2006-01-22,0.0
2006-01-23,0.0
2006-01-24,0.0
2006-01-25,0.0
2006-01-26,0.0
2006-01-27,0.0
2006-01-28,0.0
2006-01-29,0.0
2006-01-30,0.0
2006-01-31,0.0
2006-02-01,0.3
2006-02-02,0.0
2006-02-03,0.0
2006-02-04,0.0
2006-02-05,0.0
2006-02-06,0.0
2006-02-07,7.8
2006-02-08,0.5
2006-02-09,0.0
2006-02-10,0.0
2006-02-11,1.3
2006-02-12,0.0
2006-02-13,0.0
2006-02-14,0.0
2006-02-15,16.8
2006-02-16,0.0
2006-02-17,0.0
2006-02-18,0.0
2006-02-19,0.8
2006-02-20,1.5
2006-02-21,0.0
2006-02-22,0.0
2006-02-23,0.0
2006-02-24,0.0
2006-02-25,0.0
2006-02-26,0.0
2006-02-27,0.0
2006-02-28,0.0
2006-03-01,0.0
2006-03-02,0.0
2006-03-03,0.0
2006-03-04,0.0
2006-03-05,0.0
2006-03-06,3.0
2006-03-07,8.0
2006-03-08,10.5
2006-03-09,1.3
2006-03-10,25.0
2006-03-11,14.0
2006-03-12,8.8
2006-03-13,64.0
2006-03-14,4.0
2006-03-15,0.0
2006-03-16,0.0
2006-03-17,10.8
2006-03-18,6.5
2006-03-19,0.0
2006-03-20,0.5
2006-03-21,0.3
2006-03-22,1.8
2006-03-23,0.0
2006-03-24,2.0
2006-03-25,2.8
2006-03-26,0.0
2006-03-27,0.0
2006-03-28,18.0
2006-03-29,8.3
2006-03-30,41.0
2006-03-31,58.3
2006-04-01,44.5
2006-04-02,0.0
2006-04-03,0.0
2006-04-04,0.0
2006-04-05,0.0
2006-04-06,0.0
2006-04-07,0.0
2006-04-08,0.0
2006-04-09,0.3
2006-04-10,15.3
2006-04-11,0.0
2006-04-12,29.8
2006-04-13,4.8
2006-04-14,28.3
2006-04-15,22.3
2006-04-16,0.3
2006-04-17,0.0
2006-04-18,1.5
2006-04-19,18.8
2006-04-20,1.8
2006-04-21,0.3
2006-04-22,2.5
2006-04-23,1.0
2006-04-24,1.5
2006-04-25,3.0
2006-04-26,0.3
2006-04-27,0.0
2006-04-28,0.0
2006-04-29,0.0
2006-04-30,9.5
2006-05-01,1.3
2006-05-02,3.3
2006-05-03,1.3
2006-05-04,0.0
2006-05-05,0.0
2006-05-06,0.0
2006-05-07,0.0
2006-05-08,0.5
2006-05-09,0.0
2006-05-10,0.0
2006-05-11,0.0
2006-05-12,0.0
2006-05-13,0.0
2006-05-14,0.5
2006-05-15,2.3
2006-05-16,1.8
2006-05-17,0.0
2006-05-18,0.0
2006-05-19,0.0
2006-05-20,0.0
2006-05-21,0.0
2006-05-22,0.0
2006-05-23,0.0
2006-05-24,0.0
2006-05-25,0.0
2006-05-26,0.0
2006-05-27,0.0
2006-05-28,0.0
2006-05-29,0.0
2006-05-30,0.0
2006-05-31,0.0
2006-06-01,0.0
2006-06-02,0.0
2006-06-03,0.0
2006-06-04,0.0
2006-06-05,0.0
2006-06-06,0.0
2006-06-07,0.0
2006-06-08,0.0
2006-06-09,0.0
2006-06-10,0.0
2006-06-11,0.0
2006-06-12,0.0
2006-06-13,0.0
2006-06-14,0.0
2006-06-15,0.0
2006-06-16,0.0
2006-06-17,0.0
2006-06-18,0.0
2006-06-19,0.0
2006-06-20,0.0
2006-06-21,0.0
2006-06-22,0.0
2006-06-23,0.0
2006-06-24,0.0
2006-06-25,0.0
2006-06-26,0.0
2006-06-27,0.0
2006-06-28,0.0
2006-06-29,0.0
2006-06-30,0.0
2006-07-01,0.0
2006-07-02,0.0
2006-07-03,0.0
2006-07-04,0.0
2006-07-05,0.0
2006-07-06,0.0
2006-07-07,0.0
2006-07-08,0.0
2006-07-09,0.0
2006-07-10,0.0
2006-07-11,0.0
2006-07-12,0.0
2006-07-13,0.0
2006-07-14,0.0
2006-07-15,0.0
2006-07-16,0.0
2006-07-17,0.0
2006-07-18,0.0
2006-07-19,0.0
2006-07-20,0.0
2006-07-21,0.0
2006-07-22,0.0
2006-07-23,0.0
2006-07-24,0.0
2006-07-25,0.0
2006-07-26,0.0
2006-07-27,0.0
2006-07-28,0.0
2006-07-29,0.0
2006-07-30,0.0
2006-07-31,0.0
2006-08-01,0.0
2006-08-02,0.0
2006-08-03,0.0
2006-08-04,0.0
2006-08-05,0.0
2006-08-06,0.0
2006-08-07,0.0
2006-08-08,0.0
2006-08-09,0.0
2006-08-10,0.3
2006-08-11,0.0
2006-08-12,0.0
2006-08-13,0.0
2006-08-14,1.0
2006-08-15,8.5
2006-08-16,14.0
2006-08-17,0.0
2006-08-18,0.0
2006-08-19,0.0
2006-08-20,0.0
2006-08-21,0.0
2006-08-22,0.0
2006-08-23,0.8
2006-08-24,0.5
2006-08-25,0.0
2006-08-26,1.5
2006-08-27,0.0
2006-08-28,0.3
2006-08-29,0.0
2006-08-30,0.0
2006-08-31,1.3
2006-09-01,0.0
2006-09-02,0.0
2006-09-03,0.0
2006-09-04,0.0
2006-09-05,0.0
2006-09-06,0.8
2006-09-07,10.3
2006-09-08,4.3
2006-09-09,0.0
2006-09-10,0.5
2006-09-11,1.5
2006-09-12,0.0
2006-09-13,0.0
2006-09-14,0.3
2006-09-15,0.0
2006-09-16,0.0
2006-09-17,0.0
2006-09-18,0.0
2006-09-19,0.0
2006-09-20,0.0
2006-09-21,0.0
2006-09-22,0.0
2006-09-23,0.0
2006-09-24,0.0
2006-09-25,0.0
2006-09-26,0.0
2006-09-27,5.8
2006-09-28,0.5
2006-09-29,2.0
2006-09-30,0.3
2006-10-01,0.0
2006-10-02,0.0
2006-10-03,0.0
2006-10-04,0.0
2006-10-05,1.5
2006-10-06,0.5
2006-10-07,0.0
2006-10-08,0.0
2006-10-09,0.8
2006-10-10,0.8
2006-10-11,0.3
2006-10-12,0.0
2006-10-13,0.0
2006-10-14,0.0
2006-10-15,0.0
2006-10-16,0.0
2006-10-17,0.0
2006-10-18,0.0
2006-10-19,0.0
2006-10-20,0.0
2006-10-21,0.0
2006-10-22,1.3
2006-10-23,0.8
2006-10-24,2.3
2006-10-25,3.0
2006-10-26,1.0
2006-10-27,0.0
2006-10-28,46.0
2006-10-29,3.8
2006-10-30,14.5
2006-10-31,0.0
2006-11-01,0.0
2006-11-02,0.0
2006-11-03,0.0
2006-11-04,0.0
2006-11-05,0.0
2006-11-06,0.0
2006-11-07,0.0
2006-11-08,0.0
2006-11-09,0.0
2006-11-10,0.0
2006-11-11,0.0
2006-11-12,0.0
2006-11-13,0.0
2006-11-14,0.0
2006-11-15,0.0
2006-11-16,0.0
2006-11-17,0.0
2006-11-18,0.0
2006-11-19,0.0
2006-11-20,0.0
2006-11-21,0.0
2006-11-22,4.3
2006-11-23,0.0
2006-11-24,3.8
2006-11-25,0.3
2006-11-26,0.0
2006-11-27,0.0
2006-11-28,0.0
2006-11-29,0.0
2006-11-30,0.0
2006-12-01,0.0
2006-12-02,0.0
2006-12-03,0.0
2006-12-04,0.0
2006-12-05,0.0
2006-12-06,0.0
2006-12-07,0.0
2006-12-08,0.0
2006-12-09,1.3
2006-12-10,0.0
2006-12-11,35.5
2006-12-12,0.0
2006-12-13,0.0
2006-12-14,0.0
2006-12-15,0.0
2006-12-16,0.0
2006-12-17,0.0
2006-12-18,0.0
2006-12-19,0.0
2006-12-20,0.8
2006-12-21,0.0
2006-12-22,0.0
2006-12-23,0.0
2006-12-24,0.0
2006-12-25,0.0
2006-12-26,0.0
2006-12-27,0.0
2006-12-28,0.0
2006-12-29,0.0
2006-12-30,0.0
2006-12-31,0.0
2007-01-01,0.0
2007-01-02,1.3
2007-01-03,1.5
2007-01-04,0.0
2007-01-05,0.0
2007-01-06,0.3
2007-01-07,0.0
2007-01-08,0.0
2007-01-09,0.0
2007-01-10,0.0
2007-01-11,0.0
2007-01-12,0.0
2007-01-13,4.8
2007-01-14,7.5
2007-01-15,0.3
2007-01-16,0.0
2007-01-17,0.0
2007-01-18,0.0
2007-01-19,0.0
2007-01-20,0.0
2007-01-21,0.0
2007-01-22,0.0
2007-01-23,0.0
2007-01-24,0.0
2007-01-25,0.0
2007-01-26,0.0
2007-01-27,0.0
2007-01-28,0.0
2007-01-29,0.0
2007-01-30,0.0
2007-01-31,0.0
2007-02-01,0.0
2007-02-02,0.0
2007-02-03,5.5
2007-02-04,17.5
2007-02-05,4.3
2007-02-06,0.0
2007-02-07,0.0
2007-02-08,0.0
2007-02-09,0.5
2007-02-10,1.3
2007-02-11,0.0
2007-02-12,0.0
2007-02-13,14.0
2007-02-14,9.8
2007-02-15,0.8
2007-02-16,33.3
2007-02-17,1.8
2007-02-18,0.8
2007-02-19,19.8
2007-02-20,13.0
2007-02-21,19.3
2007-02-22,0.5
2007-02-23,14.3
2007-02-24,1.8
2007-02-25,0.0
2007-02-26,1.8
2007-02-27,5.0
2007-02-28,4.0
2007-03-01,0.0
2007-03-02,7.8
2007-03-03,11.0
2007-03-04,1.3
2007-03-05,3.8
2007-03-06,4.5
2007-03-07,1.0
2007-03-08,3.8
2007-03-09,5.0
2007-03-10,0.0
2007-03-11,4.3
2007-03-12,0.3
2007-03-13,6.5
2007-03-14,11.3
2007-03-15,1.3
2007-03-16,0.0
2007-03-17,0.0
2007-03-18,0.0
2007-03-19,0.0
2007-03-20,0.0
2007-03-21,0.0
2007-03-22,1.0
2007-03-23,0.3
2007-03-24,1.0
2007-03-25,0.8
2007-03-26,0.5
2007-03-27,16.5
2007-03-28,0.3
2007-03-29,0.0
2007-03-30,0.0
2007-03-31,0.0
2007-04-01,0.0
2007-04-02,0.0
2007-04-03,0.0
2007-04-04,0.0
2007-04-05,0.0
2007-04-06,0.0
2007-04-07,0.0
2007-04-08,0.0
2007-04-09,0.0
2007-04-10,0.0
2007-04-11,9.8
2007-04-12,0.0
2007-04-13,0.0
2007-04-14,0.3
2007-04-15,0.5
2007-04-16,0.5
2007-04-17,0.0
2007-04-18,0.0
2007-04-19,14.8
2007-04-20,5.5
2007-04-21,1.5
2007-04-22,0.0
2007-04-23,0.0
2007-04-24,0.8
2007-04-25,0.3
2007-04-26,0.5
2007-04-27,0.0
2007-04-28,2.3
2007-04-29,1.8
2007-04-30,0.5
2007-05-01,0.5
2007-05-02,0.5
2007-05-03,0.0
2007-05-04,0.3
2007-05-05,0.0
2007-05-06,0.0
2007-05-07,4.0
2007-05-08,0.0
2007-05-09,0.5
2007-05-10,1.5
2007-05-11,11.8
2007-05-12,2.5
2007-05-13,0.0
2007-05-14,0.0
2007-05-15,0.0
2007-05-16,2.8
2007-05-17,1.8
2007-05-18,0.0
2007-05-19,3.0
2007-05-20,0.5
2007-05-21,0.0
2007-05-22,0.0
2007-05-23,0.0
2007-05-24,0.0
2007-05-25,0.0
2007-05-26,5.8
2007-05-27,2.3
2007-05-28,1.0
2007-05-29,0.0
2007-05-30,0.0
2007-05-31,4.3
2007-06-01,10.5
2007-06-02,0.3
2007-06-03,0.0
2007-06-04,0.0
2007-06-05,0.0
2007-06-06,0.0
2007-06-07,0.0
2007-06-08,0.0
2007-06-09,0.0
2007-06-10,3.5
2007-06-11,0.3
2007-06-12,0.0
2007-06-13,0.0
2007-06-14,1.0
2007-06-15,1.3
2007-06-16,4.8
2007-06-17,0.5
2007-06-18,1.8
2007-06-19,3.0
2007-06-20,6.3
2007-06-21,0.8
2007-06-22,3.5
2007-06-23,0.0
2007-06-24,0.3
2007-06-25,4.8
2007-06-26,1.8
2007-06-27,5.3
2007-06-28,0.8
2007-06-29,1.3
2007-06-30,0.5
2007-07-01,0.0
2007-07-02,0.0
2007-07-03,3.3
2007-07-04,3.3
2007-07-05,5.0
2007-07-06,7.8
2007-07-07,8.3
2007-07-08,0.0
2007-07-09,2.0
2007-07-10,1.3
2007-07-11,1.0
2007-07-12,0.0
2007-07-13,0.0
2007-07-14,0.0
2007-07-15,0.0
2007-07-16,0.0
2007-07-17,0.0
2007-07-18,0.0
2007-07-19,0.0
2007-07-20,0.0
2007-07-21,0.0
2007-07-22,0.0
2007-07-23,0.0
2007-07-24,0.0
2007-07-25,0.3
2007-07-26,0.0
2007-07-27,5.8
2007-07-28,0.0
2007-07-29,0.5
2007-07-30,6.0
2007-07-31,0.5
2007-08-01,0.3
2007-08-02,0.0
2007-08-03,3.8
2007-08-04,1.8
2007-08-05,0.0
2007-08-06,0.0
2007-08-07,0.0
2007-08-08,5.0
2007-08-09,1.0
2007-08-10,3.3
2007-08-11,0.8
2007-08-12,6.0
2007-08-13,3.0
2007-08-14,1.8
2007-08-15,6.8
2007-08-16,0.0
2007-08-17,0.0
2007-08-18,0.3
2007-08-19,0.0
2007-08-20,0.0
2007-08-21,0.0
2007-08-22,0.0
2007-08-23,1.5
2007-08-24,0.8
2007-08-25,0.0
2007-08-26,0.0
2007-08-27,0.0
2007-08-28,0.0
2007-08-29,0.0
2007-08-30,0.0
2007-08-31,0.5
2007-09-01,0.0
2007-09-02,1.0
2007-09-03,0.0
2007-09-04,0.0
2007-09-05,0.5
2007-09-06,6.3
2007-09-07,4.3
2007-09-08,1.0
2007-09-09,1.3
2007-09-10,4.3
2007-09-11,6.8
2007-09-12,1.5
2007-09-13,0.0
2007-09-14,0.0
2007-09-15,0.3
2007-09-16,0.3
2007-09-17,0.0
2007-09-18,0.0
2007-09-19,0.0
2007-09-20,0.5
2007-09-21,4.8
2007-09-22,0.3
2007-09-23,0.0
2007-09-24,0.0
2007-09-25,0.0
2007-09-26,0.0
2007-09-27,0.0
2007-09-28,0.0
2007-09-29,0.0
2007-09-30,0.0
2007-10-01,0.0
2007-10-02,0.0
2007-10-03,0.0
2007-10-04,0.3
2007-10-05,1.5
2007-10-06,6.5
2007-10-07,0.0
2007-10-08,0.0
2007-10-09,3.3
2007-10-10,1.3
2007-10-11,0.0
2007-10-12,0.0
2007-10-13,0.0
2007-10-14,0.0
2007-10-15,0.0
2007-10-16,0.8
2007-10-17,0.8
2007-10-18,0.0
2007-10-19,0.0
2007-10-20,0.0
2007-10-21,0.0
2007-10-22,0.0
2007-10-23,0.0
2007-10-24,0.0
2007-10-25,0.0
2007-10-26,0.0
2007-10-27,0.0
2007-10-28,0.0
2007-10-29,0.0
2007-10-30,0.0
2007-10-31,0.0
2007-11-01,0.0
2007-11-02,0.0
2007-11-03,0.0
2007-11-04,0.0
2007-11-05,0.0
2007-11-06,1.3
2007-11-07,0.0
2007-11-08,0.0
2007-11-09,0.0
2007-11-10,0.0
2007-11-11,0.0
2007-11-12,0.0
2007-11-13,0.0
2007-11-14,0.0
2007-11-15,0.0
2007-11-16,0.3
2007-11-17,0.3
2007-11-18,0.0
2007-11-19,0.0
2007-11-20,0.0
2007-11-21,0.0
2007-11-22,0.0
2007-11-23,0.0
2007-11-24,0.3
2007-11-25,6.0
2007-11-26,7.8
2007-11-27,29.5
2007-11-28,21.3
2007-11-29,1.3
2007-11-30,0.0
2007-12-01,0.0
2007-12-02,0.0
2007-12-03,0.0
2007-12-04,0.0
2007-12-05,0.0
2007-12-06,0.0
2007-12-07,0.0
2007-12-08,9.8
2007-12-09,0.0
2007-12-10,0.0
2007-12-11,0.0
2007-12-12,0.0
2007-12-13,0.0
2007-12-14,0.0
2007-12-15,0.0
2007-12-16,0.0
2007-12-17,36.3
2007-12-18,3.5
2007-12-19,0.0
2007-12-20,0.0
2007-12-21,0.0
2007-12-22,0.0
2007-12-23,0.0
2007-12-24,0.0
2007-12-25,1.0
2007-12-26,0.0
2007-12-27,0.0
2007-12-28,2.8
2007-12-29,0.0
2007-12-30,0.0
2007-12-31,0.0
2008-01-01,0.0
2008-01-02,0.0
2008-01-03,0.0
2008-01-04,0.0
2008-01-05,0.0
2008-01-06,0.0
2008-01-07,0.0
2008-01-08,0.0
2008-01-09,0.0
2008-01-10,0.0
2008-01-11,0.0
2008-01-12,0.0
2008-01-13,0.0
2008-01-14,0.0
2008-01-15,0.0
2008-01-16,0.0
2008-01-17,0.3
2008-01-18,0.0
2008-01-19,0.0
2008-01-20,0.0
2008-01-21,0.0
2008-01-22,0.0
2008-01-23,0.0
2008-01-24,0.0
2008-01-25,0.0
2008-01-26,0.0
2008-01-27,0.0
2008-01-28,0.0
2008-01-29,0.0
2008-01-30,0.0
2008-01-31,3.5
2008-02-01,10.5
2008-02-02,0.0
2008-02-03,0.0
2008-02-04,0.0
2008-02-05,0.0
2008-02-06,0.0
2008-02-07,0.0
2008-02-08,0.0
2008-02-09,0.0
2008-02-10,0.0
2008-02-11,0.0
2008-02-12,0.0
2008-02-13,0.5
2008-02-14,0.0
2008-02-15,0.0
2008-02-16,1.5
2008-02-17,0.8
2008-02-18,0.0
2008-02-19,0.0
2008-02-20,0.0
2008-02-21,0.0
2008-02-22,0.0
2008-02-23,0.0
2008-02-24,0.0
2008-02-25,2.3
2008-02-26,13.5
2008-02-27,2.5
2008-02-28,16.0
2008-02-29,14.0
2008-03-01,7.5
2008-03-02,12.3
2008-03-03,0.0
2008-03-04,0.0
2008-03-05,0.0
2008-03-06,0.0
2008-03-07,0.0
2008-03-08,0.0
2008-03-09,0.0
2008-03-10,0.0
2008-03-11,0.0
2008-03-12,0.0
2008-03-13,0.0
2008-03-14,0.0
2008-03-15,0.0
2008-03-16,0.0
2008-03-17,0.8
2008-03-18,0.0
2008-03-19,29.0
2008-03-20,14.8
2008-03-21,4.3
2008-03-22,15.8
2008-03-23,15.8
2008-03-24,0.0
2008-03-25,3.0
2008-03-26,29.0
2008-03-27,1.3
2008-03-28,11.8
2008-03-29,2.3
2008-03-30,0.3
2008-03-31,57.5
2008-04-01,15.3
2008-04-02,11.3
2008-04-03,1.3
2008-04-04,2.0
2008-04-05,0.0
2008-04-06,0.0
2008-04-07,26.5
2008-04-08,1.0
2008-04-09,1.8
2008-04-10,3.0
2008-04-11,1.3
2008-04-12,0.0
2008-04-13,0.0
2008-04-14,0.0
2008-04-15,0.0
2008-04-16,0.0
2008-04-17,6.3
2008-04-18,0.8
2008-04-19,0.0
2008-04-20,0.0
2008-04-21,0.3
2008-04-22,0.0
2008-04-23,0.0
2008-04-24,0.0
2008-04-25,0.0
2008-04-26,0.0
2008-04-27,0.0
2008-04-28,0.0
2008-04-29,0.0
2008-04-30,0.0
2008-05-01,0.0
2008-05-02,6.8
2008-05-03,2.3
2008-05-04,0.0
2008-05-05,0.0
2008-05-06,0.0
2008-05-07,11.0
2008-05-08,1.8
2008-05-09,0.3
2008-05-10,0.5
2008-05-11,0.0
2008-05-12,0.3
2008-05-13,0.5
2008-05-14,0.0
2008-05-15,0.0
2008-05-16,1.3
2008-05-17,0.0
2008-05-18,1.3
2008-05-19,1.0
2008-05-20,0.0
2008-05-21,0.0
2008-05-22,0.0
2008-05-23,0.3
2008-05-24,20.0
2008-05-25,0.0
2008-05-26,0.0
2008-05-27,0.0
2008-05-28,0.0
2008-05-29,0.0
2008-05-30,0.3
2008-05-31,1.0
2008-06-01,0.3
2008-06-02,0.0
2008-06-03,3.8
2008-06-04,0.0
2008-06-05,0.0
2008-06-06,2.3
2008-06-07,2.0
2008-06-08,4.3
2008-06-09,1.3
2008-06-10,0.0
2008-06-11,0.0
2008-06-12,0.0
2008-06-13,
2008-06-14,
2008-06-15,
2008-06-16,
2008-06-17,
2008-06-18,
2008-06-19,
2008-06-20,
2008-06-21,
2008-06-22,
2008-06-23,
2008-06-24,
2008-06-25,
2008-06-26,
2008-06-27,
2008-06-28,
2008-06-29,
2008-06-30,
2008-07-01,
2008-07-02,
2008-07-03,
2008-07-04,
2008-07-05,
2008-07-06,
2008-07-07,
2008-07-08,
2008-07-09,
2008-07-10,
2008-07-11,
2008-07-12,
2008-07-13,
2008-07-14,
2008-07-15,
2008-07-16,
2008-07-17,
2008-07-18,
2008-07-19,
2008-07-20,
2008-07-21,
2008-07-22,
2008-07-23,
2008-07-24,
2008-07-25,
2008-07-26,
2008-07-27,
2008-07-28,
2008-07-29,
2008-07-30,
2008-07-31,
2008-08-01,
2008-08-02,
2008-08-03,
2008-08-04,
2008-08-05,
2008-08-06,
2008-08-07,
2008-08-08,
2008-08-09,
2008-08-10,
2008-08-11,
2008-08-12,
2008-08-13,
2008-08-14,
2008-08-15,
2008-08-16,
2008-08-17,
2008-08-18,
2008-08-19,
2008-08-20,
2008-08-21,
2008-08-22,
2008-08-23,
2008-08-24,
2008-08-25,
2008-08-26,
2008-08-27,
2008-08-28,
2008-08-29,
2008-08-30,
2008-08-31,
2008-09-01,
2008-09-02,
2008-09-03,
2008-09-04,
2008-09-05,
2008-09-06,
2008-09-07,
2008-09-08,
2008-09-09,
2008-09-10,
2008-09-11,
2008-09-12,
2008-09-13,
2008-09-14,
2008-09-15,
2008-09-16,
2008-09-17,
2008-09-18,0.3
2008-09-19,0.0
2008-09-20,0.5
2008-09-21,4.3
2008-09-22,0.0
2008-09-23,0.0
2008-09-24,0.0
2008-09-25,0.8
2008-09-26,5.0
2008-09-27,0.8
2008-09-28,0.0
2008-09-29,0.0
2008-09-30,0.0
2008-10-01,0.0
2008-10-02,0.0
2008-10-03,0.0
2008-10-04,0.5
2008-10-05,0.0
2008-10-06,0.0
2008-10-07,0.0
2008-10-08,5.3
2008-10-09,1.3
2008-10-10,0.0
2008-10-11,0.3
2008-10-12,0.3
2008-10-13,2.3
2008-10-14,1.8
2008-10-15,2.3
2008-10-16,0.0
2008-10-17,0.0
2008-10-18,0.0
2008-10-19,0.0
2008-10-20,0.0
2008-10-21,0.0
2008-10-22,0.0
2008-10-23,0.0
2008-10-24,0.0
2008-10-25,0.0
2008-10-26,0.0
2008-10-27,0.0
2008-10-28,0.0
2008-10-29,0.0
2008-10-30,0.0
2008-10-31,0.0
2008-11-01,0.0
2008-11-02,0.0
2008-11-03,0.0
2008-11-04,0.0
2008-11-05,0.0
2008-11-06,0.0
2008-11-07,0.0
2008-11-08,0.0
2008-11-09,0.0
2008-11-10,0.0
2008-11-11,0.0
2008-11-12,0.0
2008-11-13,0.0
2008-11-14,0.0
2008-11-15,0.0
2008-11-16,0.0
2008-11-17,0.0
2008-11-18,0.0
2008-11-19,0.0
2008-11-20,0.0
2008-11-21,0.0
2008-11-22,0.0
2008-11-23,0.0
2008-11-24,0.0
2008-11-25,0.0
2008-11-26,0.0
2008-11-27,0.5
2008-11-28,0.0
2008-11-29,0.0
2008-11-30,7.5
2008-12-01,6.5
2008-12-02,4.0
2008-12-03,0.0
2008-12-04,0.0
2008-12-05,8.8
2008-12-06,0.3
2008-12-07,0.0
2008-12-08,16.0
2008-12-09,0.3
2008-12-10,0.0
2008-12-11,0.0
2008-12-12,0.0
2008-12-13,0.0
2008-12-14,0.0
2008-12-15,0.0
2008-12-16,0.0
2008-12-17,0.0
2008-12-18,0.0
2008-12-19,0.0
2008-12-20,0.0
2008-12-21,0.0
2008-12-22,0.0
2008-12-23,5.8
2008-12-24,5.5
2008-12-25,0.0
2008-12-26,0.0
2008-12-27,0.0
2008-12-28,0.0
2008-12-29,0.0
2008-12-30,0.0
2008-12-31,0.0
2009-01-01,0.0
2009-01-02,0.0
2009-01-03,0.0
2009-01-04,2.3
2009-01-05,5.0
2009-01-06,0.3
2009-01-07,0.0
2009-01-08,0.0
2009-01-09,0.0
2009-01-10,0.0
2009-01-11,0.0
2009-01-12,9.3
2009-01-13,0.3
2009-01-14,0.0
2009-01-15,0.0
2009-01-16,0.0
2009-01-17,0.0
2009-01-18,0.0
2009-01-19,0.0
2009-01-20,0.0
2009-01-21,12.3
2009-01-22,32.0
2009-01-23,0.0
2009-01-24,24.3
2009-01-25,0.0
2009-01-26,0.0
2009-01-27,0.0
2009-01-28,0.0
2009-01-29,0.0
2009-01-30,0.0
2009-01-31,0.0
2009-02-01,0.0
2009-02-02,18.3
2009-02-03,46.8
2009-02-04,2.3
2009-02-05,0.0
2009-02-06,0.0
2009-02-07,0.0
2009-02-08,0.0
2009-02-09,0.0
2009-02-10,0.0
2009-02-11,0.0
2009-02-12,0.0
2009-02-13,0.0
2009-02-14,0.0
2009-02-15,0.5
2009-02-16,0.0
2009-02-17,4.3
2009-02-18,0.0
2009-02-19,0.0
2009-02-20,0.3
2009-02-21,0.0
2009-02-22,18.0
2009-02-23,16.8
2009-02-24,1.3
2009-02-25,0.0
2009-02-26,3.0
2009-02-27,0.0
2009-02-28,0.0
2009-03-01,0.0
2009-03-02,0.0
2009-03-03,0.0
2009-03-04,0.0
2009-03-05,0.0
2009-03-06,0.0
2009-03-07,0.0
2009-03-08,0.0
2009-03-09,0.0
2009-03-10,0.0
2009-03-11,0.0
2009-03-12,0.0
2009-03-13,0.0
2009-03-14,0.0
2009-03-15,0.0
2009-03-16,0.0
2009-03-17,1.0
2009-03-18,1.0
2009-03-19,0.0
2009-03-20,2.0
2009-03-21,0.0
2009-03-22,0.0
2009-03-23,0.0
2009-03-24,0.0
2009-03-25,2.3
2009-03-26,5.3
2009-03-27,0.3
2009-03-28,0.0
2009-03-29,0.0
2009-03-30,0.0
2009-03-31,0.0
2009-04-01,0.8
2009-04-02,21.8
2009-04-03,9.5
2009-04-04,4.0
2009-04-05,0.5
2009-04-06,0.0
2009-04-07,0.0
2009-04-08,0.0
2009-04-09,0.0
2009-04-10,24.5
2009-04-11,14.5
2009-04-12,2.3
2009-04-13,0.0
2009-04-14,0.0
2009-04-15,0.0
2009-04-16,0.0
2009-04-17,4.5
2009-04-18,7.8
2009-04-19,0.3
2009-04-20,0.0
2009-04-21,0.3
2009-04-22,12.3
2009-04-23,1.0
2009-04-24,0.0
2009-04-25,1.5
2009-04-26,0.3
2009-04-27,0.0
2009-04-28,0.0
2009-04-29,0.0
2009-04-30,0.0
2009-05-01,0.0
2009-05-02,0.0
2009-05-03,0.0
2009-05-04,0.0
2009-05-05,0.0
2009-05-06,0.0
2009-05-07,0.3
2009-05-08,1.0
2009-05-09,7.5
2009-05-10,1.5
2009-05-11,0.0
2009-05-12,0.3
2009-05-13,0.0
2009-05-14,0.0
2009-05-15,0.0
2009-05-16,0.8
2009-05-17,13.3
2009-05-18,7.8
2009-05-19,1.5
2009-05-20,0.0
2009-05-21,0.0
2009-05-22,0.0
2009-05-23,0.0
2009-05-24,0.0
2009-05-25,0.0
2009-05-26,0.0
2009-05-27,0.0
2009-05-28,0.0
2009-05-29,0.0
2009-05-30,0.0
2009-05-31,0.0
2009-06-01,0.0
2009-06-02,0.0
2009-06-03,0.0
2009-06-04,0.0
2009-06-05,0.0
2009-06-06,2.3
2009-06-07,3.3
2009-06-08,9.0
2009-06-09,3.8
2009-06-10,0.3
2009-06-11,0.0
2009-06-12,0.0
2009-06-13,0.0
2009-06-14,0.0
2009-06-15,2.5
2009-06-16,5.0
2009-06-17,0.0
2009-06-18,0.0
2009-06-19,0.0
2009-06-20,0.0
2009-06-21,0.0
2009-06-22,1.0
2009-06-23,0.3
2009-06-24,0.0
2009-06-25,1.5
2009-06-26,0.0
2009-06-27,0.0
2009-06-28,0.0
2009-06-29,0.0
2009-06-30,0.0
2009-07-01,0.0
2009-07-02,0.0
2009-07-03,0.0
2009-07-04,0.0
2009-07-05,0.0
2009-07-06,0.5
2009-07-07,1.0
2009-07-08,1.3
2009-07-09,4.8
2009-07-10,7.5
2009-07-11,5.5
2009-07-12,0.0
2009-07-13,0.8
2009-07-14,2.5
2009-07-15,4.0
2009-07-16,8.0
2009-07-17,6.5
2009-07-18,0.0
2009-07-19,0.0
2009-07-20,0.0
2009-07-21,0.0
2009-07-22,0.0
2009-07-23,0.0
2009-07-24,0.0
2009-07-25,0.0
2009-07-26,0.0
2009-07-27,0.0
2009-07-28,0.0
2009-07-29,0.0
2009-07-30,0.0
2009-07-31,3.3
2009-08-01,5.5
2009-08-02,2.3
2009-08-03,0.3
2009-08-04,0.0
2009-08-05,4.0
2009-08-06,0.0
2009-08-07,0.0
2009-08-08,2.8
2009-08-09,0.0
2009-08-10,0.0
2009-08-11,0.0
2009-08-12,0.0
2009-08-13,0.0
2009-08-14,0.0
2009-08-15,2.3
2009-08-16,0.3
2009-08-17,4.0
2009-08-18,0.0
2009-08-19,1.0
2009-08-20,0.5
2009-08-21,0.0
2009-08-22,0.0
2009-08-23,2.3
2009-08-24,0.0
2009-08-25,0.8
2009-08-26,0.0
2009-08-27,0.0
2009-08-28,0.3
2009-08-29,0.0
2009-08-30,0.3
2009-08-31,2.8
2009-09-01,1.0
2009-09-02,0.0
2009-09-03,0.0
2009-09-04,0.0
2009-09-05,0.0
2009-09-06,0.0
2009-09-07,0.0
2009-09-08,0.3
2009-09-09,0.0
2009-09-10,0.8
2009-09-11,1.0
2009-09-12,2.8
2009-09-13,0.0
2009-09-14,0.0
2009-09-15,0.0
2009-09-16,0.0
2009-09-17,0.0
2009-09-18,0.0
2009-09-19,0.0
2009-09-20,0.0
2009-09-21,0.0
2009-09-22,0.0
2009-09-23,0.0
2009-09-24,0.0
2009-09-25,0.0
2009-09-26,0.0
2009-09-27,0.0
2009-09-28,0.0
2009-09-29,0.0
2009-09-30,0.0
2009-10-01,0.0
2009-10-02,0.3
2009-10-03,2.3
2009-10-04,0.3
2009-10-05,0.0
2009-10-06,0.0
2009-10-07,0.0
2009-10-08,0.0
2009-10-09,0.0
2009-10-10,0.8
2009-10-11,8.8
2009-10-12,0.0
2009-10-13,0.0
2009-10-14,0.0
2009-10-15,0.0
2009-10-16,0.0
2009-10-17,0.0
2009-10-18,0.0
2009-10-19,0.0
2009-10-20,0.0
2009-10-21,0.0
2009-10-22,0.0
2009-10-23,0.0
2009-10-24,40.8
2009-10-25,3.8
2009-10-26,11.3
2009-10-27,14.3
2009-10-28,1.5
2009-10-29,0.0
2009-10-30,0.0
2009-10-31,0.0
2009-11-01,0.0
2009-11-02,0.0
2009-11-03,0.0
2009-11-04,0.0
2009-11-05,0.0
2009-11-06,0.0
2009-11-07,0.0
2009-11-08,0.0
2009-11-09,0.0
2009-11-10,0.0
2009-11-11,0.0
2009-11-12,0.0
2009-11-13,1.3
2009-11-14,0.0
2009-11-15,0.0
2009-11-16,0.0
2009-11-17,0.0
2009-11-18,0.0
2009-11-19,0.0
2009-11-20,0.0
2009-11-21,0.0
2009-11-22,0.0
2009-11-23,0.0
2009-11-24,0.0
2009-11-25,0.0
2009-11-26,0.0
2009-11-27,0.0
2009-11-28,0.0
2009-11-29,0.0
2009-11-30,0.0
2009-12-01,0.0
2009-12-02,0.0
2009-12-03,0.0
2009-12-04,0.0
2009-12-05,0.0
2009-12-06,0.0
2009-12-07,0.0
2009-12-08,0.0
2009-12-09,0.0
2009-12-10,0.0
2009-12-11,0.0
2009-12-12,0.0
2009-12-13,0.0
2009-12-14,0.0
2009-12-15,0.0
2009-12-16,0.8
2009-12-17,0.0
2009-12-18,0.0
2009-12-19,0.0
2009-12-20,0.0
2009-12-21,0.0
2009-12-22,0.0
2009-12-23,0.0
2009-12-24,0.0
2009-12-25,0.0
2009-12-26,2.8
2009-12-27,1.8
2009-12-28,1.3
2009-12-29,0.0
2009-12-30,0.0
2009-12-31,0.8
2010-01-01,0.5
2010-01-02,0.0
2010-01-03,0.8
2010-01-04,0.0
2010-01-05,0.0
2010-01-06,0.0
2010-01-07,0.0
2010-01-08,4.0
2010-01-09,6.8
2010-01-10,0.0
2010-01-11,0.0
2010-01-12,0.0
2010-01-13,8.8
2010-01-14,0.0
2010-01-15,0.0
2010-01-16,1.3
2010-01-17,11.0
2010-01-18,0.0
2010-01-19,0.0
2010-01-20,0.0
2010-01-21,0.0
2010-01-22,0.0
2010-01-23,0.0
2010-01-24,0.0
2010-01-25,0.0
2010-01-26,0.0
2010-01-27,0.0
2010-01-28,0.0
2010-01-29,0.0
2010-01-30,0.0
2010-01-31,0.0
2010-02-01,1.8
2010-02-02,0.0
2010-02-03,0.0
2010-02-04,0.0
2010-02-05,0.0
2010-02-06,0.0
2010-02-07,0.0
2010-02-08,0.0
2010-02-09,0.0
2010-02-10,0.0
2010-02-11,0.0
2010-02-12,3.3
2010-02-13,4.8
2010-02-14,0.0
2010-02-15,7.0
2010-02-16,0.3
2010-02-17,0.0
2010-02-18,0.0
2010-02-19,2.5
2010-02-20,0.0
2010-02-21,0.0
2010-02-22,0.0
2010-02-23,0.0
2010-02-24,0.0
2010-02-25,1.8
2010-02-26,4.3
2010-02-27,0.0
2010-02-28,0.0
2010-03-01,1.8
2010-03-02,0.0
2010-03-03,0.3
2010-03-04,0.0
2010-03-05,0.0
2010-03-06,8.3
2010-03-07,7.0
2010-03-08,0.3
2010-03-09,0.0
2010-03-10,0.0
2010-03-11,0.0
2010-03-12,0.0
2010-03-13,0.0
2010-03-14,0.0
2010-03-15,0.0
2010-03-16,0.0
2010-03-17,0.0
2010-03-18,0.0
2010-03-19,0.0
2010-03-20,1.0
2010-03-21,15.0
2010-03-22,9.0
2010-03-23,1.3
2010-03-24,1.0
2010-03-25,0.0
2010-03-26,0.0
2010-03-27,0.0
2010-03-28,0.0
2010-03-29,0.0
2010-03-30,0.0
2010-03-31,0.0
2010-04-01,1.3
2010-04-02,11.5
2010-04-03,5.8
2010-04-04,2.0
2010-04-05,0.0
2010-04-06,0.0
2010-04-07,0.8
2010-04-08,9.8
2010-04-09,9.5
2010-04-10,0.8
2010-04-11,0.0
2010-04-12,0.0
2010-04-13,2.0
2010-04-14,5.3
2010-04-15,2.3
2010-04-16,0.8
2010-04-17,0.3
2010-04-18,3.8
2010-04-19,0.8
2010-04-20,0.0
2010-04-21,0.0
2010-04-22,0.0
2010-04-23,0.0
2010-04-24,1.5
2010-04-25,1.3
2010-04-26,0.0
2010-04-27,0.0
2010-04-28,0.0
2010-04-29,0.0
2010-04-30,0.0
2010-05-01,0.0
2010-05-02,0.0
2010-05-03,1.5
2010-05-04,0.0
2010-05-05,0.3
2010-05-06,0.3
2010-05-07,0.0
2010-05-08,0.0
2010-05-09,0.0
2010-05-10,0.0
2010-05-11,0.0
2010-05-12,0.0
2010-05-13,0.0
2010-05-14,0.0
2010-05-15,0.0
2010-05-16,1.0
2010-05-17,3.3
2010-05-18,0.5
2010-05-19,0.0
2010-05-20,0.0
2010-05-21,0.0
2010-05-22,0.0
2010-05-23,0.0
2010-05-24,0.0
2010-05-25,0.0
2010-05-26,0.0
2010-05-27,0.0
2010-05-28,0.0
2010-05-29,0.0
2010-05-30,0.0
2010-05-31,0.0
2010-06-01,0.0
2010-06-02,2.0
2010-06-03,0.8
2010-06-04,0.8
2010-06-05,0.5
2010-06-06,0.0
2010-06-07,0.0
2010-06-08,0.8
2010-06-09,0.3
2010-06-10,2.5
2010-06-11,0.0
2010-06-12,0.0
2010-06-13,0.0
2010-06-14,0.0
2010-06-15,0.0
2010-06-16,0.5
2010-06-17,0.0
2010-06-18,0.0
2010-06-19,0.0
2010-06-20,0.0
2010-06-21,0.0
2010-06-22,0.0
2010-06-23,0.0
2010-06-24,0.0
2010-06-25,2.3
2010-06-26,9.5
2010-06-27,2.5
2010-06-28,0.5
2010-06-29,9.3
2010-06-30,5.8
2010-07-01,4.5
2010-07-02,2.8
2010-07-03,7.8
2010-07-04,3.8
2010-07-05,0.3
2010-07-06,2.0
2010-07-07,0.0
2010-07-08,0.0
2010-07-09,0.0
2010-07-10,0.5
2010-07-11,0.0
2010-07-12,0.3
2010-07-13,3.8
2010-07-14,1.0
2010-07-15,0.0
2010-07-16,3.3
2010-07-17,12.5
2010-07-18,0.8
2010-07-19,0.0
2010-07-20,2.3
2010-07-21,0.5
2010-07-22,5.5
2010-07-23,0.0
2010-07-24,3.3
2010-07-25,3.3
2010-07-26,0.0
2010-07-27,3.0
2010-07-28,1.0
2010-07-29,0.0
2010-07-30,3.0
2010-07-31,4.0
2010-08-01,1.5
2010-08-02,0.5
2010-08-03,0.0
2010-08-04,0.0
2010-08-05,0.8
2010-08-06,0.0
2010-08-07,5.0
2010-08-08,0.0
2010-08-09,0.0
2010-08-10,0.0
2010-08-11,0.0
2010-08-12,6.0
2010-08-13,1.3
2010-08-14,1.8
2010-08-15,1.3
2010-08-16,0.0
2010-08-17,0.0
2010-08-18,0.0
2010-08-19,0.0
2010-08-20,0.0
2010-08-21,0.0
2010-08-22,0.0
2010-08-23,0.0
2010-08-24,0.3
2010-08-25,0.0
2010-08-26,0.0
2010-08-27,0.8
2010-08-28,0.0
2010-08-29,0.0
2010-08-30,0.0
2010-08-31,1.3
2010-09-01,0.0
2010-09-02,2.3
2010-09-03,0.3
2010-09-04,0.5
2010-09-05,0.0
2010-09-06,1.5
2010-09-07,1.3
2010-09-08,2.0
2010-09-09,0.0
2010-09-10,0.8
2010-09-11,0.0
2010-09-12,1.8
2010-09-13,1.3
2010-09-14,0.5
2010-09-15,0.0
2010-09-16,1.0
2010-09-17,0.8
2010-09-18,0.8
2010-09-19,0.0
2010-09-20,0.0
2010-09-21,3.8
2010-09-22,0.0
2010-09-23,0.3
2010-09-24,0.3
2010-09-25,0.0
2010-09-26,0.0
2010-09-27,0.0
2010-09-28,0.0
2010-09-29,0.0
2010-09-30,0.0
2010-10-01,0.0
2010-10-02,0.0
2010-10-03,0.0
2010-10-04,0.0
2010-10-05,0.0
2010-10-06,0.0
2010-10-07,0.0
2010-10-08,0.0
2010-10-09,0.0
2010-10-10,0.0
2010-10-11,0.0
2010-10-12,0.0
2010-10-13,0.0
2010-10-14,0.0
2010-10-15,0.0
2010-10-16,0.0
2010-10-17,0.0
2010-10-18,0.0
2010-10-19,0.0
2010-10-20,29.0
2010-10-21,0.0
2010-10-22,0.0
2010-10-23,0.0
2010-10-24,0.0
2010-10-25,0.0
2010-10-26,0.0
2010-10-27,1.0
2010-10-28,0.0
2010-10-29,12.0
2010-10-30,0.0
2010-10-31,0.0
2010-11-01,0.0
2010-11-02,0.0
2010-11-03,0.0
2010-11-04,0.0
2010-11-05,0.0
2010-11-06,0.0
2010-11-07,0.0
2010-11-08,0.0
2010-11-09,0.0
2010-11-10,0.0
2010-11-11,0.0
2010-11-12,0.0
2010-11-13,0.0
2010-11-14,0.0
2010-11-15,0.0
2010-11-16,0.0
2010-11-17,0.0
2010-11-18,0.0
2010-11-19,0.0
2010-11-20,0.0
2010-11-21,0.0
2010-11-22,0.0
2010-11-23,0.0
2010-11-24,0.0
2010-11-25,0.0
2010-11-26,0.0
2010-11-27,0.0
2010-11-28,0.0
2010-11-29,0.0
2010-11-30,0.0
2010-12-01,0.0
2010-12-02,0.0
2010-12-03,0.0
2010-12-04,0.0
2010-12-05,0.0
2010-12-06,11.8
2010-12-07,0.0
2010-12-08,0.5
2010-12-09,0.3
2010-12-10,
2010-12-11,
2010-12-12,
2010-12-13,
2010-12-14,
2010-12-15,
2010-12-16,
2010-12-17,
2010-12-18,
2010-12-19,
2010-12-20,
2010-12-21,
2010-12-22,
2010-12-23,
2010-12-24,
2010-12-25,
2010-12-26,
2010-12-27,
2010-12-28,
2010-12-29,
2010-12-30,
2010-12-31,
2011-01-01,
2011-01-02,0.0
2011-01-03,0.0
2011-01-04,0.8
2011-01-05,2.3
2011-01-06,0.3
2011-01-07,0.0
2011-01-08,0.0
2011-01-09,42.8
2011-01-10,0.0
2011-01-11,2.3
2011-01-12,9.3
2011-01-13,0.0
2011-01-14,0.0
2011-01-15,0.0
2011-01-16,0.0
2011-01-17,0.0
2011-01-18,0.0
2011-01-19,0.0
2011-01-20,0.0
2011-01-21,0.5
2011-01-22,0.8
2011-01-23,0.5
2011-01-24,1.0
2011-01-25,0.0
2011-01-26,0.8
2011-01-27,0.3
2011-01-28,0.0
2011-01-29,0.0
2011-01-30,0.0
2011-01-31,0.0
2011-02-01,0.0
2011-02-02,0.0
2011-02-03,0.0
2011-02-04,0.0
2011-02-05,0.0
2011-02-06,0.0
2011-02-07,0.0
2011-02-08,0.0
2011-02-09,0.0
2011-02-10,0.0
2011-02-11,0.0
2011-02-12,0.0
2011-02-13,0.0
2011-02-14,0.0
2011-02-15,0.0
2011-02-16,0.0
2011-02-17,0.5
2011-02-18,2.8
2011-02-19,2.8
2011-02-20,0.0
2011-02-21,1.0
2011-02-22,5.8
2011-02-23,0.0
2011-02-24,4.5
2011-02-25,3.0
2011-02-26,0.5
2011-02-27,19.8
2011-02-28,5.3
2011-03-01,0.0
2011-03-02,0.0
2011-03-03,0.0
2011-03-04,0.0
2011-03-05,17.0
2011-03-06,2.8
2011-03-07,0.0
2011-03-08,0.0
2011-03-09,0.0
2011-03-10,0.0
2011-03-11,0.0
2011-03-12,6.8
2011-03-13,17.3
2011-03-14,0.0
2011-03-15,0.0
2011-03-16,0.0
2011-03-17,0.0
2011-03-18,0.0
2011-03-19,0.0
2011-03-20,2.3
2011-03-21,0.0
2011-03-22,0.3
2011-03-23,14.8
2011-03-24,0.0
2011-03-25,
2011-03-26,
2011-03-27,
2011-03-28,
2011-03-29,
2011-03-30,
2011-03-31,
2011-04-01,
2011-04-02,
2011-04-03,
2011-04-04,
2011-04-05,
2011-04-06,
2011-04-07,
2011-04-08,
2011-04-09,
2011-04-10,
2011-04-11,
2011-04-12,
2011-04-13,
2011-04-14,
2011-04-15,
2011-04-16,
2011-04-17,
2011-04-18,
2011-04-19,
2011-04-20,
2011-04-21,
2011-04-22,
2011-04-23,
2011-04-24,
2011-04-25,
2011-04-26,
2011-04-27,
2011-04-28,
2011-04-29,
2011-04-30,
2011-05-01,
2011-05-02,
2011-05-03,
2011-05-04,
2011-05-05,
2011-05-06,
2011-05-07,
2011-05-08,
2011-05-09,
2011-05-10,
2011-05-11,
2011-05-12,
2011-05-13,
2011-05-14,
2011-05-15,
2011-05-16,
2011-05-17,
2011-05-18,
2011-05-19,
2011-05-20,
2011-05-21,
2011-05-22,
2011-05-23,
2011-05-24,
2011-05-25,
2011-05-26,
2011-05-27,
2011-05-28,
2011-05-29,
2011-05-30,
2011-05-31,
2011-06-01,
2011-06-02,
2011-06-03,
2011-06-04,
2011-06-05,
2011-06-06,
2011-06-07,
2011-06-08,
2011-06-09,
2011-06-10,
2011-06-11,
2011-06-12,
2011-06-13,
2011-06-14,
2011-06-15,
2011-06-16,
2011-06-17,
2011-06-18,
2011-06-19,
2011-06-20,
2011-06-21,
2011-06-22,
2011-06-23,
2011-06-24,
2011-06-25,
2011-06-26,
2011-06-27,
2011-06-28,
2011-06-29,
2011-06-30,
2011-07-01,
2011-07-02,
2011-07-03,
2011-07-04,
2011-07-05,
2011-07-06,
2011-07-07,
2011-07-08,
2011-07-09,
2011-07-10,
2011-07-11,
2011-07-12,
2011-07-13,0.0
2011-07-14,0.0
2011-07-15,0.3
2011-07-16,0.0
2011-07-17,0.0
2011-07-18,0.0
2011-07-19,0.8
2011-07-20,0.0
2011-07-21,0.0
2011-07-22,0.0
2011-07-23,0.0
2011-07-24,2.0
2011-07-25,1.0
2011-07-26,0.8
2011-07-27,0.0
2011-07-28,0.3
2011-07-29,0.5
2011-07-30,0.5
2011-07-31,11.8
2011-08-01,0.0
2011-08-02,0.0
2011-08-03,0.0
2011-08-04,0.0
2011-08-05,0.0
2011-08-06,11.0
2011-08-07,0.0
2011-08-08,0.0
2011-08-09,0.0
2011-08-10,0.0
2011-08-11,0.0
2011-08-12,0.0
2011-08-13,0.8
2011-08-14,0.5
2011-08-15,0.0
2011-08-16,0.8
2011-08-17,0.0
2011-08-18,0.3
2011-08-19,0.0
2011-08-20,0.3
2011-08-21,0.0
2011-08-22,0.0
2011-08-23,6.0
2011-08-24,0.5
2011-08-25,1.3
2011-08-26,0.0
2011-08-27,0.0
2011-08-28,0.0
2011-08-29,0.0
2011-08-30,0.0
2011-08-31,0.0
2011-09-01,0.0
2011-09-02,0.0
2011-09-03,0.3
2011-09-04,0.0
2011-09-05,0.0
2011-09-06,0.0
2011-09-07,0.0
2011-09-08,0.0
2011-09-09,0.0
2011-09-10,0.0
2011-09-11,0.0
2011-09-12,0.0
2011-09-13,0.0
2011-09-14,0.0
2011-09-15,0.8
2011-09-16,3.3
2011-09-17,2.3
2011-09-18,2.0
2011-09-19,0.5
2011-09-20,0.3
2011-09-21,0.0
2011-09-22,0.0
2011-09-23,0.0
2011-09-24,0.0
2011-09-25,0.0
2011-09-26,3.3
2011-09-27,1.8
2011-09-28,0.0
2011-09-29,0.3
2011-09-30,0.0
2011-10-01,0.0
2011-10-02,0.0
2011-10-03,0.0
2011-10-04,0.0
2011-10-05,0.0
2011-10-06,0.0
2011-10-07,0.0
2011-10-08,0.0
2011-10-09,0.0
2011-10-10,0.0
2011-10-11,0.0
2011-10-12,0.0
2011-10-13,0.0
2011-10-14,0.0
2011-10-15,0.0
2011-10-16,0.0
2011-10-17,0.0
2011-10-18,9.5
2011-10-19,0.3
2011-10-20,0.5
2011-10-21,6.0
2011-10-22,0.5
2011-10-23,9.8
2011-10-24,0.5
2011-10-25,0.3
2011-10-26,0.0
2011-10-27,0.0
2011-10-28,0.5
2011-10-29,0.5
2011-10-30,0.0
2011-10-31,0.0
2011-11-01,0.0
2011-11-02,0.8
2011-11-03,
2011-11-04,
2011-11-05,
2011-11-06,
2011-11-07,
2011-11-08,
2011-11-09,
2011-11-10,
2011-11-11,
2011-11-12,
2011-11-13,
2011-11-14,
2011-11-15,
2011-11-16,
2011-11-17,
2011-11-18,
2011-11-19,
2011-11-20,
2011-11-21,
2011-11-22,
2011-11-23,
2011-11-24,
2011-11-25,
2011-11-26,
2011-11-27,
2011-11-28,
2011-11-29,
2011-11-30,
2011-12-01,
2011-12-02,
2011-12-03,
2011-12-04,
2011-12-05,
2011-12-06,
2011-12-07,
2011-12-08,
2011-12-09,
2011-12-10,
2011-12-11,
2011-12-12,
2011-12-13,
2011-12-14,
2011-12-15,
2011-12-16,
2011-12-17,
2011-12-18,
2011-12-19,
2011-12-20,
2011-12-21,
2011-12-22,
2011-12-23,
2011-12-24,
2011-12-25,
2011-12-26,
2011-12-27,
2011-12-28,
2011-12-29,
2011-12-30,
2011-12-31,
2012-01-01,
2012-01-02,
2012-01-03,
2012-01-04,
2012-01-05,
2012-01-06,
2012-01-07,
2012-01-08,
2012-01-09,
2012-01-10,
2012-01-11,
2012-01-12,
2012-01-13,
2012-01-14,
2012-01-15,
2012-01-16,
2012-01-17,
2012-01-18,
2012-01-19,
2012-01-20,
2012-01-21,
2012-01-22,
2012-01-23,
2012-01-24,
2012-01-25,
2012-01-26,
2012-01-27,
2012-01-28,
2012-01-29,
2012-01-30,
2012-01-31,
2012-02-01,
2012-02-02,
2012-02-03,
2012-02-04,
2012-02-05,
2012-02-06,
2012-02-07,
2012-02-08,
2012-02-09,
2012-02-10,
2012-02-11,
2012-02-12,
2012-02-13,
2012-02-14,
2012-02-15,
2012-02-16,
2012-02-17,
2012-02-18,
2012-02-19,
2012-02-20,
2012-02-21,
2012-02-22,
2012-02-23,
2012-02-24,
2012-02-25,
2012-02-26,
2012-02-27,
2012-02-28,
2012-02-29,
2012-03-01,
2012-03-02,
2012-03-03,
2012-03-04,
2012-03-05,
2012-03-06,
2012-03-07,
2012-03-08,
2012-03-09,
2012-03-10,
2012-03-11,
2012-03-12,
2012-03-13,
2012-03-14,
2012-03-15,
2012-03-16,
2012-03-17,
2012-03-18,
2012-03-19,
2012-03-20,
2012-03-21,
2012-03-22,
2012-03-23,
2012-03-24,
2012-03-25,
2012-03-26,
2012-03-27,
2012-03-28,
2012-03-29,
2012-03-30,0.0
2012-03-31,0.0
2012-04-01,0.0
2012-04-02,0.0
2012-04-03,0.0
2012-04-04,0.0
2012-04-05,0.0
2012-04-06,0.0
2012-04-07,0.0
2012-04-08,0.3
2012-04-09,0.5
2012-04-10,0.0
2012-04-11,0.0
2012-04-12,0.0
2012-04-13,0.0
2012-04-14,0.0
2012-04-15,0.0
2012-04-16,0.0
2012-04-17,0.0
2012-04-18,0.0
2012-04-19,0.5
2012-04-20,0.0
2012-04-21,0.0
2012-04-22,0.0
2012-04-23,0.0
2012-04-24,0.0
2012-04-25,0.0
2012-04-26,0.0
2012-04-27,0.0
2012-04-28,0.0
2012-04-29,0.5
2012-04-30,0.0
2012-05-01,0.0
2012-05-02,0.0
2012-05-03,0.0
2012-05-04,0.3
2012-05-05,0.5
2012-05-06,0.0
2012-05-07,1.0
2012-05-08,0.0
2012-05-09,0.0
2012-05-10,0.0
2012-05-11,0.0
2012-05-12,0.0
2012-05-13,0.0
2012-05-14,0.0
2012-05-15,0.0
2012-05-16,0.0
2012-05-17,0.0
2012-05-18,0.0
2012-05-19,1.3
2012-05-20,1.8
2012-05-21,3.8
2012-05-22,3.8
2012-05-23,0.5
2012-05-24,2.3
2012-05-25,0.0
2012-05-26,0.0
2012-05-27,0.0
2012-05-28,0.0
2012-05-29,
2012-05-30,
2012-05-31,
2012-06-01,
2012-06-02,
2012-06-03,
2012-06-04,
2012-06-05,
2012-06-06,
2012-06-07,
2012-06-08,
2012-06-09,
2012-06-10,
2012-06-11,
2012-06-12,
2012-06-13,
2012-06-14,
2012-06-15,
2012-06-16,
2012-06-17,0.0
2012-06-18,0.0
2012-06-19,0.0
2012-06-20,0.0
2012-06-21,0.0
2012-06-22,0.3
2012-06-23,0.0
2012-06-24,1.5
2012-06-25,0.0
2012-06-26,
2012-06-27,
2012-06-28,
2012-06-29,
2012-06-30,
2012-07-01,
2012-07-02,
2012-07-03,
2012-07-04,
2012-07-05,
2012-07-06,
2012-07-07,
2012-07-08,
2012-07-09,
2012-07-10,
2012-07-11,
2012-07-12,
2012-07-13,
2012-07-14,
2012-07-15,
2012-07-16,
2012-07-17,
2012-07-18,
2012-07-19,
2012-07-20,
2012-07-21,
2012-07-22,
2012-07-23,
2012-07-24,
2012-07-25,
2012-07-26,
2012-07-27,
2012-07-28,
2012-07-29,
2012-07-30,
2012-07-31,
2012-08-01,
2012-08-02,
2012-08-03,
2012-08-04,
2012-08-05,
2012-08-06,
2012-08-07,
2012-08-08,
2012-08-09,
2012-08-10,
2012-08-11,
2012-08-12,
2012-08-13,
2012-08-14,
2012-08-15,
2012-08-16,
2012-08-17,
2012-08-18,
2012-08-19,
2012-08-20,
2012-08-21,
2012-08-22,
2012-08-23,
2012-08-24,
2012-08-25,
2012-08-26,
2012-08-27,
2012-08-28,
2012-08-29,
2012-08-30,
2012-08-31,
2012-09-01,
2012-09-02,
2012-09-03,
2012-09-04,
2012-09-05,
2012-09-06,
2012-09-07,
2012-09-08,
2012-09-09,
2012-09-10,
2012-09-11,
2012-09-12,0.0
2012-09-13,0.0
2012-09-14,0.0
2012-09-15,0.0
2012-09-16,
2012-09-17,
2012-09-18,0.0
2012-09-19,0.0
2012-09-20,
2012-09-21,
2012-09-22,
2012-09-23,
2012-09-24,
2012-09-25,
2012-09-26,
2012-09-27,
2012-09-28,
2012-09-29,
2012-09-30,
2012-10-01,
2012-10-02,
2012-10-03,
2012-10-04,
2012-10-05,
2012-10-06,
2012-10-07,
2012-10-08,
2012-10-09,
2012-10-10,
2012-10-11,
2012-10-12,
2012-10-13,
2012-10-14,
2012-10-15,
2012-10-16,
2012-10-17,
2012-10-18,
2012-10-19,
2012-10-20,
2012-10-21,
2012-10-22,
2012-10-23,
2012-10-24,
2012-10-25,
2012-10-26,
2012-10-27,
2012-10-28,
2012-10-29,
2012-10-30,
2012-10-31,
2012-11-01,
2012-11-02,
2012-11-03,
2012-11-04,
2012-11-05,
2012-11-06,
2012-11-07,
2012-11-08,
2012-11-09,
2012-11-10,
2012-11-11,
2012-11-12,
2012-11-13,
2012-11-14,
2012-11-15,
2012-11-16,
2012-11-17,
2012-11-18,
2012-11-19,
2012-11-20,
2012-11-21,
2012-11-22,
2012-11-23,
2012-11-24,
2012-11-25,
2012-11-26,
2012-11-27,
2012-11-28,
2012-11-29,
2012-11-30,
2012-12-01,
2012-12-02,
2012-12-03,
2012-12-04,
2012-12-05,
2012-12-06,
2012-12-07,
2012-12-08,
2012-12-09,
2012-12-10,
2012-12-11,
2012-12-12,
2012-12-13,
2012-12-14,
2012-12-15,
2012-12-16,
2012-12-17,
2012-12-18,
2012-12-19,
2012-12-20,
2012-12-21,
2012-12-22,
2012-12-23,
2012-12-24,
2012-12-25,
2012-12-26,
2012-12-27,
2012-12-28,
2012-12-29,
2012-12-30,
2012-12-31,
2013-01-01,
2013-01-02,
2013-01-03,
2013-01-04,
2013-01-05,
2013-01-06,
2013-01-07,
2013-01-08,
2013-01-09,
2013-01-10,
2013-01-11,
2013-01-12,
2013-01-13,
2013-01-14,
2013-01-15,
2013-01-16,
2013-01-17,
2013-01-18,
2013-01-19,
2013-01-20,
2013-01-21,
2013-01-22,
2013-01-23,
2013-01-24,
2013-01-25,
2013-01-26,
2013-01-27,
2013-01-28,
2013-01-29,
2013-01-30,
2013-01-31,
2013-02-01,
2013-02-02,
2013-02-03,
2013-02-04,
2013-02-05,
2013-02-06,
2013-02-07,
2013-02-08,
2013-02-09,
2013-02-10,
2013-02-11,
2013-02-12,
2013-02-13,
2013-02-14,
2013-02-15,
2013-02-16,
2013-02-17,
2013-02-18,
2013-02-19,
2013-02-20,
2013-02-21,
2013-02-22,
2013-02-23,
2013-02-24,
2013-02-25,
2013-02-26,
2013-02-27,
2013-02-28,
2013-03-01,
2013-03-02,
2013-03-03,
2013-03-04,
2013-03-05,
2013-03-06,
2013-03-07,
2013-03-08,
2013-03-09,
2013-03-10,
2013-03-11,
2013-03-12,
2013-03-13,
2013-03-14,
2013-03-15,
2013-03-16,
2013-03-17,
2013-03-18,
2013-03-19,
2013-03-20,
2013-03-21,
2013-03-22,
2013-03-23,
2013-03-24,
2013-03-25,
2013-03-26,
2013-03-27,
2013-03-28,
2013-03-29,
2013-03-30,
2013-03-31,
2013-04-01,
2013-04-02,
2013-04-03,0.0
2013-04-04,0.0
2013-04-05,0.0
2013-04-06,0.0
2013-04-07,0.0
2013-04-08,0.0
2013-04-09,0.0
2013-04-10,0.0
2013-04-11,0.0
2013-04-12,0.0
2013-04-13,0.0
2013-04-14,0.0
2013-04-15,0.0
2013-04-16,0.0
2013-04-17,0.0
2013-04-18,0.3
2013-04-19,0.0
2013-04-20,10.0
2013-04-21,11.0
2013-04-22,1.3
2013-04-23,0.0
2013-04-24,0.3
2013-04-25,5.0
2013-04-26,4.8
2013-04-27,0.0
2013-04-28,0.0
2013-04-29,0.0
2013-04-30,0.0
2013-05-01,0.0
2013-05-02,0.3
2013-05-03,0.0
2013-05-04,0.3
2013-05-05,0.0
2013-05-06,0.0
2013-05-07,0.0
2013-05-08,0.0
2013-05-09,0.8
2013-05-10,0.5
2013-05-11,1.8
2013-05-12,4.0
2013-05-13,1.0
2013-05-14,2.8
2013-05-15,1.3
2013-05-16,0.3
2013-05-17,1.0
2013-05-18,0.3
2013-05-19,1.5
2013-05-20,2.0
2013-05-21,0.0
2013-05-22,0.0
2013-05-23,0.0
2013-05-24,0.0
2013-05-25,0.0
2013-05-26,0.0
2013-05-27,0.3
2013-05-28,0.8
2013-05-29,0.0
2013-05-30,0.0
2013-05-31,0.0
2013-06-01,
2013-06-02,
2013-06-03,
2013-06-04,
2013-06-05,
2013-06-06,
2013-06-07,
2013-06-08,
2013-06-09,
2013-06-10,
2013-06-11,
2013-06-12,
2013-06-13,
2013-06-14,
2013-06-15,
2013-06-16,
2013-06-17,
2013-06-18,
2013-06-19,
2013-06-20,
2013-06-21,
2013-06-22,
2013-06-23,
2013-06-24,
2013-06-25,
2013-06-26,
2013-06-27,
2013-06-28,
2013-06-29,
2013-06-30,
2013-07-01,
2013-07-02,
2013-07-03,
2013-07-04,
2013-07-05,
2013-07-06,
2013-07-07,
2013-07-08,
2013-07-09,
2013-07-10,
2013-07-11,
2013-07-12,
2013-07-13,
2013-07-14,
2013-07-15,
2013-07-16,
2013-07-17,
2013-07-18,
2013-07-19,
2013-07-20,
2013-07-21,
2013-07-22,
2013-07-23,
2013-07-24,
2013-07-25,
2013-07-26,
2013-07-27,
2013-07-28,
2013-07-29,
2013-07-30,
2013-07-31,
2013-08-01,
2013-08-02,
2013-08-03,
2013-08-04,
2013-08-05,
2013-08-06,
2013-08-07,
2013-08-08,
2013-08-09,
2013-08-10,
2013-08-11,
2013-08-12,
2013-08-13,
2013-08-14,
2013-08-15,
2013-08-16,
2013-08-17,
2013-08-18,
2013-08-19,
2013-08-20,
2013-08-21,
2013-08-22,
2013-08-23,
2013-08-24,
2013-08-25,
2013-08-26,
2013-08-27,
2013-08-28,
2013-08-29,
2013-08-30,
2013-08-31,
2013-09-01,
2013-09-02,
2013-09-03,
2013-09-04,
2013-09-05,
2013-09-06,
2013-09-07,
2013-09-08,
2013-09-09,
2013-09-10,
2013-09-11,
2013-09-12,
2013-09-13,
2013-09-14,
2013-09-15,
2013-09-16,
2013-09-17,
2013-09-18,
2013-09-19,
2013-09-20,
2013-09-21,
2013-09-22,
2013-09-23,
2013-09-24,
2013-09-25,
2013-09-26,
2013-09-27,
2013-09-28,
2013-09-29,
2013-09-30,
2013-10-01,
2013-10-02,
2013-10-03,
2013-10-04,0.3
2013-10-05,0.0
2013-10-06,0.0
2013-10-07,0.0
2013-10-08,0.0
2013-10-09,12.0
2013-10-10,7.3
2013-10-11,1.0
2013-10-12,2.5
2013-10-13,1.0
2013-10-14,2.5
2013-10-15,3.3
2013-10-16,2.8
2013-10-17,0.0
2013-10-18,0.0
2013-10-19,0.0
2013-10-20,0.0
2013-10-21,0.0
2013-10-22,0.0
2013-10-23,0.0
2013-10-24,0.0
2013-10-25,0.0
2013-10-26,0.0
2013-10-27,0.0
2013-10-28,0.0
2013-10-29,0.0
2013-10-30,0.0
2013-10-31,0.0
2013-11-01,0.0
2013-11-02,0.0
2013-11-03,0.0
2013-11-04,0.0
2013-11-05,0.0
2013-11-06,0.0
2013-11-07,0.0
2013-11-08,0.0
2013-11-09,0.0
2013-11-10,0.0
2013-11-11,0.5
2013-11-12,0.0
2013-11-13,0.0
2013-11-14,0.0
2013-11-15,0.3
2013-11-16,0.0
2013-11-17,0.0
2013-11-18,0.0
2013-11-19,2.3
2013-11-20,5.3
2013-11-21,0.0
2013-11-22,0.0
2013-11-23,46.0
2013-11-24,33.0
2013-11-25,0.0
2013-11-26,0.0
2013-11-27,0.0
2013-11-28,30.8
2013-11-29,0.0
2013-11-30,0.0
2013-12-01,0.0
2013-12-02,0.3
2013-12-03,0.0
2013-12-04,0.0
2013-12-05,0.0
2013-12-06,0.0
2013-12-07,18.3
2013-12-08,2.8
2013-12-09,0.0
2013-12-10,0.0
2013-12-11,0.0
2013-12-12,5.0
2013-12-13,21.5
2013-12-14,1.3
2013-12-15,0.5
2013-12-16,0.0
2013-12-17,11.8
2013-12-18,2.5
2013-12-19,2.3
2013-12-20,15.3
2013-12-21,31.5
2013-12-22,1.8
2013-12-23,0.0
2013-12-24,0.0
2013-12-25,0.0
2013-12-26,0.0
2013-12-27,0.0
2013-12-28,0.0
2013-12-29,0.0
2013-12-30,0.0
2013-12-31,0.0
2014-01-01,0.0
2014-01-02,0.0
2014-01-03,0.0
2014-01-04,0.0
2014-01-05,0.0
2014-01-06,0.0
2014-01-07,0.0
2014-01-08,0.3
2014-01-09,0.0
2014-01-10,0.0
2014-01-11,0.0
2014-01-12,1.0
2014-01-13,0.0
2014-01-14,0.0
2014-01-15,0.0
2014-01-16,0.0
2014-01-17,0.0
2014-01-18,0.0
2014-01-19,0.0
2014-01-20,0.0
2014-01-21,0.0
2014-01-22,0.0
2014-01-23,0.0
2014-01-24,0.0
2014-01-25,0.0
2014-01-26,0.0
2014-01-27,15.8
2014-01-28,0.0
2014-01-29,0.0
2014-01-30,1.5
2014-01-31,0.0
2014-02-01,1.0
2014-02-02,0.0
2014-02-03,0.0
2014-02-04,0.8
2014-02-05,3.3
2014-02-06,34.0
2014-02-07,27.0
2014-02-08,0.0
2014-02-09,0.0
2014-02-10,1.3
2014-02-11,0.0
2014-02-12,0.0
2014-02-13,0.0
2014-02-14,0.0
2014-02-15,0.0
2014-02-16,0.0
2014-02-17,0.0
2014-02-18,0.0
2014-02-19,0.0
2014-02-20,0.3
2014-02-21,0.5
2014-02-22,0.0
2014-02-23,0.5
2014-02-24,1.0
2014-02-25,0.3
2014-02-26,0.0
2014-02-27,0.0
2014-02-28,0.0
2014-03-01,32.8
2014-03-02,2.5
2014-03-03,7.0
2014-03-04,0.5
2014-03-05,3.5
2014-03-06,0.0
2014-03-07,0.0
2014-03-08,0.0
2014-03-09,0.0
2014-03-10,1.0
2014-03-11,2.3
2014-03-12,3.0
2014-03-13,0.3
2014-03-14,0.0
2014-03-15,0.3
2014-03-16,6.3
2014-03-17,0.3
2014-03-18,0.0
2014-03-19,0.0
2014-03-20,
2014-03-21,
2014-03-22,
2014-03-23,
2014-03-24,
2014-03-25,
2014-03-26,
2014-03-27,
2014-03-28,
2014-03-29,
2014-03-30,
2014-03-31,
