Datas,2648021
1952-10-01,0.1
1952-10-02,0.0
1952-10-03,0.0
1952-10-04,0.1
1952-10-05,0.4
1952-10-06,2.4
1952-10-07,8.2
1952-10-08,12.6
1952-10-09,7.2
1952-10-10,0.1
1952-10-11,0.3
1952-10-12,0.8
1952-10-13,9.8
1952-10-14,41.6
1952-10-15,0.0
1952-10-16,0.0
1952-10-17,0.2
1952-10-18,11.2
1952-10-19,42.6
1952-10-20,0.2
1952-10-21,26.2
1952-10-22,1.4
1952-10-23,1.2
1952-10-24,1.4
1952-10-25,2.8
1952-10-26,4.5
1952-10-27,1.2
1952-10-28,66.4
1952-10-29,5.2
1952-10-30,17.4
1952-10-31,0.1
1952-11-01,3.4
1952-11-02,42.3
1952-11-03,25.2
1952-11-04,14.8
1952-11-05,16.2
1952-11-06,4.2
1952-11-07,3.2
1952-11-08,3.4
1952-11-09,2.6
1952-11-10,6.4
1952-11-11,4.6
1952-11-12,2.2
1952-11-13,2.3
1952-11-14,1.2
1952-11-15,2.4
1952-11-16,1.4
1952-11-17,2.4
1952-11-18,17.6
1952-11-19,34.8
1952-11-20,23.6
1952-11-21,0.1
1952-11-22,9.6
1952-11-23,2.2
1952-11-24,3.4
1952-11-25,6.5
1952-11-26,1.2
1952-11-27,0.8
1952-11-28,0.2
1952-11-29,0.2
1952-11-30,4.8
1952-12-01,0.3
1952-12-02,0.1
1952-12-03,0.0
1952-12-04,0.1
1952-12-05,1.2
1952-12-06,0.1
1952-12-07,0.1
1952-12-08,0.3
1952-12-09,0.2
1952-12-10,0.0
1952-12-11,0.1
1952-12-12,0.2
1952-12-13,0.1
1952-12-14,0.4
1952-12-15,0.1
1952-12-16,0.1
1952-12-17,0.2
1952-12-18,0.1
1952-12-19,11.8
1952-12-20,0.1
1952-12-21,0.2
1952-12-22,0.1
1952-12-23,0.1
1952-12-24,0.1
1952-12-25,3.6
1952-12-26,0.1
1952-12-27,0.2
1952-12-28,0.2
1952-12-29,0.2
1952-12-30,21.4
1952-12-31,53.6
1953-01-01,0.2
1953-01-02,0.2
1953-01-03,0.1
1953-01-04,0.4
1953-01-05,37.2
1953-01-06,16.2
1953-01-07,12.4
1953-01-08,24.2
1953-01-09,0.2
1953-01-10,0.1
1953-01-11,0.3
1953-01-12,0.2
1953-01-13,20.2
1953-01-14,15.4
1953-01-15,0.4
1953-01-16,9.2
1953-01-17,0.2
1953-01-18,0.4
1953-01-19,11.2
1953-01-20,0.3
1953-01-21,0.1
1953-01-22,0.2
1953-01-23,0.3
1953-01-24,0.4
1953-01-25,46.4
1953-01-26,0.9
1953-01-27,19.2
1953-01-28,7.6
1953-01-29,0.5
1953-01-30,37.4
1953-01-31,0.5
1953-02-01,26.8
1953-02-02,34.7
1953-02-03,0.6
1953-02-04,0.2
1953-02-05,0.1
1953-02-06,0.2
1953-02-07,0.6
1953-02-08,0.4
1953-02-09,2.3
1953-02-10,0.2
1953-02-11,0.1
1953-02-12,8.2
1953-02-13,42.3
1953-02-14,32.4
1953-02-15,0.8
1953-02-16,0.2
1953-02-17,8.2
1953-02-18,0.4
1953-02-19,0.2
1953-02-20,0.2
1953-02-21,0.1
1953-02-22,22.4
1953-02-23,0.4
1953-02-24,0.2
1953-02-25,0.3
1953-02-26,0.6
1953-02-27,0.6
1953-02-28,0.0
1953-03-01,0.0
1953-03-02,0.0
1953-03-03,3.3
1953-03-04,19.1
1953-03-05,4.2
1953-03-06,9.0
1953-03-07,45.1
1953-03-08,28.3
1953-03-09,8.4
1953-03-10,4.3
1953-03-11,1.7
1953-03-12,1.7
1953-03-13,0.7
1953-03-14,1.2
1953-03-15,5.3
1953-03-16,0.0
1953-03-17,4.4
1953-03-18,16.3
1953-03-19,2.2
1953-03-20,8.1
1953-03-21,18.0
1953-03-22,1.5
1953-03-23,0.0
1953-03-24,0.3
1953-03-25,0.0
1953-03-26,0.6
1953-03-27,1.3
1953-03-28,0.1
1953-03-29,0.0
1953-03-30,0.0
1953-03-31,0.5
1953-04-01,0.0
1953-04-02,0.0
1953-04-03,8.0
1953-04-04,0.1
1953-04-05,40.0
1953-04-06,7.0
1953-04-07,0.0
1953-04-08,13.3
1953-04-09,0.0
1953-04-10,0.0
1953-04-11,0.0
1953-04-12,3.4
1953-04-13,1.3
1953-04-14,0.0
1953-04-15,0.0
1953-04-16,7.3
1953-04-17,15.4
1953-04-18,0.0
1953-04-19,0.0
1953-04-20,0.1
1953-04-21,0.0
1953-04-22,5.7
1953-04-23,0.0
1953-04-24,0.0
1953-04-25,0.0
1953-04-26,2.2
1953-04-27,0.0
1953-04-28,0.1
1953-04-29,0.0
1953-04-30,0.0
1953-05-01,0.0
1953-05-02,0.0
1953-05-03,0.0
1953-05-04,0.0
1953-05-05,0.1
1953-05-06,0.0
1953-05-07,0.0
1953-05-08,1.9
1953-05-09,0.1
1953-05-10,0.1
1953-05-11,15.0
1953-05-12,21.3
1953-05-13,2.3
1953-05-14,3.2
1953-05-15,1.2
1953-05-16,14.1
1953-05-17,10.4
1953-05-18,2.3
1953-05-19,4.2
1953-05-20,0.0
1953-05-21,0.0
1953-05-22,0.0
1953-05-23,0.0
1953-05-24,2.4
1953-05-25,16.3
1953-05-26,6.1
1953-05-27,0.2
1953-05-28,0.0
1953-05-29,0.0
1953-05-30,0.0
1953-05-31,17.0
1953-06-01,0.0
1953-06-02,0.0
1953-06-03,0.0
1953-06-04,0.1
1953-06-05,0.0
1953-06-06,0.0
1953-06-07,1.2
1953-06-08,2.8
1953-06-09,0.6
1953-06-10,0.1
1953-06-11,0.0
1953-06-12,0.0
1953-06-13,0.2
1953-06-14,0.0
1953-06-15,0.2
1953-06-16,0.2
1953-06-17,0.2
1953-06-18,0.1
1953-06-19,0.0
1953-06-20,0.0
1953-06-21,0.0
1953-06-22,0.0
1953-06-23,0.0
1953-06-24,0.0
1953-06-25,0.0
1953-06-26,0.0
1953-06-27,0.0
1953-06-28,2.8
1953-06-29,0.6
1953-06-30,0.0
1953-07-01,0.0
1953-07-02,3.3
1953-07-03,0.0
1953-07-04,4.2
1953-07-05,0.0
1953-07-06,0.1
1953-07-07,0.0
1953-07-08,0.1
1953-07-09,0.0
1953-07-10,4.2
1953-07-11,0.0
1953-07-12,0.0
1953-07-13,0.0
1953-07-14,0.1
1953-07-15,0.0
1953-07-16,0.0
1953-07-17,0.0
1953-07-18,0.1
1953-07-19,21.3
1953-07-20,12.1
1953-07-21,0.0
1953-07-22,0.1
1953-07-23,13.0
1953-07-24,1.7
1953-07-25,0.0
1953-07-26,0.0
1953-07-27,0.0
1953-07-28,0.0
1953-07-29,0.0
1953-07-30,0.0
1953-07-31,0.0
1953-08-01,0.0
1953-08-02,0.0
1953-08-03,0.0
1953-08-04,0.0
1953-08-05,0.0
1953-08-06,0.1
1953-08-07,0.0
1953-08-08,0.1
1953-08-09,0.0
1953-08-10,0.1
1953-08-11,0.0
1953-08-12,0.0
1953-08-13,0.0
1953-08-14,0.0
1953-08-15,0.0
1953-08-16,0.1
1953-08-17,0.1
1953-08-18,4.0
1953-08-19,0.9
1953-08-20,0.1
1953-08-21,0.4
1953-08-22,0.0
1953-08-23,0.0
1953-08-24,7.0
1953-08-25,0.0
1953-08-26,0.0
1953-08-27,37.0
1953-08-28,2.3
1953-08-29,14.3
1953-08-30,11.0
1953-08-31,0.0
1953-09-01,0.1
1953-09-02,0.0
1953-09-03,0.0
1953-09-04,0.0
1953-09-05,0.0
1953-09-06,0.0
1953-09-07,9.3
1953-09-08,7.1
1953-09-09,2.1
1953-09-10,4.0
1953-09-11,13.0
1953-09-12,0.3
1953-09-13,0.0
1953-09-14,0.0
1953-09-15,0.1
1953-09-16,46.0
1953-09-17,0.0
1953-09-18,0.0
1953-09-19,1.8
1953-09-20,2.2
1953-09-21,0.9
1953-09-22,0.0
1953-09-23,0.0
1953-09-24,0.2
1953-09-25,0.8
1953-09-26,7.0
1953-09-27,0.3
1953-09-28,0.6
1953-09-29,0.0
1953-09-30,0.0
1953-10-01,0.0
1953-10-02,2.3
1953-10-03,12.1
1953-10-04,4.1
1953-10-05,26.3
1953-10-06,4.4
1953-10-07,0.0
1953-10-08,0.0
1953-10-09,4.1
1953-10-10,3.3
1953-10-11,0.6
1953-10-12,0.0
1953-10-13,10.4
1953-10-14,14.2
1953-10-15,9.4
1953-10-16,0.0
1953-10-17,39.2
1953-10-18,4.2
1953-10-19,35.0
1953-10-20,1.6
1953-10-21,0.7
1953-10-22,1.5
1953-10-23,28.0
1953-10-24,0.0
1953-10-25,0.0
1953-10-26,0.0
1953-10-27,12.2
1953-10-28,32.2
1953-10-29,9.3
1953-10-30,12.4
1953-10-31,28.2
1953-11-01,6.5
1953-11-02,0.1
1953-11-03,0.0
1953-11-04,0.0
1953-11-05,0.0
1953-11-06,0.0
1953-11-07,0.2
1953-11-08,26.3
1953-11-09,8.0
1953-11-10,48.2
1953-11-11,0.2
1953-11-12,29.1
1953-11-13,66.3
1953-11-14,17.1
1953-11-15,3.4
1953-11-16,1.1
1953-11-17,0.0
1953-11-18,0.0
1953-11-19,3.3
1953-11-20,24.3
1953-11-21,1.4
1953-11-22,1.4
1953-11-23,1.6
1953-11-24,0.0
1953-11-25,0.1
1953-11-26,4.2
1953-11-27,0.8
1953-11-28,0.0
1953-11-29,11.4
1953-11-30,16.0
1953-12-01,6.3
1953-12-02,14.4
1953-12-03,7.2
1953-12-04,56.2
1953-12-05,36.1
1953-12-06,24.4
1953-12-07,7.0
1953-12-08,4.6
1953-12-09,2.2
1953-12-10,2.1
1953-12-11,0.0
1953-12-12,0.0
1953-12-13,0.0
1953-12-14,11.4
1953-12-15,63.4
1953-12-16,15.0
1953-12-17,24.2
1953-12-18,1.3
1953-12-19,0.0
1953-12-20,1.9
1953-12-21,0.0
1953-12-22,0.4
1953-12-23,4.7
1953-12-24,0.0
1953-12-25,0.0
1953-12-26,0.0
1953-12-27,0.0
1953-12-28,0.0
1953-12-29,3.4
1953-12-30,0.4
1953-12-31,0.0
1954-01-01,0.0
1954-01-02,0.0
1954-01-03,16.3
1954-01-04,24.3
1954-01-05,0.0
1954-01-06,0.0
1954-01-07,3.1
1954-01-08,22.0
1954-01-09,5.4
1954-01-10,0.0
1954-01-11,9.3
1954-01-12,18.2
1954-01-13,13.3
1954-01-14,32.0
1954-01-15,22.3
1954-01-16,15.1
1954-01-17,2.3
1954-01-18,2.5
1954-01-19,20.0
1954-01-20,0.0
1954-01-21,0.0
1954-01-22,0.0
1954-01-23,0.0
1954-01-24,0.0
1954-01-25,0.0
1954-01-26,0.0
1954-01-27,0.0
1954-01-28,0.0
1954-01-29,0.0
1954-01-30,0.0
1954-01-31,8.4
1954-02-01,21.3
1954-02-02,0.0
1954-02-03,0.0
1954-02-04,0.0
1954-02-05,2.2
1954-02-06,36.3
1954-02-07,21.2
1954-02-08,8.1
1954-02-09,2.3
1954-02-10,0.0
1954-02-11,44.1
1954-02-12,9.0
1954-02-13,3.0
1954-02-14,8.4
1954-02-15,16.4
1954-02-16,13.0
1954-02-17,5.2
1954-02-18,0.4
1954-02-19,0.0
1954-02-20,8.2
1954-02-21,0.1
1954-02-22,23.2
1954-02-23,2.9
1954-02-24,0.0
1954-02-25,0.0
1954-02-26,0.4
1954-02-27,3.4
1954-02-28,0.0
1954-03-01,13.2
1954-03-02,11.1
1954-03-03,14.4
1954-03-04,9.1
1954-03-05,10.1
1954-03-06,32.0
1954-03-07,3.2
1954-03-08,64.3
1954-03-09,0.0
1954-03-10,0.0
1954-03-11,17.3
1954-03-12,11.3
1954-03-13,0.4
1954-03-14,0.2
1954-03-15,0.0
1954-03-16,4.1
1954-03-17,0.0
1954-03-18,1.9
1954-03-19,1.6
1954-03-20,15.0
1954-03-21,3.4
1954-03-22,0.0
1954-03-23,0.0
1954-03-24,0.0
1954-03-25,0.0
1954-03-26,0.0
1954-03-27,0.0
1954-03-28,8.2
1954-03-29,7.0
1954-03-30,17.0
1954-03-31,7.0
1954-04-01,220.1
1954-04-02,127.3
1954-04-03,52.2
1954-04-04,0.0
1954-04-05,3.5
1954-04-06,0.3
1954-04-07,0.0
1954-04-08,1.5
1954-04-09,2.2
1954-04-10,0.0
1954-04-11,0.0
1954-04-12,23.3
1954-04-13,8.0
1954-04-14,4.7
1954-04-15,1.6
1954-04-16,18.2
1954-04-17,4.2
1954-04-18,0.4
1954-04-19,0.0
1954-04-20,0.0
1954-04-21,0.4
1954-04-22,0.0
1954-04-23,0.0
1954-04-24,0.0
1954-04-25,0.0
1954-04-26,0.0
1954-04-27,1.9
1954-04-28,0.8
1954-04-29,0.0
1954-04-30,3.0
1954-05-01,4.1
1954-05-02,0.0
1954-05-03,5.7
1954-05-04,1.1
1954-05-05,4.3
1954-05-06,0.0
1954-05-07,0.0
1954-05-08,0.0
1954-05-09,0.0
1954-05-10,37.2
1954-05-11,18.1
1954-05-12,0.0
1954-05-13,47.0
1954-05-14,0.5
1954-05-15,0.0
1954-05-16,0.0
1954-05-17,40.0
1954-05-18,51.2
1954-05-19,12.3
1954-05-20,2.1
1954-05-21,0.0
1954-05-22,0.0
1954-05-23,0.0
1954-05-24,1.0
1954-05-25,34.1
1954-05-26,0.3
1954-05-27,0.1
1954-05-28,0.0
1954-05-29,0.2
1954-05-30,0.2
1954-05-31,0.4
1954-06-01,1.0
1954-06-02,0.0
1954-06-03,0.0
1954-06-04,9.2
1954-06-05,7.4
1954-06-06,15.0
1954-06-07,4.2
1954-06-08,2.1
1954-06-09,3.3
1954-06-10,0.0
1954-06-11,16.2
1954-06-12,0.4
1954-06-13,0.0
1954-06-14,5.1
1954-06-15,0.4
1954-06-16,0.8
1954-06-17,19.1
1954-06-18,2.3
1954-06-19,4.4
1954-06-20,0.0
1954-06-21,0.0
1954-06-22,2.0
1954-06-23,4.3
1954-06-24,5.0
1954-06-25,0.0
1954-06-26,0.0
1954-06-27,0.1
1954-06-28,0.0
1954-06-29,0.0
1954-06-30,0.3
1954-07-01,0.0
1954-07-02,18.0
1954-07-03,8.3
1954-07-04,16.0
1954-07-05,0.1
1954-07-06,0.2
1954-07-07,0.0
1954-07-08,0.0
1954-07-09,0.0
1954-07-10,0.0
1954-07-11,0.0
1954-07-12,0.0
1954-07-13,14.1
1954-07-14,0.3
1954-07-15,9.2
1954-07-16,14.0
1954-07-17,0.4
1954-07-18,0.6
1954-07-19,0.0
1954-07-20,0.0
1954-07-21,0.0
1954-07-22,18.2
1954-07-23,1.6
1954-07-24,1.5
1954-07-25,24.3
1954-07-26,4.2
1954-07-27,5.1
1954-07-28,5.0
1954-07-29,0.0
1954-07-30,0.0
1954-07-31,0.0
1954-08-01,0.0
1954-08-02,0.0
1954-08-03,0.0
1954-08-04,0.1
1954-08-05,0.0
1954-08-06,0.1
1954-08-07,0.0
1954-08-08,0.0
1954-08-09,0.0
1954-08-10,0.0
1954-08-11,0.0
1954-08-12,0.0
1954-08-13,0.1
1954-08-14,0.1
1954-08-15,0.1
1954-08-16,0.3
1954-08-17,0.3
1954-08-18,0.0
1954-08-19,0.2
1954-08-20,8.3
1954-08-21,31.0
1954-08-22,0.1
1954-08-23,0.0
1954-08-24,0.1
1954-08-25,0.2
1954-08-26,6.4
1954-08-27,7.0
1954-08-28,12.3
1954-08-29,1.2
1954-08-30,1.6
1954-08-31,0.2
1954-09-01,0.1
1954-09-02,0.1
1954-09-03,0.1
1954-09-04,0.0
1954-09-05,0.1
1954-09-06,0.1
1954-09-07,2.6
1954-09-08,0.2
1954-09-09,0.7
1954-09-10,0.6
1954-09-11,1.7
1954-09-12,0.8
1954-09-13,15.0
1954-09-14,1.2
1954-09-15,9.2
1954-09-16,13.0
1954-09-17,0.6
1954-09-18,0.2
1954-09-19,24.0
1954-09-20,0.0
1954-09-21,23.0
1954-09-22,10.2
1954-09-23,0.0
1954-09-24,0.0
1954-09-25,0.4
1954-09-26,23.0
1954-09-27,7.0
1954-09-28,54.3
1954-09-29,15.4
1954-09-30,2.6
1954-10-01,13.3
1954-10-02,10.4
1954-10-03,39.2
1954-10-04,14.2
1954-10-05,0.0
1954-10-06,42.2
1954-10-07,14.4
1954-10-08,6.0
1954-10-09,6.3
1954-10-10,0.8
1954-10-11,3.0
1954-10-12,2.0
1954-10-13,2.3
1954-10-14,0.3
1954-10-15,1.3
1954-10-16,12.3
1954-10-17,15.2
1954-10-18,21.2
1954-10-19,5.4
1954-10-20,2.0
1954-10-21,62.0
1954-10-22,43.2
1954-10-23,0.0
1954-10-24,0.0
1954-10-25,0.0
1954-10-26,0.0
1954-10-27,0.0
1954-10-28,3.0
1954-10-29,1.5
1954-10-30,31.1
1954-10-31,0.0
1954-11-01,0.0
1954-11-02,0.0
1954-11-03,0.0
1954-11-04,2.1
1954-11-05,1.3
1954-11-06,0.2
1954-11-07,0.0
1954-11-08,0.0
1954-11-09,0.0
1954-11-10,0.2
1954-11-11,12.3
1954-11-12,10.3
1954-11-13,1.6
1954-11-14,0.2
1954-11-15,0.0
1954-11-16,0.0
1954-11-17,0.0
1954-11-18,0.0
1954-11-19,5.3
1954-11-20,0.0
1954-11-21,0.0
1954-11-22,0.0
1954-11-23,2.0
1954-11-24,4.2
1954-11-25,0.0
1954-11-26,0.0
1954-11-27,0.0
1954-11-28,0.2
1954-11-29,46.0
1954-11-30,5.3
1954-12-01,3.2
1954-12-02,0.0
1954-12-03,0.0
1954-12-04,0.0
1954-12-05,0.0
1954-12-06,0.0
1954-12-07,1.4
1954-12-08,0.0
1954-12-09,0.0
1954-12-10,0.0
1954-12-11,34.0
1954-12-12,0.0
1954-12-13,7.3
1954-12-14,0.0
1954-12-15,0.0
1954-12-16,0.0
1954-12-17,24.1
1954-12-18,9.0
1954-12-19,27.4
1954-12-20,0.0
1954-12-21,0.0
1954-12-22,0.4
1954-12-23,0.0
1954-12-24,0.0
1954-12-25,0.0
1954-12-26,1.0
1954-12-27,0.0
1954-12-28,4.2
1954-12-29,0.0
1954-12-30,6.3
1954-12-31,0.0
1955-01-01,0.0
1955-01-02,2.4
1955-01-03,10.3
1955-01-04,0.2
1955-01-05,3.7
1955-01-06,0.1
1955-01-07,0.0
1955-01-08,0.0
1955-01-09,9.3
1955-01-10,2.1
1955-01-11,5.3
1955-01-12,9.0
1955-01-13,0.0
1955-01-14,28.0
1955-01-15,6.4
1955-01-16,0.1
1955-01-17,17.0
1955-01-18,0.0
1955-01-19,0.0
1955-01-20,0.0
1955-01-21,0.0
1955-01-22,0.0
1955-01-23,0.9
1955-01-24,6.6
1955-01-25,0.0
1955-01-26,0.0
1955-01-27,0.1
1955-01-28,0.1
1955-01-29,5.0
1955-01-30,0.1
1955-01-31,0.1
1955-02-01,0.0
1955-02-02,9.1
1955-02-03,3.8
1955-02-04,3.5
1955-02-05,0.0
1955-02-06,0.0
1955-02-07,2.6
1955-02-08,0.0
1955-02-09,0.0
1955-02-10,3.6
1955-02-11,37.0
1955-02-12,52.0
1955-02-13,2.0
1955-02-14,0.0
1955-02-15,3.1
1955-02-16,0.0
1955-02-17,14.2
1955-02-18,0.1
1955-02-19,0.1
1955-02-20,0.0
1955-02-21,12.1
1955-02-22,63.0
1955-02-23,24.2
1955-02-24,0.0
1955-02-25,0.0
1955-02-26,0.0
1955-02-27,55.2
1955-02-28,17.0
1955-03-01,6.3
1955-03-02,0.4
1955-03-03,0.0
1955-03-04,0.0
1955-03-05,3.4
1955-03-06,14.4
1955-03-07,0.3
1955-03-08,8.2
1955-03-09,1.2
1955-03-10,0.0
1955-03-11,8.2
1955-03-12,3.3
1955-03-13,0.0
1955-03-14,0.1
1955-03-15,0.0
1955-03-16,6.0
1955-03-17,0.0
1955-03-18,0.4
1955-03-19,0.8
1955-03-20,0.0
1955-03-21,0.0
1955-03-22,28.2
1955-03-23,0.0
1955-03-24,0.1
1955-03-25,0.0
1955-03-26,0.8
1955-03-27,11.4
1955-03-28,19.4
1955-03-29,2.1
1955-03-30,2.2
1955-03-31,0.0
1955-04-01,0.0
1955-04-02,0.0
1955-04-03,0.2
1955-04-04,2.3
1955-04-05,21.2
1955-04-06,7.3
1955-04-07,2.4
1955-04-08,1.6
1955-04-09,0.0
1955-04-10,27.2
1955-04-11,0.0
1955-04-12,0.0
1955-04-13,0.0
1955-04-14,2.7
1955-04-15,9.0
1955-04-16,5.3
1955-04-17,4.8
1955-04-18,0.0
1955-04-19,5.3
1955-04-20,1.1
1955-04-21,5.1
1955-04-22,0.0
1955-04-23,0.0
1955-04-24,0.0
1955-04-25,0.0
1955-04-26,0.0
1955-04-27,0.0
1955-04-28,2.0
1955-04-29,0.0
1955-04-30,0.2
1955-05-01,0.1
1955-05-02,0.0
1955-05-03,0.0
1955-05-04,0.0
1955-05-05,0.0
1955-05-06,10.0
1955-05-07,0.0
1955-05-08,0.2
1955-05-09,0.1
1955-05-10,0.0
1955-05-11,0.0
1955-05-12,0.0
1955-05-13,0.0
1955-05-14,0.0
1955-05-15,3.5
1955-05-16,10.3
1955-05-17,135.2
1955-05-18,37.3
1955-05-19,54.1
1955-05-20,20.3
1955-05-21,0.0
1955-05-22,0.0
1955-05-23,0.0
1955-05-24,0.0
1955-05-25,0.0
1955-05-26,0.3
1955-05-27,0.1
1955-05-28,0.1
1955-05-29,0.0
1955-05-30,2.0
1955-05-31,0.0
1955-06-01,18.2
1955-06-02,2.4
1955-06-03,0.3
1955-06-04,0.0
1955-06-05,0.0
1955-06-06,0.0
1955-06-07,0.0
1955-06-08,2.3
1955-06-09,1.8
1955-06-10,0.3
1955-06-11,0.9
1955-06-12,23.4
1955-06-13,25.0
1955-06-14,0.1
1955-06-15,0.0
1955-06-16,4.4
1955-06-17,10.2
1955-06-18,7.4
1955-06-19,11.3
1955-06-20,3.4
1955-06-21,0.5
1955-06-22,24.1
1955-06-23,12.3
1955-06-24,0.1
1955-06-25,0.0
1955-06-26,0.0
1955-06-27,0.1
1955-06-28,0.1
1955-06-29,0.2
1955-06-30,0.1
1955-07-01,0.0
1955-07-02,6.0
1955-07-03,8.2
1955-07-04,67.0
1955-07-05,2.2
1955-07-06,20.3
1955-07-07,4.6
1955-07-08,0.1
1955-07-09,8.3
1955-07-10,8.1
1955-07-11,0.1
1955-07-12,0.0
1955-07-13,0.0
1955-07-14,0.1
1955-07-15,0.0
1955-07-16,0.0
1955-07-17,0.1
1955-07-18,0.2
1955-07-19,0.0
1955-07-20,0.1
1955-07-21,0.0
1955-07-22,0.1
1955-07-23,0.0
1955-07-24,0.2
1955-07-25,0.1
1955-07-26,0.1
1955-07-27,0.0
1955-07-28,30.0
1955-07-29,13.3
1955-07-30,9.2
1955-07-31,0.0
1955-08-01,0.1
1955-08-02,0.0
1955-08-03,0.0
1955-08-04,0.0
1955-08-05,0.0
1955-08-06,3.2
1955-08-07,4.3
1955-08-08,0.0
1955-08-09,0.1
1955-08-10,3.4
1955-08-11,0.0
1955-08-12,0.4
1955-08-13,0.0
1955-08-14,0.1
1955-08-15,5.1
1955-08-16,0.3
1955-08-17,0.0
1955-08-18,0.0
1955-08-19,0.0
1955-08-20,5.8
1955-08-21,0.1
1955-08-22,0.0
1955-08-23,0.3
1955-08-24,0.0
1955-08-25,5.2
1955-08-26,4.3
1955-08-27,8.4
1955-08-28,7.0
1955-08-29,0.0
1955-08-30,0.1
1955-08-31,0.0
1955-09-01,0.0
1955-09-02,0.0
1955-09-03,35.2
1955-09-04,36.2
1955-09-05,1.0
1955-09-06,0.5
1955-09-07,0.1
1955-09-08,0.2
1955-09-09,0.0
1955-09-10,0.1
1955-09-11,0.0
1955-09-12,0.1
1955-09-13,0.0
1955-09-14,0.1
1955-09-15,0.1
1955-09-16,0.1
1955-09-17,1.2
1955-09-18,8.1
1955-09-19,0.5
1955-09-20,2.6
1955-09-21,0.0
1955-09-22,0.0
1955-09-23,3.1
1955-09-24,8.2
1955-09-25,7.3
1955-09-26,2.3
1955-09-27,3.0
1955-09-28,0.0
1955-09-29,0.0
1955-09-30,0.2
1955-10-01,0.1
1955-10-02,0.0
1955-10-03,0.1
1955-10-04,0.2
1955-10-05,0.0
1955-10-06,0.0
1955-10-07,0.0
1955-10-08,4.2
1955-10-09,1.8
1955-10-10,0.0
1955-10-11,0.1
1955-10-12,5.3
1955-10-13,10.3
1955-10-14,0.0
1955-10-15,0.1
1955-10-16,2.3
1955-10-17,12.3
1955-10-18,2.0
1955-10-19,2.1
1955-10-20,0.0
1955-10-21,3.0
1955-10-22,0.0
1955-10-23,0.0
1955-10-24,0.0
1955-10-25,0.2
1955-10-26,0.0
1955-10-27,4.3
1955-10-28,6.4
1955-10-29,0.5
1955-10-30,3.1
1955-10-31,2.2
1955-11-01,10.3
1955-11-02,10.4
1955-11-03,9.2
1955-11-04,0.0
1955-11-05,0.0
1955-11-06,0.0
1955-11-07,0.0
1955-11-08,0.0
1955-11-09,0.0
1955-11-10,32.1
1955-11-11,18.0
1955-11-12,7.0
1955-11-13,0.0
1955-11-14,0.0
1955-11-15,0.0
1955-11-16,0.0
1955-11-17,0.3
1955-11-18,10.3
1955-11-19,4.5
1955-11-20,56.2
1955-11-21,46.0
1955-11-22,18.3
1955-11-23,2.0
1955-11-24,0.0
1955-11-25,0.1
1955-11-26,0.1
1955-11-27,0.1
1955-11-28,0.0
1955-11-29,0.1
1955-11-30,0.1
1955-12-01,5.2
1955-12-02,2.1
1955-12-03,73.3
1955-12-04,15.0
1955-12-05,0.0
1955-12-06,1.1
1955-12-07,0.0
1955-12-08,17.1
1955-12-09,0.1
1955-12-10,0.0
1955-12-11,0.6
1955-12-12,11.3
1955-12-13,0.0
1955-12-14,0.0
1955-12-15,0.0
1955-12-16,0.0
1955-12-17,18.0
1955-12-18,0.0
1955-12-19,1.0
1955-12-20,0.0
1955-12-21,0.0
1955-12-22,19.3
1955-12-23,0.3
1955-12-24,0.0
1955-12-25,0.1
1955-12-26,17.2
1955-12-27,8.2
1955-12-28,10.3
1955-12-29,13.4
1955-12-30,8.0
1955-12-31,0.0
1956-01-01,0.0
1956-01-02,0.0
1956-01-03,0.1
1956-01-04,0.1
1956-01-05,0.0
1956-01-06,28.2
1956-01-07,0.0
1956-01-08,0.0
1956-01-09,0.0
1956-01-10,8.3
1956-01-11,0.7
1956-01-12,0.0
1956-01-13,0.0
1956-01-14,0.0
1956-01-15,0.0
1956-01-16,0.0
1956-01-17,7.3
1956-01-18,3.2
1956-01-19,15.3
1956-01-20,5.2
1956-01-21,0.1
1956-01-22,94.4
1956-01-23,20.0
1956-01-24,42.1
1956-01-25,8.4
1956-01-26,3.4
1956-01-27,24.3
1956-01-28,3.0
1956-01-29,9.4
1956-01-30,6.3
1956-01-31,32.0
1956-02-01,0.0
1956-02-02,3.2
1956-02-03,0.4
1956-02-04,6.3
1956-02-05,0.0
1956-02-06,0.0
1956-02-07,6.2
1956-02-08,0.0
1956-02-09,8.0
1956-02-10,0.0
1956-02-11,14.4
1956-02-12,14.1
1956-02-13,6.1
1956-02-14,6.2
1956-02-15,0.0
1956-02-16,4.3
1956-02-17,0.5
1956-02-18,0.1
1956-02-19,0.0
1956-02-20,0.2
1956-02-21,17.3
1956-02-22,2.3
1956-02-23,0.0
1956-02-24,102.1
1956-02-25,1.7
1956-02-26,0.0
1956-02-27,67.0
1956-02-28,0.0
1956-02-29,4.2
1956-03-01,75.0
1956-03-02,1.1
1956-03-03,0.1
1956-03-04,0.0
1956-03-05,2.2
1956-03-06,2.1
1956-03-07,12.2
1956-03-08,2.6
1956-03-09,2.4
1956-03-10,81.0
1956-03-11,18.4
1956-03-12,3.0
1956-03-13,0.1
1956-03-14,28.0
1956-03-15,19.0
1956-03-16,12.0
1956-03-17,11.2
1956-03-18,12.4
1956-03-19,11.3
1956-03-20,0.0
1956-03-21,0.0
1956-03-22,0.0
1956-03-23,1.3
1956-03-24,0.0
1956-03-25,3.9
1956-03-26,0.0
1956-03-27,24.3
1956-03-28,103.2
1956-03-29,67.1
1956-03-30,7.1
1956-03-31,0.6
1956-04-01,3.3
1956-04-02,0.0
1956-04-03,0.4
1956-04-04,0.2
1956-04-05,0.2
1956-04-06,1.3
1956-04-07,0.0
1956-04-08,0.0
1956-04-09,7.0
1956-04-10,0.0
1956-04-11,42.3
1956-04-12,0.0
1956-04-13,0.0
1956-04-14,0.0
1956-04-15,0.2
1956-04-16,7.4
1956-04-17,8.3
1956-04-18,8.3
1956-04-19,48.4
1956-04-20,5.0
1956-04-21,4.4
1956-04-22,43.0
1956-04-23,2.0
1956-04-24,0.2
1956-04-25,0.0
1956-04-26,2.7
1956-04-27,2.3
1956-04-28,64.3
1956-04-29,0.0
1956-04-30,0.0
1956-05-01,0.0
1956-05-02,20.3
1956-05-03,0.1
1956-05-04,4.4
1956-05-05,22.2
1956-05-06,13.3
1956-05-07,2.5
1956-05-08,76.3
1956-05-09,3.3
1956-05-10,21.2
1956-05-11,0.0
1956-05-12,0.1
1956-05-13,0.0
1956-05-14,0.0
1956-05-15,0.1
1956-05-16,0.0
1956-05-17,0.1
1956-05-18,0.1
1956-05-19,0.1
1956-05-20,0.0
1956-05-21,5.8
1956-05-22,10.3
1956-05-23,0.0
1956-05-24,0.0
1956-05-25,1.4
1956-05-26,3.0
1956-05-27,2.2
1956-05-28,0.0
1956-05-29,0.2
1956-05-30,21.1
1956-05-31,3.0
1956-06-01,0.0
1956-06-02,0.0
1956-06-03,0.0
1956-06-04,0.0
1956-06-05,0.0
1956-06-06,0.0
1956-06-07,0.1
1956-06-08,0.1
1956-06-09,2.2
1956-06-10,0.0
1956-06-11,0.4
1956-06-12,5.3
1956-06-13,2.4
1956-06-14,1.6
1956-06-15,28.3
1956-06-16,0.1
1956-06-17,1.7
1956-06-18,2.9
1956-06-19,0.0
1956-06-20,0.0
1956-06-21,0.1
1956-06-22,1.3
1956-06-23,5.2
1956-06-24,7.2
1956-06-25,0.0
1956-06-26,28.0
1956-06-27,20.4
1956-06-28,0.0
1956-06-29,0.1
1956-06-30,0.1
1956-07-01,0.0
1956-07-02,0.1
1956-07-03,0.0
1956-07-04,18.0
1956-07-05,0.0
1956-07-06,0.1
1956-07-07,0.0
1956-07-08,0.0
1956-07-09,0.1
1956-07-10,0.0
1956-07-11,0.1
1956-07-12,0.0
1956-07-13,0.0
1956-07-14,8.4
1956-07-15,0.0
1956-07-16,0.0
1956-07-17,0.0
1956-07-18,0.2
1956-07-19,0.2
1956-07-20,0.0
1956-07-21,0.0
1956-07-22,0.0
1956-07-23,0.0
1956-07-24,11.3
1956-07-25,0.0
1956-07-26,0.0
1956-07-27,0.0
1956-07-28,0.0
1956-07-29,0.0
1956-07-30,0.0
1956-07-31,34.4
1956-08-01,9.1
1956-08-02,1.0
1956-08-03,1.0
1956-08-04,1.3
1956-08-05,0.0
1956-08-06,5.1
1956-08-07,10.4
1956-08-08,6.1
1956-08-09,9.0
1956-08-10,1.4
1956-08-11,0.0
1956-08-12,2.0
1956-08-13,0.0
1956-08-14,2.8
1956-08-15,2.4
1956-08-16,0.7
1956-08-17,0.0
1956-08-18,0.6
1956-08-19,0.5
1956-08-20,2.8
1956-08-21,0.1
1956-08-22,0.0
1956-08-23,10.0
1956-08-24,0.0
1956-08-25,0.0
1956-08-26,0.0
1956-08-27,0.1
1956-08-28,0.2
1956-08-29,0.3
1956-08-30,0.0
1956-08-31,0.0
1956-09-01,0.0
1956-09-02,0.0
1956-09-03,0.1
1956-09-04,1.8
1956-09-05,3.4
1956-09-06,3.0
1956-09-07,5.4
1956-09-08,0.0
1956-09-09,0.0
1956-09-10,3.2
1956-09-11,0.0
1956-09-12,0.0
1956-09-13,1.5
1956-09-14,20.1
1956-09-15,0.1
1956-09-16,19.2
1956-09-17,0.0
1956-09-18,1.0
1956-09-19,16.3
1956-09-20,21.2
1956-09-21,17.1
1956-09-22,1.0
1956-09-23,0.0
1956-09-24,5.3
1956-09-25,0.4
1956-09-26,15.0
1956-09-27,0.0
1956-09-28,0.0
1956-09-29,6.0
1956-09-30,0.0
1956-10-01,4.0
1956-10-02,22.0
1956-10-03,1.3
1956-10-04,0.0
1956-10-05,0.0
1956-10-06,5.0
1956-10-07,0.2
1956-10-08,0.0
1956-10-09,31.1
1956-10-10,50.0
1956-10-11,22.2
1956-10-12,19.2
1956-10-13,5.2
1956-10-14,0.0
1956-10-15,0.8
1956-10-16,6.3
1956-10-17,2.0
1956-10-18,0.1
1956-10-19,0.0
1956-10-20,0.0
1956-10-21,0.0
1956-10-22,7.1
1956-10-23,8.1
1956-10-24,30.0
1956-10-25,5.1
1956-10-26,0.0
1956-10-27,0.0
1956-10-28,4.2
1956-10-29,0.3
1956-10-30,0.4
1956-10-31,9.3
1956-11-01,1.5
1956-11-02,2.2
1956-11-03,0.0
1956-11-04,0.3
1956-11-05,3.2
1956-11-06,8.0
1956-11-07,5.4
1956-11-08,0.0
1956-11-09,0.0
1956-11-10,0.0
1956-11-11,0.0
1956-11-12,0.0
1956-11-13,0.0
1956-11-14,0.0
1956-11-15,1.3
1956-11-16,1.6
1956-11-17,5.3
1956-11-18,0.0
1956-11-19,1.6
1956-11-20,2.3
1956-11-21,6.1
1956-11-22,1.4
1956-11-23,0.0
1956-11-24,0.0
1956-11-25,0.0
1956-11-26,0.1
1956-11-27,0.0
1956-11-28,0.0
1956-11-29,0.0
1956-11-30,0.0
1956-12-01,0.0
1956-12-02,0.0
1956-12-03,0.0
1956-12-04,0.0
1956-12-05,0.0
1956-12-06,27.3
1956-12-07,0.1
1956-12-08,0.0
1956-12-09,0.0
1956-12-10,4.2
1956-12-11,0.0
1956-12-12,0.0
1956-12-13,3.4
1956-12-14,58.0
1956-12-15,2.8
1956-12-16,0.0
1956-12-17,0.0
1956-12-18,0.0
1956-12-19,0.3
1956-12-20,21.0
1956-12-21,21.0
1956-12-22,0.2
1956-12-23,2.3
1956-12-24,30.0
1956-12-25,3.0
1956-12-26,1.1
1956-12-27,0.0
1956-12-28,1.0
1956-12-29,0.0
1956-12-30,0.0
1956-12-31,0.0
1957-01-01,1.6
1957-01-02,0.6
1957-01-03,0.1
1957-01-04,0.2
1957-01-05,0.0
1957-01-06,0.0
1957-01-07,1.0
1957-01-08,0.1
1957-01-09,43.0
1957-01-10,0.0
1957-01-11,0.0
1957-01-12,0.0
1957-01-13,0.0
1957-01-14,18.4
1957-01-15,40.0
1957-01-16,14.3
1957-01-17,4.2
1957-01-18,0.0
1957-01-19,3.0
1957-01-20,15.1
1957-01-21,0.4
1957-01-22,17.3
1957-01-23,3.2
1957-01-24,1.0
1957-01-25,103.2
1957-01-26,6.2
1957-01-27,0.0
1957-01-28,3.3
1957-01-29,0.0
1957-01-30,0.0
1957-01-31,0.0
1957-02-01,113.3
1957-02-02,2.2
1957-02-03,63.3
1957-02-04,14.0
1957-02-05,1.3
1957-02-06,7.3
1957-02-07,4.1
1957-02-08,13.1
1957-02-09,3.0
1957-02-10,0.0
1957-02-11,0.0
1957-02-12,0.0
1957-02-13,5.4
1957-02-14,0.0
1957-02-15,9.4
1957-02-16,13.2
1957-02-17,0.0
1957-02-18,0.0
1957-02-19,0.0
1957-02-20,8.0
1957-02-21,1.0
1957-02-22,0.3
1957-02-23,1.7
1957-02-24,2.5
1957-02-25,0.0
1957-02-26,0.5
1957-02-27,2.3
1957-02-28,1.1
1957-03-01,0.1
1957-03-02,3.0
1957-03-03,34.0
1957-03-04,0.0
1957-03-05,0.0
1957-03-06,58.2
1957-03-07,0.0
1957-03-08,0.2
1957-03-09,142.3
1957-03-10,6.3
1957-03-11,59.0
1957-03-12,18.1
1957-03-13,0.0
1957-03-14,8.1
1957-03-15,8.2
1957-03-16,0.4
1957-03-17,0.0
1957-03-18,0.0
1957-03-19,0.0
1957-03-20,25.1
1957-03-21,23.3
1957-03-22,1.2
1957-03-23,3.1
1957-03-24,0.0
1957-03-25,0.0
1957-03-26,0.0
1957-03-27,9.0
1957-03-28,0.0
1957-03-29,0.0
1957-03-30,1.4
1957-03-31,48.3
1957-04-01,2.5
1957-04-02,0.4
1957-04-03,0.0
1957-04-04,0.0
1957-04-05,8.3
1957-04-06,2.5
1957-04-07,5.3
1957-04-08,6.3
1957-04-09,2.0
1957-04-10,0.0
1957-04-11,0.2
1957-04-12,2.0
1957-04-13,107.0
1957-04-14,8.2
1957-04-15,1.0
1957-04-16,0.0
1957-04-17,0.0
1957-04-18,0.0
1957-04-19,5.1
1957-04-20,0.4
1957-04-21,13.3
1957-04-22,9.2
1957-04-23,2.1
1957-04-24,0.0
1957-04-25,11.1
1957-04-26,59.2
1957-04-27,0.1
1957-04-28,5.4
1957-04-29,2.3
1957-04-30,14.2
1957-05-01,0.0
1957-05-02,0.0
1957-05-03,0.1
1957-05-04,0.1
1957-05-05,5.3
1957-05-06,24.4
1957-05-07,36.2
1957-05-08,77.1
1957-05-09,24.0
1957-05-10,9.0
1957-05-11,7.1
1957-05-12,60.4
1957-05-13,2.2
1957-05-14,0.1
1957-05-15,0.0
1957-05-16,0.1
1957-05-17,0.0
1957-05-18,0.2
1957-05-19,0.0
1957-05-20,0.0
1957-05-21,0.0
1957-05-22,0.0
1957-05-23,0.0
1957-05-24,0.2
1957-05-25,0.0
1957-05-26,0.0
1957-05-27,16.4
1957-05-28,4.2
1957-05-29,15.0
1957-05-30,0.3
1957-05-31,0.0
1957-06-01,0.1
1957-06-02,1.0
1957-06-03,0.0
1957-06-04,0.0
1957-06-05,0.1
1957-06-06,1.5
1957-06-07,27.0
1957-06-08,0.1
1957-06-09,0.1
1957-06-10,0.1
1957-06-11,0.0
1957-06-12,8.1
1957-06-13,0.3
1957-06-14,0.0
1957-06-15,0.0
1957-06-16,0.0
1957-06-17,0.0
1957-06-18,5.4
1957-06-19,0.0
1957-06-20,0.0
1957-06-21,0.1
1957-06-22,0.0
1957-06-23,0.2
1957-06-24,1.2
1957-06-25,0.0
1957-06-26,0.0
1957-06-27,33.2
1957-06-28,5.2
1957-06-29,26.2
1957-06-30,10.0
1957-07-01,29.4
1957-07-02,20.1
1957-07-03,11.0
1957-07-04,5.2
1957-07-05,2.3
1957-07-06,30.4
1957-07-07,24.3
1957-07-08,0.1
1957-07-09,0.1
1957-07-10,0.0
1957-07-11,0.0
1957-07-12,0.0
1957-07-13,0.0
1957-07-14,48.2
1957-07-15,43.3
1957-07-16,29.1
1957-07-17,0.0
1957-07-18,18.1
1957-07-19,24.3
1957-07-20,53.3
1957-07-21,1.5
1957-07-22,0.0
1957-07-23,0.0
1957-07-24,3.0
1957-07-25,18.0
1957-07-26,0.0
1957-07-27,0.0
1957-07-28,0.0
1957-07-29,0.0
1957-07-30,25.2
1957-07-31,25.3
1957-08-01,53.3
1957-08-02,24.4
1957-08-03,0.0
1957-08-04,0.5
1957-08-05,0.0
1957-08-06,0.2
1957-08-07,0.0
1957-08-08,0.1
1957-08-09,0.0
1957-08-10,6.0
1957-08-11,17.1
1957-08-12,0.1
1957-08-13,0.0
1957-08-14,19.3
1957-08-15,2.2
1957-08-16,0.7
1957-08-17,65.2
1957-08-18,61.0
1957-08-19,9.4
1957-08-20,0.2
1957-08-21,0.0
1957-08-22,0.0
1957-08-23,0.0
1957-08-24,0.0
1957-08-25,0.0
1957-08-26,0.0
1957-08-27,0.0
1957-08-28,0.2
1957-08-29,0.0
1957-08-30,5.0
1957-08-31,23.2
1957-09-01,0.0
1957-09-02,0.2
1957-09-03,49.2
1957-09-04,79.4
1957-09-05,0.0
1957-09-06,0.0
1957-09-07,0.0
1957-09-08,35.1
1957-09-09,0.0
1957-09-10,0.0
1957-09-11,0.0
1957-09-12,0.0
1957-09-13,18.3
1957-09-14,31.4
1957-09-15,50.1
1957-09-16,10.0
1957-09-17,0.0
1957-09-18,0.9
1957-09-19,8.7
1957-09-20,0.3
1957-09-21,24.3
1957-09-22,10.4
1957-09-23,27.0
1957-09-24,4.3
1957-09-25,0.0
1957-09-26,0.0
1957-09-27,4.3
1957-09-28,0.0
1957-09-29,0.4
1957-09-30,0.0
1957-10-01,0.0
1957-10-02,0.0
1957-10-03,2.1
1957-10-04,17.3
1957-10-05,0.0
1957-10-06,0.0
1957-10-07,0.0
1957-10-08,1.7
1957-10-09,0.0
1957-10-10,0.0
1957-10-11,4.3
1957-10-12,30.0
1957-10-13,32.0
1957-10-14,0.0
1957-10-15,0.0
1957-10-16,0.0
1957-10-17,18.0
1957-10-18,0.0
1957-10-19,0.0
1957-10-20,25.0
1957-10-21,59.2
1957-10-22,51.4
1957-10-23,3.0
1957-10-24,0.0
1957-10-25,1.0
1957-10-26,21.3
1957-10-27,6.0
1957-10-28,6.3
1957-10-29,5.3
1957-10-30,32.0
1957-10-31,0.0
1957-11-01,0.0
1957-11-02,3.3
1957-11-03,13.0
1957-11-04,3.5
1957-11-05,0.0
1957-11-06,0.0
1957-11-07,0.0
1957-11-08,0.5
1957-11-09,30.0
1957-11-10,31.0
1957-11-11,0.1
1957-11-12,3.0
1957-11-13,2.6
1957-11-14,108.0
1957-11-15,84.1
1957-11-16,30.0
1957-11-17,20.4
1957-11-18,10.0
1957-11-19,41.4
1957-11-20,9.1
1957-11-21,0.0
1957-11-22,0.0
1957-11-23,3.2
1957-11-24,0.0
1957-11-25,0.0
1957-11-26,0.0
1957-11-27,0.0
1957-11-28,0.0
1957-11-29,0.0
1957-11-30,0.0
1957-12-01,31.1
1957-12-02,24.3
1957-12-03,1.4
1957-12-04,0.0
1957-12-05,5.2
1957-12-06,6.2
1957-12-07,9.4
1957-12-08,34.3
1957-12-09,18.0
1957-12-10,13.3
1957-12-11,0.3
1957-12-12,0.0
1957-12-13,0.0
1957-12-14,0.0
1957-12-15,0.0
1957-12-16,5.2
1957-12-17,17.3
1957-12-18,0.0
1957-12-19,12.2
1957-12-20,0.0
1957-12-21,0.0
1957-12-22,1.6
1957-12-23,0.5
1957-12-24,0.0
1957-12-25,0.0
1957-12-26,0.0
1957-12-27,0.0
1957-12-28,0.0
1957-12-29,10.0
1957-12-30,0.0
1957-12-31,0.0
1958-01-01,
1958-01-02,
1958-01-03,
1958-01-04,
1958-01-05,
1958-01-06,
1958-01-07,
1958-01-08,
1958-01-09,
1958-01-10,
1958-01-11,
1958-01-12,
1958-01-13,
1958-01-14,
1958-01-15,
1958-01-16,
1958-01-17,
1958-01-18,
1958-01-19,
1958-01-20,
1958-01-21,
1958-01-22,
1958-01-23,
1958-01-24,
1958-01-25,
1958-01-26,
1958-01-27,
1958-01-28,
1958-01-29,
1958-01-30,
1958-01-31,
1958-02-01,0.1
1958-02-02,0.0
1958-02-03,0.0
1958-02-04,0.0
1958-02-05,0.0
1958-02-06,1.9
1958-02-07,45.0
1958-02-08,6.0
1958-02-09,0.0
1958-02-10,0.5
1958-02-11,0.0
1958-02-12,0.0
1958-02-13,0.0
1958-02-14,0.0
1958-02-15,2.0
1958-02-16,0.0
1958-02-17,0.0
1958-02-18,19.0
1958-02-19,9.1
1958-02-20,7.1
1958-02-21,34.3
1958-02-22,0.0
1958-02-23,0.0
1958-02-24,0.0
1958-02-25,13.1
1958-02-26,40.3
1958-02-27,7.2
1958-02-28,24.4
1958-03-01,22.3
1958-03-02,0.0
1958-03-03,0.0
1958-03-04,0.0
1958-03-05,0.0
1958-03-06,0.0
1958-03-07,4.3
1958-03-08,2.1
1958-03-09,0.0
1958-03-10,1.0
1958-03-11,0.2
1958-03-12,0.0
1958-03-13,0.0
1958-03-14,31.2
1958-03-15,40.2
1958-03-16,48.1
1958-03-17,6.4
1958-03-18,13.4
1958-03-19,38.0
1958-03-20,0.3
1958-03-21,0.0
1958-03-22,0.3
1958-03-23,3.2
1958-03-24,5.1
1958-03-25,0.0
1958-03-26,0.0
1958-03-27,0.6
1958-03-28,2.7
1958-03-29,0.0
1958-03-30,5.0
1958-03-31,21.1
1958-04-01,44.2
1958-04-02,7.2
1958-04-03,0.1
1958-04-04,0.0
1958-04-05,0.0
1958-04-06,0.0
1958-04-07,0.0
1958-04-08,0.0
1958-04-09,19.4
1958-04-10,46.1
1958-04-11,22.0
1958-04-12,0.0
1958-04-13,5.3
1958-04-14,9.3
1958-04-15,0.0
1958-04-16,2.2
1958-04-17,0.0
1958-04-18,3.2
1958-04-19,9.1
1958-04-20,11.1
1958-04-21,11.2
1958-04-22,0.0
1958-04-23,35.0
1958-04-24,0.0
1958-04-25,0.0
1958-04-26,1.2
1958-04-27,19.4
1958-04-28,0.0
1958-04-29,0.1
1958-04-30,0.0
1958-05-01,0.0
1958-05-02,26.0
1958-05-03,3.0
1958-05-04,7.7
1958-05-05,17.3
1958-05-06,6.3
1958-05-07,0.0
1958-05-08,0.0
1958-05-09,0.0
1958-05-10,0.0
1958-05-11,0.0
1958-05-12,12.3
1958-05-13,0.0
1958-05-14,0.0
1958-05-15,0.0
1958-05-16,0.2
1958-05-17,0.0
1958-05-18,0.0
1958-05-19,0.0
1958-05-20,0.0
1958-05-21,0.0
1958-05-22,0.0
1958-05-23,24.1
1958-05-24,0.9
1958-05-25,5.0
1958-05-26,3.4
1958-05-27,2.2
1958-05-28,29.0
1958-05-29,0.1
1958-05-30,0.1
1958-05-31,0.1
1958-06-01,0.0
1958-06-02,0.0
1958-06-03,0.1
1958-06-04,0.0
1958-06-05,0.2
1958-06-06,0.8
1958-06-07,0.0
1958-06-08,0.0
1958-06-09,1.4
1958-06-10,0.0
1958-06-11,40.3
1958-06-12,3.3
1958-06-13,12.2
1958-06-14,23.1
1958-06-15,0.0
1958-06-16,0.0
1958-06-17,23.6
1958-06-18,13.0
1958-06-19,0.0
1958-06-20,0.1
1958-06-21,0.4
1958-06-22,1.0
1958-06-23,0.0
1958-06-24,0.0
1958-06-25,0.0
1958-06-26,0.1
1958-06-27,0.0
1958-06-28,0.0
1958-06-29,0.0
1958-06-30,0.0
1958-07-01,0.0
1958-07-02,0.0
1958-07-03,0.2
1958-07-04,2.6
1958-07-05,1.3
1958-07-06,0.0
1958-07-07,0.0
1958-07-08,0.0
1958-07-09,0.2
1958-07-10,0.0
1958-07-11,10.2
1958-07-12,2.3
1958-07-13,0.9
1958-07-14,25.2
1958-07-15,5.3
1958-07-16,12.1
1958-07-17,1.4
1958-07-18,0.1
1958-07-19,0.0
1958-07-20,0.0
1958-07-21,0.0
1958-07-22,0.1
1958-07-23,0.0
1958-07-24,0.0
1958-07-25,0.0
1958-07-26,1.2
1958-07-27,0.0
1958-07-28,21.4
1958-07-29,2.4
1958-07-30,0.2
1958-07-31,0.1
1958-08-01,0.0
1958-08-02,0.0
1958-08-03,0.0
1958-08-04,0.5
1958-08-05,0.0
1958-08-06,0.0
1958-08-07,20.3
1958-08-08,20.2
1958-08-09,0.0
1958-08-10,0.0
1958-08-11,0.0
1958-08-12,2.1
1958-08-13,0.0
1958-08-14,0.0
1958-08-15,0.0
1958-08-16,0.1
1958-08-17,0.1
1958-08-18,0.1
1958-08-19,0.0
1958-08-20,0.0
1958-08-21,0.0
1958-08-22,0.0
1958-08-23,0.5
1958-08-24,0.0
1958-08-25,0.0
1958-08-26,0.0
1958-08-27,0.1
1958-08-28,2.5
1958-08-29,32.2
1958-08-30,0.0
1958-08-31,0.0
1958-09-01,2.2
1958-09-02,0.2
1958-09-03,3.2
1958-09-04,0.5
1958-09-05,0.0
1958-09-06,7.0
1958-09-07,9.4
1958-09-08,31.1
1958-09-09,18.3
1958-09-10,41.4
1958-09-11,0.0
1958-09-12,0.1
1958-09-13,41.2
1958-09-14,24.3
1958-09-15,24.0
1958-09-16,0.0
1958-09-17,0.0
1958-09-18,0.0
1958-09-19,0.0
1958-09-20,0.0
1958-09-21,0.0
1958-09-22,7.0
1958-09-23,0.0
1958-09-24,15.0
1958-09-25,2.0
1958-09-26,0.0
1958-09-27,0.0
1958-09-28,0.0
1958-09-29,1.1
1958-09-30,0.0
1958-10-01,0.0
1958-10-02,0.0
1958-10-03,2.2
1958-10-04,2.5
1958-10-05,7.5
1958-10-06,10.3
1958-10-07,28.0
1958-10-08,0.0
1958-10-09,0.0
1958-10-10,0.0
1958-10-11,75.2
1958-10-12,0.0
1958-10-13,17.3
1958-10-14,0.0
1958-10-15,0.0
1958-10-16,0.0
1958-10-17,0.0
1958-10-18,36.4
1958-10-19,0.6
1958-10-20,0.0
1958-10-21,0.0
1958-10-22,0.0
1958-10-23,0.0
1958-10-24,34.4
1958-10-25,8.3
1958-10-26,4.2
1958-10-27,0.1
1958-10-28,2.1
1958-10-29,0.0
1958-10-30,0.3
1958-10-31,37.3
1958-11-01,41.2
1958-11-02,4.4
1958-11-03,0.0
1958-11-04,0.0
1958-11-05,0.0
1958-11-06,0.0
1958-11-07,0.0
1958-11-08,0.0
1958-11-09,0.0
1958-11-10,0.0
1958-11-11,42.1
1958-11-12,16.0
1958-11-13,14.2
1958-11-14,6.3
1958-11-15,2.1
1958-11-16,6.3
1958-11-17,19.0
1958-11-18,0.0
1958-11-19,7.0
1958-11-20,7.4
1958-11-21,0.0
1958-11-22,0.0
1958-11-23,0.0
1958-11-24,2.4
1958-11-25,32.3
1958-11-26,5.2
1958-11-27,7.3
1958-11-28,2.1
1958-11-29,0.0
1958-11-30,0.6
1958-12-01,0.0
1958-12-02,0.3
1958-12-03,1.4
1958-12-04,3.3
1958-12-05,0.0
1958-12-06,1.3
1958-12-07,6.0
1958-12-08,0.0
1958-12-09,7.2
1958-12-10,1.2
1958-12-11,0.0
1958-12-12,0.3
1958-12-13,4.1
1958-12-14,4.2
1958-12-15,38.4
1958-12-16,17.3
1958-12-17,0.0
1958-12-18,0.0
1958-12-19,76.2
1958-12-20,33.1
1958-12-21,10.3
1958-12-22,14.4
1958-12-23,1.2
1958-12-24,5.3
1958-12-25,5.1
1958-12-26,21.2
1958-12-27,2.1
1958-12-28,0.0
1958-12-29,0.0
1958-12-30,0.0
1958-12-31,2.0
1959-01-01,3.1
1959-01-02,74.2
1959-01-03,89.2
1959-01-04,21.4
1959-01-05,32.2
1959-01-06,6.3
1959-01-07,0.3
1959-01-08,12.4
1959-01-09,0.0
1959-01-10,0.0
1959-01-11,60.0
1959-01-12,19.3
1959-01-13,5.2
1959-01-14,0.0
1959-01-15,2.3
1959-01-16,59.3
1959-01-17,11.3
1959-01-18,16.0
1959-01-19,8.0
1959-01-20,8.3
1959-01-21,0.0
1959-01-22,0.0
1959-01-23,45.0
1959-01-24,6.8
1959-01-25,0.0
1959-01-26,0.0
1959-01-27,0.0
1959-01-28,0.0
1959-01-29,0.0
1959-01-30,0.0
1959-01-31,4.1
1959-02-01,3.1
1959-02-02,0.0
1959-02-03,0.8
1959-02-04,0.0
1959-02-05,29.2
1959-02-06,0.1
1959-02-07,2.9
1959-02-08,15.3
1959-02-09,15.1
1959-02-10,31.0
1959-02-11,43.1
1959-02-12,0.1
1959-02-13,5.5
1959-02-14,0.4
1959-02-15,5.9
1959-02-16,17.2
1959-02-17,13.4
1959-02-18,30.2
1959-02-19,22.0
1959-02-20,17.0
1959-02-21,3.1
1959-02-22,1.4
1959-02-23,14.2
1959-02-24,9.0
1959-02-25,1.2
1959-02-26,27.2
1959-02-27,0.0
1959-02-28,12.1
1959-03-01,0.2
1959-03-02,0.0
1959-03-03,0.0
1959-03-04,0.0
1959-03-05,0.0
1959-03-06,0.0
1959-03-07,17.1
1959-03-08,0.0
1959-03-09,2.4
1959-03-10,0.0
1959-03-11,0.1
1959-03-12,0.1
1959-03-13,14.3
1959-03-14,0.0
1959-03-15,0.0
1959-03-16,0.0
1959-03-17,0.2
1959-03-18,9.3
1959-03-19,0.0
1959-03-20,13.0
1959-03-21,0.3
1959-03-22,23.2
1959-03-23,25.0
1959-03-24,19.0
1959-03-25,4.1
1959-03-26,15.1
1959-03-27,10.0
1959-03-28,0.0
1959-03-29,0.0
1959-03-30,5.0
1959-03-31,0.1
1959-04-01,3.1
1959-04-02,0.0
1959-04-03,0.0
1959-04-04,54.4
1959-04-05,1.2
1959-04-06,25.4
1959-04-07,0.0
1959-04-08,0.0
1959-04-09,0.0
1959-04-10,0.0
1959-04-11,3.2
1959-04-12,3.4
1959-04-13,0.9
1959-04-14,0.0
1959-04-15,0.0
1959-04-16,0.0
1959-04-17,0.0
1959-04-18,0.0
1959-04-19,0.0
1959-04-20,11.3
1959-04-21,0.3
1959-04-22,10.0
1959-04-23,11.1
1959-04-24,1.3
1959-04-25,1.8
1959-04-26,21.3
1959-04-27,6.0
1959-04-28,0.0
1959-04-29,0.0
1959-04-30,0.0
1959-05-01,0.0
1959-05-02,3.2
1959-05-03,0.0
1959-05-04,4.1
1959-05-05,4.1
1959-05-06,0.0
1959-05-07,0.0
1959-05-08,0.0
1959-05-09,0.0
1959-05-10,0.0
1959-05-11,0.0
1959-05-12,0.2
1959-05-13,0.0
1959-05-14,0.0
1959-05-15,0.0
1959-05-16,0.0
1959-05-17,0.0
1959-05-18,1.6
1959-05-19,0.0
1959-05-20,6.2
1959-05-21,38.2
1959-05-22,11.3
1959-05-23,0.0
1959-05-24,0.0
1959-05-25,0.0
1959-05-26,0.0
1959-05-27,0.0
1959-05-28,0.0
1959-05-29,1.0
1959-05-30,14.3
1959-05-31,2.0
1959-06-01,0.0
1959-06-02,0.0
1959-06-03,0.0
1959-06-04,0.0
1959-06-05,0.0
1959-06-06,0.0
1959-06-07,0.0
1959-06-08,0.0
1959-06-09,0.2
1959-06-10,0.2
1959-06-11,0.2
1959-06-12,0.0
1959-06-13,0.1
1959-06-14,1.0
1959-06-15,0.1
1959-06-16,0.0
1959-06-17,0.0
1959-06-18,0.1
1959-06-19,0.1
1959-06-20,0.0
1959-06-21,0.0
1959-06-22,0.0
1959-06-23,24.0
1959-06-24,35.3
1959-06-25,0.0
1959-06-26,0.0
1959-06-27,0.0
1959-06-28,0.0
1959-06-29,0.6
1959-06-30,0.0
1959-07-01,0.0
1959-07-02,0.0
1959-07-03,0.0
1959-07-04,0.0
1959-07-05,0.0
1959-07-06,3.3
1959-07-07,0.0
1959-07-08,0.0
1959-07-09,0.0
1959-07-10,0.1
1959-07-11,0.2
1959-07-12,0.1
1959-07-13,0.0
1959-07-14,0.0
1959-07-15,0.0
1959-07-16,0.4
1959-07-17,1.0
1959-07-18,0.6
1959-07-19,0.0
1959-07-20,0.0
1959-07-21,0.0
1959-07-22,0.0
1959-07-23,0.0
1959-07-24,0.0
1959-07-25,0.0
1959-07-26,0.0
1959-07-27,0.0
1959-07-28,0.0
1959-07-29,0.0
1959-07-30,5.0
1959-07-31,20.0
1959-08-01,27.4
1959-08-02,9.1
1959-08-03,0.0
1959-08-04,0.1
1959-08-05,8.3
1959-08-06,1.8
1959-08-07,2.0
1959-08-08,0.2
1959-08-09,0.3
1959-08-10,0.3
1959-08-11,0.0
1959-08-12,0.8
1959-08-13,2.3
1959-08-14,3.0
1959-08-15,2.9
1959-08-16,0.0
1959-08-17,0.0
1959-08-18,0.0
1959-08-19,0.0
1959-08-20,0.0
1959-08-21,2.7
1959-08-22,0.0
1959-08-23,0.1
1959-08-24,0.0
1959-08-25,0.0
1959-08-26,0.0
1959-08-27,0.7
1959-08-28,0.0
1959-08-29,0.2
1959-08-30,30.4
1959-08-31,53.0
1959-09-01,2.1
1959-09-02,33.4
1959-09-03,3.1
1959-09-04,24.0
1959-09-05,1.3
1959-09-06,0.1
1959-09-07,0.0
1959-09-08,0.0
1959-09-09,0.1
1959-09-10,1.3
1959-09-11,21.3
1959-09-12,0.4
1959-09-13,2.2
1959-09-14,12.0
1959-09-15,1.0
1959-09-16,1.0
1959-09-17,0.0
1959-09-18,0.4
1959-09-19,0.0
1959-09-20,0.4
1959-09-21,11.1
1959-09-22,0.4
1959-09-23,0.0
1959-09-24,12.2
1959-09-25,28.4
1959-09-26,12.2
1959-09-27,24.4
1959-09-28,17.0
1959-09-29,0.0
1959-09-30,1.0
1959-10-01,0.4
1959-10-02,0.2
1959-10-03,2.2
1959-10-04,2.3
1959-10-05,23.3
1959-10-06,25.0
1959-10-07,7.3
1959-10-08,3.0
1959-10-09,0.0
1959-10-10,0.0
1959-10-11,0.0
1959-10-12,12.4
1959-10-13,10.3
1959-10-14,0.0
1959-10-15,12.3
1959-10-16,0.0
1959-10-17,0.0
1959-10-18,0.3
1959-10-19,15.2
1959-10-20,61.1
1959-10-21,0.0
1959-10-22,0.0
1959-10-23,0.0
1959-10-24,0.0
1959-10-25,0.0
1959-10-26,0.0
1959-10-27,0.0
1959-10-28,5.3
1959-10-29,12.0
1959-10-30,0.0
1959-10-31,0.0
1959-11-01,1.8
1959-11-02,5.0
1959-11-03,0.6
1959-11-04,0.0
1959-11-05,0.0
1959-11-06,0.5
1959-11-07,10.2
1959-11-08,0.5
1959-11-09,5.0
1959-11-10,0.0
1959-11-11,0.1
1959-11-12,13.4
1959-11-13,23.2
1959-11-14,0.0
1959-11-15,0.0
1959-11-16,3.4
1959-11-17,0.9
1959-11-18,0.0
1959-11-19,0.8
1959-11-20,5.2
1959-11-21,8.3
1959-11-22,2.0
1959-11-23,0.0
1959-11-24,5.1
1959-11-25,1.4
1959-11-26,2.0
1959-11-27,0.0
1959-11-28,0.0
1959-11-29,0.0
1959-11-30,0.1
1959-12-01,11.3
1959-12-02,21.2
1959-12-03,1.1
1959-12-04,0.1
1959-12-05,0.0
1959-12-06,3.3
1959-12-07,0.0
1959-12-08,2.5
1959-12-09,5.2
1959-12-10,9.0
1959-12-11,3.3
1959-12-12,0.0
1959-12-13,3.2
1959-12-14,1.2
1959-12-15,0.0
1959-12-16,0.0
1959-12-17,44.3
1959-12-18,8.2
1959-12-19,0.0
1959-12-20,0.0
1959-12-21,30.2
1959-12-22,15.0
1959-12-23,0.0
1959-12-24,0.0
1959-12-25,6.2
1959-12-26,0.0
1959-12-27,0.0
1959-12-28,0.0
1959-12-29,0.0
1959-12-30,0.0
1959-12-31,2.5
1960-01-01,0.0
1960-01-02,0.4
1960-01-03,0.0
1960-01-04,0.5
1960-01-05,0.2
1960-01-06,0.0
1960-01-07,25.0
1960-01-08,131.1
1960-01-09,8.0
1960-01-10,4.4
1960-01-11,11.1
1960-01-12,4.2
1960-01-13,0.0
1960-01-14,0.0
1960-01-15,0.0
1960-01-16,0.0
1960-01-17,0.0
1960-01-18,12.0
1960-01-19,28.1
1960-01-20,12.3
1960-01-21,0.2
1960-01-22,16.3
1960-01-23,1.1
1960-01-24,0.0
1960-01-25,0.0
1960-01-26,0.0
1960-01-27,4.1
1960-01-28,3.4
1960-01-29,0.0
1960-01-30,0.0
1960-01-31,6.2
1960-02-01,9.3
1960-02-02,65.4
1960-02-03,59.2
1960-02-04,4.4
1960-02-05,0.0
1960-02-06,17.0
1960-02-07,0.0
1960-02-08,0.0
1960-02-09,0.0
1960-02-10,4.3
1960-02-11,13.2
1960-02-12,40.2
1960-02-13,10.2
1960-02-14,72.0
1960-02-15,45.2
1960-02-16,16.2
1960-02-17,0.2
1960-02-18,17.2
1960-02-19,17.4
1960-02-20,1.3
1960-02-21,27.0
1960-02-22,6.2
1960-02-23,0.0
1960-02-24,0.0
1960-02-25,0.0
1960-02-26,1.1
1960-02-27,24.2
1960-02-28,9.3
1960-02-29,20.2
1960-03-01,48.2
1960-03-02,208.0
1960-03-03,86.0
1960-03-04,2.0
1960-03-05,0.2
1960-03-06,0.1
1960-03-07,0.9
1960-03-08,0.0
1960-03-09,0.0
1960-03-10,0.0
1960-03-11,48.0
1960-03-12,10.4
1960-03-13,4.2
1960-03-14,40.3
1960-03-15,0.0
1960-03-16,21.4
1960-03-17,6.4
1960-03-18,0.0
1960-03-19,0.0
1960-03-20,0.0
1960-03-21,18.2
1960-03-22,13.1
1960-03-23,0.0
1960-03-24,8.1
1960-03-25,3.3
1960-03-26,0.0
1960-03-27,0.0
1960-03-28,6.3
1960-03-29,23.0
1960-03-30,0.0
1960-03-31,0.0
1960-04-01,0.0
1960-04-02,10.2
1960-04-03,9.1
1960-04-04,5.0
1960-04-05,36.4
1960-04-06,18.3
1960-04-07,6.3
1960-04-08,0.0
1960-04-09,0.0
1960-04-10,5.0
1960-04-11,0.0
1960-04-12,0.0
1960-04-13,0.0
1960-04-14,2.4
1960-04-15,0.0
1960-04-16,0.0
1960-04-17,0.0
1960-04-18,8.2
1960-04-19,0.4
1960-04-20,0.0
1960-04-21,0.0
1960-04-22,0.0
1960-04-23,0.0
1960-04-24,0.0
1960-04-25,0.1
1960-04-26,0.1
1960-04-27,0.0
1960-04-28,0.0
1960-04-29,0.0
1960-04-30,0.0
1960-05-01,8.0
1960-05-02,0.0
1960-05-03,0.0
1960-05-04,0.0
1960-05-05,0.0
1960-05-06,0.0
1960-05-07,0.0
1960-05-08,0.0
1960-05-09,0.0
1960-05-10,0.0
1960-05-11,0.0
1960-05-12,0.0
1960-05-13,0.0
1960-05-14,0.0
1960-05-15,31.4
1960-05-16,48.3
1960-05-17,0.0
1960-05-18,0.0
1960-05-19,5.2
1960-05-20,17.3
1960-05-21,39.2
1960-05-22,0.2
1960-05-23,0.1
1960-05-24,0.0
1960-05-25,0.0
1960-05-26,0.0
1960-05-27,0.0
1960-05-28,0.0
1960-05-29,0.0
1960-05-30,0.0
1960-05-31,0.4
1960-06-01,1.0
1960-06-02,1.0
1960-06-03,1.2
1960-06-04,0.0
1960-06-05,0.0
1960-06-06,0.0
1960-06-07,0.0
1960-06-08,0.0
1960-06-09,0.0
1960-06-10,0.0
1960-06-11,0.0
1960-06-12,0.0
1960-06-13,0.0
1960-06-14,0.0
1960-06-15,0.0
1960-06-16,0.0
1960-06-17,0.1
1960-06-18,5.3
1960-06-19,0.0
1960-06-20,0.2
1960-06-21,0.0
1960-06-22,4.4
1960-06-23,22.0
1960-06-24,39.0
1960-06-25,0.0
1960-06-26,0.0
1960-06-27,0.0
1960-06-28,0.0
1960-06-29,0.0
1960-06-30,0.0
1960-07-01,0.0
1960-07-02,0.1
1960-07-03,0.0
1960-07-04,0.0
1960-07-05,0.1
1960-07-06,0.0
1960-07-07,0.0
1960-07-08,0.0
1960-07-09,0.0
1960-07-10,0.0
1960-07-11,0.5
1960-07-12,2.2
1960-07-13,0.0
1960-07-14,0.0
1960-07-15,0.2
1960-07-16,0.1
1960-07-17,0.0
1960-07-18,25.4
1960-07-19,4.0
1960-07-20,0.0
1960-07-21,0.1
1960-07-22,0.0
1960-07-23,0.0
1960-07-24,0.0
1960-07-25,0.0
1960-07-26,0.0
1960-07-27,0.4
1960-07-28,1.8
1960-07-29,0.0
1960-07-30,0.1
1960-07-31,11.2
1960-08-01,25.0
1960-08-02,65.1
1960-08-03,18.0
1960-08-04,0.1
1960-08-05,0.0
1960-08-06,0.0
1960-08-07,0.0
1960-08-08,0.0
1960-08-09,0.0
1960-08-10,0.0
1960-08-11,0.0
1960-08-12,0.0
1960-08-13,0.0
1960-08-14,0.0
1960-08-15,30.5
1960-08-16,0.0
1960-08-17,12.0
1960-08-18,36.3
1960-08-19,0.0
1960-08-20,0.0
1960-08-21,0.0
1960-08-22,2.9
1960-08-23,4.1
1960-08-24,13.1
1960-08-25,1.5
1960-08-26,6.1
1960-08-27,7.7
1960-08-28,0.2
1960-08-29,0.0
1960-08-30,0.0
1960-08-31,0.0
1960-09-01,35.0
1960-09-02,0.0
1960-09-03,0.0
1960-09-04,0.0
1960-09-05,0.1
1960-09-06,0.0
1960-09-07,0.0
1960-09-08,0.0
1960-09-09,0.0
1960-09-10,0.4
1960-09-11,0.0
1960-09-12,0.3
1960-09-13,18.0
1960-09-14,40.0
1960-09-15,2.0
1960-09-16,0.0
1960-09-17,2.3
1960-09-18,0.1
1960-09-19,0.0
1960-09-20,0.4
1960-09-21,0.0
1960-09-22,0.0
1960-09-23,0.0
1960-09-24,0.0
1960-09-25,3.4
1960-09-26,6.3
1960-09-27,0.0
1960-09-28,0.0
1960-09-29,4.0
1960-09-30,5.2
1960-10-01,1.0
1960-10-02,0.0
1960-10-03,0.0
1960-10-04,0.0
1960-10-05,0.0
1960-10-06,0.0
1960-10-07,0.0
1960-10-08,7.1
1960-10-09,14.0
1960-10-10,0.6
1960-10-11,0.0
1960-10-12,0.0
1960-10-13,0.0
1960-10-14,0.0
1960-10-15,0.0
1960-10-16,34.2
1960-10-17,15.4
1960-10-18,22.2
1960-10-19,2.7
1960-10-20,2.2
1960-10-21,18.0
1960-10-22,0.0
1960-10-23,0.0
1960-10-24,0.0
1960-10-25,7.0
1960-10-26,49.0
1960-10-27,18.0
1960-10-28,2.0
1960-10-29,4.2
1960-10-30,7.5
1960-10-31,29.0
1960-11-01,10.2
1960-11-02,10.0
1960-11-03,0.0
1960-11-04,1.6
1960-11-05,11.0
1960-11-06,0.1
1960-11-07,3.0
1960-11-08,0.5
1960-11-09,2.8
1960-11-10,0.2
1960-11-11,9.0
1960-11-12,6.2
1960-11-13,1.0
1960-11-14,0.0
1960-11-15,12.3
1960-11-16,0.0
1960-11-17,0.1
1960-11-18,0.0
1960-11-19,0.0
1960-11-20,6.4
1960-11-21,9.0
1960-11-22,0.5
1960-11-23,0.0
1960-11-24,0.0
1960-11-25,1.8
1960-11-26,10.3
1960-11-27,122.2
1960-11-28,82.0
1960-11-29,103.0
1960-11-30,50.0
1960-12-01,1.2
1960-12-02,0.4
1960-12-03,0.0
1960-12-04,0.0
1960-12-05,0.0
1960-12-06,9.2
1960-12-07,0.0
1960-12-08,0.0
1960-12-09,0.0
1960-12-10,0.0
1960-12-11,0.7
1960-12-12,2.3
1960-12-13,3.9
1960-12-14,0.0
1960-12-15,25.3
1960-12-16,131.0
1960-12-17,0.0
1960-12-18,5.6
1960-12-19,4.3
1960-12-20,0.4
1960-12-21,9.2
1960-12-22,0.0
1960-12-23,2.9
1960-12-24,10.2
1960-12-25,0.0
1960-12-26,19.3
1960-12-27,5.3
1960-12-28,0.0
1960-12-29,3.0
1960-12-30,6.4
1960-12-31,5.3
1961-01-01,25.2
1961-01-02,15.4
1961-01-03,3.2
1961-01-04,12.0
1961-01-05,2.0
1961-01-06,14.2
1961-01-07,2.0
1961-01-08,0.0
1961-01-09,0.0
1961-01-10,4.3
1961-01-11,20.1
1961-01-12,11.1
1961-01-13,8.1
1961-01-14,2.3
1961-01-15,0.0
1961-01-16,0.0
1961-01-17,0.0
1961-01-18,0.3
1961-01-19,0.0
1961-01-20,8.0
1961-01-21,0.0
1961-01-22,6.3
1961-01-23,16.4
1961-01-24,2.0
1961-01-25,0.0
1961-01-26,8.1
1961-01-27,0.3
1961-01-28,6.0
1961-01-29,25.4
1961-01-30,12.3
1961-01-31,5.3
1961-02-01,0.0
1961-02-02,0.0
1961-02-03,32.0
1961-02-04,12.4
1961-02-05,27.0
1961-02-06,0.2
1961-02-07,33.0
1961-02-08,1.8
1961-02-09,4.0
1961-02-10,8.1
1961-02-11,0.0
1961-02-12,5.4
1961-02-13,0.0
1961-02-14,0.1
1961-02-15,38.1
1961-02-16,12.0
1961-02-17,32.0
1961-02-18,106.0
1961-02-19,6.0
1961-02-20,0.0
1961-02-21,3.4
1961-02-22,5.0
1961-02-23,25.0
1961-02-24,34.1
1961-02-25,34.4
1961-02-26,0.0
1961-02-27,53.4
1961-02-28,18.2
1961-03-01,0.1
1961-03-02,3.1
1961-03-03,2.2
1961-03-04,0.0
1961-03-05,0.0
1961-03-06,40.4
1961-03-07,21.0
1961-03-08,19.2
1961-03-09,4.3
1961-03-10,0.0
1961-03-11,0.0
1961-03-12,29.3
1961-03-13,7.4
1961-03-14,3.3
1961-03-15,9.2
1961-03-16,0.2
1961-03-17,0.1
1961-03-18,27.0
1961-03-19,35.0
1961-03-20,3.1
1961-03-21,22.0
1961-03-22,0.0
1961-03-23,0.2
1961-03-24,0.0
1961-03-25,0.0
1961-03-26,12.3
1961-03-27,2.0
1961-03-28,0.0
1961-03-29,3.5
1961-03-30,0.0
1961-03-31,0.0
1961-04-01,0.1
1961-04-02,0.0
1961-04-03,0.0
1961-04-04,8.0
1961-04-05,1.1
1961-04-06,0.1
1961-04-07,0.0
1961-04-08,4.1
1961-04-09,0.0
1961-04-10,3.1
1961-04-11,0.0
1961-04-12,0.0
1961-04-13,22.0
1961-04-14,6.0
1961-04-15,15.1
1961-04-16,10.1
1961-04-17,0.0
1961-04-18,2.2
1961-04-19,0.0
1961-04-20,1.0
1961-04-21,0.0
1961-04-22,3.1
1961-04-23,10.4
1961-04-24,0.1
1961-04-25,10.0
1961-04-26,28.0
1961-04-27,14.0
1961-04-28,0.1
1961-04-29,1.0
1961-04-30,0.0
1961-05-01,0.0
1961-05-02,0.0
1961-05-03,6.3
1961-05-04,33.2
1961-05-05,68.0
1961-05-06,0.1
1961-05-07,0.1
1961-05-08,0.1
1961-05-09,0.0
1961-05-10,2.2
1961-05-11,9.4
1961-05-12,0.3
1961-05-13,0.0
1961-05-14,0.0
1961-05-15,0.0
1961-05-16,0.0
1961-05-17,0.0
1961-05-18,7.2
1961-05-19,0.0
1961-05-20,0.0
1961-05-21,0.1
1961-05-22,0.0
1961-05-23,0.0
1961-05-24,0.0
1961-05-25,0.0
1961-05-26,0.1
1961-05-27,0.2
1961-05-28,0.1
1961-05-29,0.0
1961-05-30,0.1
1961-05-31,0.0
1961-06-01,0.0
1961-06-02,0.0
1961-06-03,0.1
1961-06-04,0.0
1961-06-05,0.0
1961-06-06,9.3
1961-06-07,0.0
1961-06-08,0.0
1961-06-09,0.0
1961-06-10,0.0
1961-06-11,10.3
1961-06-12,35.0
1961-06-13,51.3
1961-06-14,18.2
1961-06-15,4.3
1961-06-16,0.2
1961-06-17,0.1
1961-06-18,0.0
1961-06-19,0.0
1961-06-20,0.0
1961-06-21,5.2
1961-06-22,3.3
1961-06-23,0.1
1961-06-24,0.0
1961-06-25,0.0
1961-06-26,0.0
1961-06-27,0.0
1961-06-28,0.0
1961-06-29,0.0
1961-06-30,0.0
1961-07-01,0.0
1961-07-02,1.3
1961-07-03,0.3
1961-07-04,0.3
1961-07-05,0.0
1961-07-06,0.0
1961-07-07,0.0
1961-07-08,38.1
1961-07-09,1.3
1961-07-10,0.0
1961-07-11,0.1
1961-07-12,0.0
1961-07-13,0.0
1961-07-14,0.0
1961-07-15,1.2
1961-07-16,2.3
1961-07-17,0.1
1961-07-18,0.0
1961-07-19,0.1
1961-07-20,0.0
1961-07-21,0.0
1961-07-22,0.0
1961-07-23,0.0
1961-07-24,0.0
1961-07-25,0.0
1961-07-26,0.0
1961-07-27,0.3
1961-07-28,3.0
1961-07-29,0.0
1961-07-30,0.0
1961-07-31,0.0
1961-08-01,0.0
1961-08-02,0.0
1961-08-03,0.0
1961-08-04,0.1
1961-08-05,0.0
1961-08-06,0.0
1961-08-07,0.0
1961-08-08,0.0
1961-08-09,0.5
1961-08-10,0.2
1961-08-11,0.3
1961-08-12,0.0
1961-08-13,0.5
1961-08-14,0.1
1961-08-15,0.0
1961-08-16,4.5
1961-08-17,3.0
1961-08-18,0.2
1961-08-19,0.0
1961-08-20,0.0
1961-08-21,0.0
1961-08-22,0.0
1961-08-23,0.0
1961-08-24,2.3
1961-08-25,0.0
1961-08-26,0.0
1961-08-27,0.0
1961-08-28,0.0
1961-08-29,0.0
1961-08-30,2.2
1961-08-31,0.0
1961-09-01,17.3
1961-09-02,16.1
1961-09-03,0.0
1961-09-04,0.0
1961-09-05,0.0
1961-09-06,31.0
1961-09-07,27.1
1961-09-08,42.1
1961-09-09,39.3
1961-09-10,13.0
1961-09-11,28.0
1961-09-12,45.3
1961-09-13,1.3
1961-09-14,1.0
1961-09-15,0.0
1961-09-16,0.0
1961-09-17,0.0
1961-09-18,0.0
1961-09-19,8.0
1961-09-20,3.4
1961-09-21,0.0
1961-09-22,11.3
1961-09-23,22.1
1961-09-24,5.3
1961-09-25,11.0
1961-09-26,3.0
1961-09-27,0.0
1961-09-28,19.1
1961-09-29,17.2
1961-09-30,9.3
1961-10-01,0.1
1961-10-02,0.0
1961-10-03,0.1
1961-10-04,0.0
1961-10-05,0.0
1961-10-06,0.0
1961-10-07,0.0
1961-10-08,0.0
1961-10-09,0.0
1961-10-10,0.0
1961-10-11,18.0
1961-10-12,1.3
1961-10-13,0.0
1961-10-14,0.0
1961-10-15,0.0
1961-10-16,4.3
1961-10-17,5.0
1961-10-18,8.0
1961-10-19,10.0
1961-10-20,6.0
1961-10-21,0.1
1961-10-22,31.2
1961-10-23,2.3
1961-10-24,6.0
1961-10-25,1.3
1961-10-26,15.2
1961-10-27,0.1
1961-10-28,0.0
1961-10-29,0.0
1961-10-30,10.0
1961-10-31,160.0
1961-11-01,92.2
1961-11-02,23.0
1961-11-03,19.1
1961-11-04,92.2
1961-11-05,1.0
1961-11-06,34.3
1961-11-07,1.1
1961-11-08,0.0
1961-11-09,0.0
1961-11-10,0.0
1961-11-11,0.0
1961-11-12,8.0
1961-11-13,0.1
1961-11-14,0.0
1961-11-15,11.2
1961-11-16,0.0
1961-11-17,0.0
1961-11-18,0.4
1961-11-19,0.0
1961-11-20,0.0
1961-11-21,16.0
1961-11-22,3.3
1961-11-23,5.1
1961-11-24,4.1
1961-11-25,1.8
1961-11-26,0.0
1961-11-27,10.1
1961-11-28,4.2
1961-11-29,27.0
1961-11-30,0.0
1961-12-01,4.0
1961-12-02,2.0
1961-12-03,3.0
1961-12-04,0.0
1961-12-05,6.1
1961-12-06,3.1
1961-12-07,6.0
1961-12-08,6.1
1961-12-09,0.0
1961-12-10,0.0
1961-12-11,3.3
1961-12-12,5.2
1961-12-13,0.0
1961-12-14,0.0
1961-12-15,1.1
1961-12-16,8.4
1961-12-17,83.0
1961-12-18,12.0
1961-12-19,0.0
1961-12-20,0.0
1961-12-21,12.3
1961-12-22,8.4
1961-12-23,2.4
1961-12-24,6.0
1961-12-25,10.3
1961-12-26,2.2
1961-12-27,29.0
1961-12-28,14.3
1961-12-29,6.2
1961-12-30,83.0
1961-12-31,3.1
1962-01-01,6.0
1962-01-02,0.0
1962-01-03,11.3
1962-01-04,0.0
1962-01-05,0.0
1962-01-06,0.0
1962-01-07,0.0
1962-01-08,7.0
1962-01-09,0.0
1962-01-10,0.0
1962-01-11,4.4
1962-01-12,0.0
1962-01-13,0.0
1962-01-14,0.0
1962-01-15,39.2
1962-01-16,12.1
1962-01-17,10.2
1962-01-18,3.1
1962-01-19,10.0
1962-01-20,7.3
1962-01-21,0.1
1962-01-22,0.0
1962-01-23,0.0
1962-01-24,13.0
1962-01-25,0.0
1962-01-26,0.0
1962-01-27,13.3
1962-01-28,2.2
1962-01-29,2.0
1962-01-30,83.0
1962-01-31,4.0
1962-02-01,1.2
1962-02-02,0.0
1962-02-03,0.0
1962-02-04,32.0
1962-02-05,15.0
1962-02-06,1.0
1962-02-07,0.0
1962-02-08,19.2
1962-02-09,0.0
1962-02-10,0.0
1962-02-11,3.5
1962-02-12,1.4
1962-02-13,0.0
1962-02-14,0.1
1962-02-15,0.4
1962-02-16,0.0
1962-02-17,0.0
1962-02-18,4.2
1962-02-19,8.4
1962-02-20,0.0
1962-02-21,0.0
1962-02-22,15.2
1962-02-23,0.2
1962-02-24,1.5
1962-02-25,10.4
1962-02-26,1.4
1962-02-27,1.2
1962-02-28,6.4
1962-03-01,2.1
1962-03-02,111.0
1962-03-03,4.4
1962-03-04,0.3
1962-03-05,3.0
1962-03-06,4.4
1962-03-07,63.3
1962-03-08,0.0
1962-03-09,0.0
1962-03-10,0.4
1962-03-11,0.2
1962-03-12,7.2
1962-03-13,0.0
1962-03-14,1.5
1962-03-15,4.4
1962-03-16,2.3
1962-03-17,28.3
1962-03-18,0.0
1962-03-19,18.3
1962-03-20,0.0
1962-03-21,0.0
1962-03-22,0.0
1962-03-23,0.0
1962-03-24,3.0
1962-03-25,0.0
1962-03-26,0.0
1962-03-27,0.0
1962-03-28,3.3
1962-03-29,0.0
1962-03-30,0.0
1962-03-31,14.3
1962-04-01,1.0
1962-04-02,0.0
1962-04-03,1.5
1962-04-04,0.0
1962-04-05,0.0
1962-04-06,0.0
1962-04-07,0.0
1962-04-08,0.0
1962-04-09,22.2
1962-04-10,1.2
1962-04-11,0.0
1962-04-12,0.0
1962-04-13,0.0
1962-04-14,0.0
1962-04-15,0.0
1962-04-16,5.0
1962-04-17,20.0
1962-04-18,0.3
1962-04-19,0.2
1962-04-20,0.2
1962-04-21,0.0
1962-04-22,0.0
1962-04-23,0.3
1962-04-24,2.3
1962-04-25,0.4
1962-04-26,0.6
1962-04-27,0.0
1962-04-28,0.0
1962-04-29,1.2
1962-04-30,0.0
1962-05-01,0.0
1962-05-02,4.9
1962-05-03,0.0
1962-05-04,0.0
1962-05-05,0.0
1962-05-06,0.0
1962-05-07,0.0
1962-05-08,0.0
1962-05-09,0.0
1962-05-10,2.8
1962-05-11,0.0
1962-05-12,0.0
1962-05-13,0.0
1962-05-14,0.1
1962-05-15,0.0
1962-05-16,0.0
1962-05-17,0.0
1962-05-18,5.2
1962-05-19,1.3
1962-05-20,8.4
1962-05-21,1.0
1962-05-22,1.0
1962-05-23,0.0
1962-05-24,0.0
1962-05-25,0.0
1962-05-26,0.0
1962-05-27,0.0
1962-05-28,39.4
1962-05-29,0.0
1962-05-30,0.0
1962-05-31,1.2
1962-06-01,0.0
1962-06-02,1.2
1962-06-03,7.0
1962-06-04,0.0
1962-06-05,0.0
1962-06-06,0.0
1962-06-07,1.0
1962-06-08,2.0
1962-06-09,2.9
1962-06-10,10.3
1962-06-11,0.0
1962-06-12,0.0
1962-06-13,0.0
1962-06-14,0.0
1962-06-15,0.0
1962-06-16,0.0
1962-06-17,0.0
1962-06-18,0.0
1962-06-19,0.1
1962-06-20,0.3
1962-06-21,0.1
1962-06-22,15.2
1962-06-23,11.0
1962-06-24,0.0
1962-06-25,0.0
1962-06-26,0.0
1962-06-27,0.0
1962-06-28,0.0
1962-06-29,0.0
1962-06-30,0.2
1962-07-01,0.1
1962-07-02,0.0
1962-07-03,0.0
1962-07-04,0.0
1962-07-05,0.0
1962-07-06,0.0
1962-07-07,0.0
1962-07-08,0.0
1962-07-09,12.0
1962-07-10,10.2
1962-07-11,0.3
1962-07-12,0.1
1962-07-13,0.2
1962-07-14,0.1
1962-07-15,0.0
1962-07-16,0.3
1962-07-17,3.7
1962-07-18,0.3
1962-07-19,0.0
1962-07-20,0.0
1962-07-21,0.0
1962-07-22,0.0
1962-07-23,0.0
1962-07-24,0.1
1962-07-25,7.0
1962-07-26,9.2
1962-07-27,0.3
1962-07-28,21.0
1962-07-29,5.0
1962-07-30,9.2
1962-07-31,0.1
1962-08-01,0.0
1962-08-02,0.0
1962-08-03,0.3
1962-08-04,0.0
1962-08-05,0.0
1962-08-06,0.0
1962-08-07,0.0
1962-08-08,0.0
1962-08-09,0.0
1962-08-10,0.0
1962-08-11,1.5
1962-08-12,0.0
1962-08-13,0.0
1962-08-14,0.0
1962-08-15,0.0
1962-08-16,0.0
1962-08-17,2.5
1962-08-18,0.1
1962-08-19,0.0
1962-08-20,1.3
1962-08-21,4.0
1962-08-22,4.3
1962-08-23,5.3
1962-08-24,0.0
1962-08-25,0.0
1962-08-26,0.0
1962-08-27,0.0
1962-08-28,0.0
1962-08-29,1.2
1962-08-30,2.2
1962-08-31,1.3
1962-09-01,0.0
1962-09-02,0.0
1962-09-03,0.0
1962-09-04,0.0
1962-09-05,0.0
1962-09-06,1.0
1962-09-07,1.0
1962-09-08,0.0
1962-09-09,20.1
1962-09-10,0.0
1962-09-11,0.0
1962-09-12,0.0
1962-09-13,7.4
1962-09-14,20.3
1962-09-15,3.0
1962-09-16,0.0
1962-09-17,0.1
1962-09-18,0.2
1962-09-19,11.0
1962-09-20,27.0
1962-09-21,25.4
1962-09-22,4.3
1962-09-23,0.1
1962-09-24,0.0
1962-09-25,0.0
1962-09-26,0.0
1962-09-27,0.0
1962-09-28,0.0
1962-09-29,9.0
1962-09-30,5.2
1962-10-01,0.5
1962-10-02,8.3
1962-10-03,1.3
1962-10-04,10.1
1962-10-05,0.2
1962-10-06,1.3
1962-10-07,0.0
1962-10-08,0.0
1962-10-09,4.0
1962-10-10,0.0
1962-10-11,17.0
1962-10-12,2.2
1962-10-13,2.1
1962-10-14,0.0
1962-10-15,0.0
1962-10-16,0.0
1962-10-17,14.2
1962-10-18,2.2
1962-10-19,25.3
1962-10-20,7.4
1962-10-21,0.0
1962-10-22,0.3
1962-10-23,2.2
1962-10-24,6.0
1962-10-25,12.0
1962-10-26,4.0
1962-10-27,0.0
1962-10-28,14.2
1962-10-29,3.4
1962-10-30,0.3
1962-10-31,10.2
1962-11-01,4.0
1962-11-02,0.0
1962-11-03,6.1
1962-11-04,1.4
1962-11-05,9.4
1962-11-06,0.2
1962-11-07,3.4
1962-11-08,5.0
1962-11-09,0.0
1962-11-10,0.0
1962-11-11,2.2
1962-11-12,0.0
1962-11-13,0.0
1962-11-14,0.0
1962-11-15,0.0
1962-11-16,0.0
1962-11-17,0.1
1962-11-18,0.1
1962-11-19,1.4
1962-11-20,0.5
1962-11-21,0.0
1962-11-22,1.8
1962-11-23,0.0
1962-11-24,0.0
1962-11-25,0.0
1962-11-26,0.0
1962-11-27,0.0
1962-11-28,0.0
1962-11-29,0.0
1962-11-30,21.2
1962-12-01,0.4
1962-12-02,11.0
1962-12-03,0.0
1962-12-04,33.0
1962-12-05,2.3
1962-12-06,13.0
1962-12-07,2.8
1962-12-08,10.6
1962-12-09,0.3
1962-12-10,0.0
1962-12-11,43.0
1962-12-12,19.1
1962-12-13,3.3
1962-12-14,6.4
1962-12-15,1.4
1962-12-16,1.0
1962-12-17,0.1
1962-12-18,7.3
1962-12-19,0.0
1962-12-20,0.0
1962-12-21,2.3
1962-12-22,0.0
1962-12-23,0.0
1962-12-24,0.0
1962-12-25,0.0
1962-12-26,0.7
1962-12-27,11.3
1962-12-28,0.0
1962-12-29,0.0
1962-12-30,0.0
1962-12-31,4.4
1963-01-01,5.2
1963-01-02,0.0
1963-01-03,1.8
1963-01-04,0.0
1963-01-05,0.0
1963-01-06,0.0
1963-01-07,0.0
1963-01-08,0.0
1963-01-09,17.0
1963-01-10,49.2
1963-01-11,42.3
1963-01-12,22.1
1963-01-13,9.2
1963-01-14,9.4
1963-01-15,29.3
1963-01-16,0.7
1963-01-17,39.4
1963-01-18,15.3
1963-01-19,15.3
1963-01-20,0.0
1963-01-21,0.0
1963-01-22,0.3
1963-01-23,9.3
1963-01-24,0.7
1963-01-25,0.0
1963-01-26,63.2
1963-01-27,0.0
1963-01-28,0.0
1963-01-29,11.3
1963-01-30,40.2
1963-01-31,2.0
1963-02-01,73.0
1963-02-02,5.2
1963-02-03,9.0
1963-02-04,8.0
1963-02-05,0.0
1963-02-06,0.0
1963-02-07,0.4
1963-02-08,0.0
1963-02-09,1.1
1963-02-10,13.1
1963-02-11,0.0
1963-02-12,0.0
1963-02-13,0.0
1963-02-14,14.2
1963-02-15,116.2
1963-02-16,28.0
1963-02-17,4.2
1963-02-18,0.0
1963-02-19,0.0
1963-02-20,6.3
1963-02-21,9.2
1963-02-22,0.2
1963-02-23,16.0
1963-02-24,14.2
1963-02-25,52.2
1963-02-26,60.0
1963-02-27,2.0
1963-02-28,3.2
1963-03-01,1.2
1963-03-02,22.4
1963-03-03,8.0
1963-03-04,1.3
1963-03-05,0.4
1963-03-06,0.0
1963-03-07,0.0
1963-03-08,0.0
1963-03-09,0.0
1963-03-10,4.0
1963-03-11,28.0
1963-03-12,9.2
1963-03-13,0.0
1963-03-14,0.0
1963-03-15,1.3
1963-03-16,0.0
1963-03-17,0.0
1963-03-18,0.0
1963-03-19,0.0
1963-03-20,0.0
1963-03-21,17.4
1963-03-22,28.0
1963-03-23,41.1
1963-03-24,10.0
1963-03-25,9.0
1963-03-26,45.4
1963-03-27,9.0
1963-03-28,6.1
1963-03-29,23.2
1963-03-30,5.0
1963-03-31,1.0
1963-04-01,0.2
1963-04-02,0.0
1963-04-03,0.0
1963-04-04,0.1
1963-04-05,0.0
1963-04-06,21.1
1963-04-07,32.0
1963-04-08,0.4
1963-04-09,0.0
1963-04-10,5.2
1963-04-11,4.3
1963-04-12,1.0
1963-04-13,0.1
1963-04-14,0.0
1963-04-15,0.0
1963-04-16,8.0
1963-04-17,0.0
1963-04-18,0.0
1963-04-19,0.0
1963-04-20,0.0
1963-04-21,0.1
1963-04-22,0.4
1963-04-23,0.2
1963-04-24,0.4
1963-04-25,0.0
1963-04-26,0.0
1963-04-27,0.0
1963-04-28,0.0
1963-04-29,0.0
1963-04-30,0.0
1963-05-01,0.0
1963-05-02,0.0
1963-05-03,0.0
1963-05-04,0.0
1963-05-05,0.0
1963-05-06,0.2
1963-05-07,0.0
1963-05-08,0.1
1963-05-09,0.0
1963-05-10,0.0
1963-05-11,0.0
1963-05-12,0.0
1963-05-13,0.4
1963-05-14,0.6
1963-05-15,0.0
1963-05-16,0.0
1963-05-17,0.4
1963-05-18,1.3
1963-05-19,0.0
1963-05-20,0.2
1963-05-21,0.1
1963-05-22,0.0
1963-05-23,0.0
1963-05-24,0.0
1963-05-25,0.0
1963-05-26,2.2
1963-05-27,0.0
1963-05-28,0.1
1963-05-29,0.0
1963-05-30,0.1
1963-05-31,0.1
1963-06-01,0.2
1963-06-02,1.0
1963-06-03,0.1
1963-06-04,0.0
1963-06-05,0.0
1963-06-06,0.0
1963-06-07,3.3
1963-06-08,1.8
1963-06-09,0.0
1963-06-10,0.0
1963-06-11,0.0
1963-06-12,1.3
1963-06-13,0.0
1963-06-14,1.3
1963-06-15,9.4
1963-06-16,3.2
1963-06-17,0.0
1963-06-18,0.0
1963-06-19,0.0
1963-06-20,0.5
1963-06-21,0.0
1963-06-22,0.0
1963-06-23,0.0
1963-06-24,0.0
1963-06-25,0.0
1963-06-26,0.0
1963-06-27,0.0
1963-06-28,0.0
1963-06-29,0.0
1963-06-30,0.0
1963-07-01,0.1
1963-07-02,0.0
1963-07-03,5.0
1963-07-04,6.3
1963-07-05,14.2
1963-07-06,0.3
1963-07-07,0.0
1963-07-08,0.2
1963-07-09,0.0
1963-07-10,0.1
1963-07-11,0.0
1963-07-12,0.3
1963-07-13,0.0
1963-07-14,0.0
1963-07-15,0.0
1963-07-16,0.0
1963-07-17,11.1
1963-07-18,12.0
1963-07-19,0.0
1963-07-20,0.0
1963-07-21,0.0
1963-07-22,15.3
1963-07-23,15.2
1963-07-24,0.1
1963-07-25,0.0
1963-07-26,0.0
1963-07-27,0.0
1963-07-28,0.0
1963-07-29,0.0
1963-07-30,0.0
1963-07-31,0.0
1963-08-01,0.0
1963-08-02,0.0
1963-08-03,0.0
1963-08-04,0.2
1963-08-05,6.2
1963-08-06,0.0
1963-08-07,0.0
1963-08-08,0.0
1963-08-09,0.0
1963-08-10,0.0
1963-08-11,0.0
1963-08-12,3.3
1963-08-13,0.0
1963-08-14,0.0
1963-08-15,22.4
1963-08-16,1.0
1963-08-17,0.0
1963-08-18,0.3
1963-08-19,0.4
1963-08-20,0.0
1963-08-21,0.1
1963-08-22,4.1
1963-08-23,1.7
1963-08-24,0.0
1963-08-25,15.0
1963-08-26,0.0
1963-08-27,0.0
1963-08-28,0.0
1963-08-29,0.0
1963-08-30,0.0
1963-08-31,0.1
1963-09-01,0.0
1963-09-02,0.0
1963-09-03,0.0
1963-09-04,0.0
1963-09-05,0.0
1963-09-06,0.0
1963-09-07,0.0
1963-09-08,0.0
1963-09-09,0.0
1963-09-10,0.0
1963-09-11,0.0
1963-09-12,8.0
1963-09-13,10.4
1963-09-14,3.0
1963-09-15,1.2
1963-09-16,21.4
1963-09-17,3.2
1963-09-18,0.2
1963-09-19,0.0
1963-09-20,0.0
1963-09-21,0.0
1963-09-22,4.0
1963-09-23,7.3
1963-09-24,48.2
1963-09-25,0.0
1963-09-26,4.4
1963-09-27,24.4
1963-09-28,22.3
1963-09-29,43.0
1963-09-30,10.0
1963-10-01,36.3
1963-10-02,15.0
1963-10-03,6.0
1963-10-04,23.0
1963-10-05,5.2
1963-10-06,22.2
1963-10-07,0.0
1963-10-08,0.0
1963-10-09,0.0
1963-10-10,8.1
1963-10-11,16.0
1963-10-12,0.0
1963-10-13,0.0
1963-10-14,1.6
1963-10-15,3.8
1963-10-16,2.0
1963-10-17,12.1
1963-10-18,11.4
1963-10-19,17.2
1963-10-20,0.0
1963-10-21,0.0
1963-10-22,33.1
1963-10-23,0.0
1963-10-24,6.2
1963-10-25,13.1
1963-10-26,11.1
1963-10-27,0.0
1963-10-28,2.1
1963-10-29,0.0
1963-10-30,0.0
1963-10-31,0.0
1963-11-01,29.0
1963-11-02,14.0
1963-11-03,10.3
1963-11-04,3.3
1963-11-05,0.0
1963-11-06,0.0
1963-11-07,18.3
1963-11-08,8.0
1963-11-09,0.0
1963-11-10,74.0
1963-11-11,0.0
1963-11-12,0.0
1963-11-13,0.0
1963-11-14,25.3
1963-11-15,10.0
1963-11-16,8.0
1963-11-17,0.0
1963-11-18,0.0
1963-11-19,20.3
1963-11-20,20.4
1963-11-21,47.0
1963-11-22,0.0
1963-11-23,0.0
1963-11-24,0.0
1963-11-25,0.0
1963-11-26,0.0
1963-11-27,4.3
1963-11-28,30.0
1963-11-29,2.1
1963-11-30,1.3
1963-12-01,3.2
1963-12-02,0.2
1963-12-03,4.2
1963-12-04,0.4
1963-12-05,32.0
1963-12-06,41.0
1963-12-07,0.0
1963-12-08,0.0
1963-12-09,2.0
1963-12-10,4.0
1963-12-11,19.1
1963-12-12,5.2
1963-12-13,0.0
1963-12-14,3.2
1963-12-15,10.2
1963-12-16,5.0
1963-12-17,25.0
1963-12-18,0.2
1963-12-19,7.4
1963-12-20,35.0
1963-12-21,13.0
1963-12-22,4.2
1963-12-23,0.0
1963-12-24,0.0
1963-12-25,1.1
1963-12-26,4.0
1963-12-27,6.1
1963-12-28,10.2
1963-12-29,0.0
1963-12-30,0.0
1963-12-31,0.0
1964-01-01,43.0
1964-01-02,17.3
1964-01-03,3.0
1964-01-04,3.0
1964-01-05,0.0
1964-01-06,0.0
1964-01-07,0.0
1964-01-08,3.4
1964-01-09,0.0
1964-01-10,4.8
1964-01-11,8.2
1964-01-12,3.1
1964-01-13,0.0
1964-01-14,1.7
1964-01-15,0.0
1964-01-16,0.0
1964-01-17,8.0
1964-01-18,0.0
1964-01-19,1.1
1964-01-20,22.4
1964-01-21,0.0
1964-01-22,0.0
1964-01-23,4.2
1964-01-24,0.6
1964-01-25,0.0
1964-01-26,0.3
1964-01-27,0.0
1964-01-28,6.7
1964-01-29,13.2
1964-01-30,1.2
1964-01-31,0.0
1964-02-01,3.2
1964-02-02,31.2
1964-02-03,0.0
1964-02-04,1.8
1964-02-05,0.1
1964-02-06,0.0
1964-02-07,0.0
1964-02-08,0.0
1964-02-09,11.3
1964-02-10,12.3
1964-02-11,0.0
1964-02-12,1.3
1964-02-13,6.4
1964-02-14,54.2
1964-02-15,8.3
1964-02-16,1.3
1964-02-17,0.0
1964-02-18,4.2
1964-02-19,52.2
1964-02-20,0.2
1964-02-21,2.0
1964-02-22,0.0
1964-02-23,1.5
1964-02-24,0.0
1964-02-25,0.0
1964-02-26,6.1
1964-02-27,0.0
1964-02-28,0.0
1964-02-29,0.0
1964-03-01,10.0
1964-03-02,10.1
1964-03-03,7.2
1964-03-04,0.0
1964-03-05,0.0
1964-03-06,0.0
1964-03-07,88.3
1964-03-08,15.4
1964-03-09,4.0
1964-03-10,0.3
1964-03-11,0.0
1964-03-12,0.0
1964-03-13,0.0
1964-03-14,9.2
1964-03-15,25.0
1964-03-16,0.0
1964-03-17,0.0
1964-03-18,0.2
1964-03-19,12.4
1964-03-20,8.4
1964-03-21,38.3
1964-03-22,0.0
1964-03-23,0.0
1964-03-24,0.0
1964-03-25,0.8
1964-03-26,3.2
1964-03-27,0.0
1964-03-28,1.0
1964-03-29,11.1
1964-03-30,22.1
1964-03-31,3.3
1964-04-01,2.0
1964-04-02,2.0
1964-04-03,5.3
1964-04-04,1.1
1964-04-05,0.4
1964-04-06,5.2
1964-04-07,35.2
1964-04-08,3.2
1964-04-09,0.0
1964-04-10,0.0
1964-04-11,6.4
1964-04-12,0.1
1964-04-13,0.0
1964-04-14,19.3
1964-04-15,5.0
1964-04-16,1.4
1964-04-17,0.0
1964-04-18,9.2
1964-04-19,32.0
1964-04-20,1.5
1964-04-21,15.3
1964-04-22,7.0
1964-04-23,4.0
1964-04-24,7.1
1964-04-25,5.2
1964-04-26,3.0
1964-04-27,3.2
1964-04-28,25.0
1964-04-29,4.3
1964-04-30,7.0
1964-05-01,59.0
1964-05-02,0.0
1964-05-03,0.0
1964-05-04,0.0
1964-05-05,15.3
1964-05-06,16.0
1964-05-07,0.0
1964-05-08,0.0
1964-05-09,0.0
1964-05-10,4.3
1964-05-11,0.1
1964-05-12,0.0
1964-05-13,0.0
1964-05-14,0.0
1964-05-15,2.4
1964-05-16,0.0
1964-05-17,0.0
1964-05-18,0.0
1964-05-19,0.1
1964-05-20,0.1
1964-05-21,0.1
1964-05-22,0.1
1964-05-23,0.0
1964-05-24,0.0
1964-05-25,0.1
1964-05-26,0.0
1964-05-27,0.0
1964-05-28,0.1
1964-05-29,10.1
1964-05-30,0.0
1964-05-31,0.0
1964-06-01,0.1
1964-06-02,0.0
1964-06-03,0.0
1964-06-04,0.0
1964-06-05,1.2
1964-06-06,0.0
1964-06-07,0.0
1964-06-08,0.0
1964-06-09,0.0
1964-06-10,7.1
1964-06-11,13.3
1964-06-12,34.2
1964-06-13,50.2
1964-06-14,0.3
1964-06-15,0.0
1964-06-16,21.0
1964-06-17,0.2
1964-06-18,0.2
1964-06-19,0.1
1964-06-20,0.0
1964-06-21,3.6
1964-06-22,0.2
1964-06-23,0.0
1964-06-24,18.0
1964-06-25,31.0
1964-06-26,0.1
1964-06-27,0.1
1964-06-28,0.0
1964-06-29,0.0
1964-06-30,0.0
1964-07-01,0.0
1964-07-02,0.0
1964-07-03,10.0
1964-07-04,22.3
1964-07-05,3.3
1964-07-06,0.3
1964-07-07,3.8
1964-07-08,0.2
1964-07-09,3.9
1964-07-10,0.0
1964-07-11,0.0
1964-07-12,0.1
1964-07-13,0.1
1964-07-14,0.0
1964-07-15,0.0
1964-07-16,0.0
1964-07-17,1.8
1964-07-18,0.0
1964-07-19,0.0
1964-07-20,0.0
1964-07-21,0.0
1964-07-22,0.0
1964-07-23,0.0
1964-07-24,2.3
1964-07-25,43.0
1964-07-26,0.0
1964-07-27,0.0
1964-07-28,0.2
1964-07-29,0.1
1964-07-30,0.0
1964-07-31,0.0
1964-08-01,0.0
1964-08-02,10.0
1964-08-03,13.2
1964-08-04,0.0
1964-08-05,0.0
1964-08-06,0.0
1964-08-07,0.0
1964-08-08,0.0
1964-08-09,2.9
1964-08-10,0.0
1964-08-11,0.1
1964-08-12,12.0
1964-08-13,17.0
1964-08-14,22.2
1964-08-15,3.0
1964-08-16,2.2
1964-08-17,0.3
1964-08-18,0.2
1964-08-19,1.0
1964-08-20,9.4
1964-08-21,3.0
1964-08-22,8.2
1964-08-23,0.0
1964-08-24,0.2
1964-08-25,2.2
1964-08-26,6.0
1964-08-27,18.1
1964-08-28,10.4
1964-08-29,0.1
1964-08-30,3.0
1964-08-31,4.2
1964-09-01,0.0
1964-09-02,30.2
1964-09-03,11.3
1964-09-04,0.0
1964-09-05,0.0
1964-09-06,5.3
1964-09-07,0.0
1964-09-08,7.3
1964-09-09,0.9
1964-09-10,0.0
1964-09-11,21.3
1964-09-12,3.2
1964-09-13,0.0
1964-09-14,0.0
1964-09-15,0.0
1964-09-16,0.0
1964-09-17,0.0
1964-09-18,0.0
1964-09-19,0.0
1964-09-20,0.0
1964-09-21,0.0
1964-09-22,0.0
1964-09-23,0.2
1964-09-24,4.8
1964-09-25,4.0
1964-09-26,7.0
1964-09-27,8.2
1964-09-28,12.1
1964-09-29,0.2
1964-09-30,0.0
1964-10-01,3.4
1964-10-02,1.8
1964-10-03,5.0
1964-10-04,10.3
1964-10-05,0.0
1964-10-06,0.0
1964-10-07,7.1
1964-10-08,30.2
1964-10-09,12.0
1964-10-10,7.4
1964-10-11,12.0
1964-10-12,7.1
1964-10-13,0.0
1964-10-14,0.0
1964-10-15,2.3
1964-10-16,0.0
1964-10-17,0.0
1964-10-18,0.0
1964-10-19,0.0
1964-10-20,9.1
1964-10-21,11.4
1964-10-22,0.0
1964-10-23,0.0
1964-10-24,2.3
1964-10-25,0.0
1964-10-26,14.4
1964-10-27,2.0
1964-10-28,0.0
1964-10-29,0.0
1964-10-30,20.0
1964-10-31,0.0
1964-11-01,15.2
1964-11-02,0.0
1964-11-03,0.0
1964-11-04,0.4
1964-11-05,12.3
1964-11-06,0.0
1964-11-07,0.0
1964-11-08,0.0
1964-11-09,1.5
1964-11-10,2.7
1964-11-11,2.0
1964-11-12,3.7
1964-11-13,0.0
1964-11-14,0.0
1964-11-15,0.0
1964-11-16,0.2
1964-11-17,5.7
1964-11-18,4.2
1964-11-19,5.0
1964-11-20,17.1
1964-11-21,36.1
1964-11-22,20.2
1964-11-23,1.2
1964-11-24,0.0
1964-11-25,0.0
1964-11-26,0.0
1964-11-27,0.0
1964-11-28,0.0
1964-11-29,0.0
1964-11-30,11.4
1964-12-01,72.0
1964-12-02,30.0
1964-12-03,1.0
1964-12-04,37.3
1964-12-05,0.3
1964-12-06,0.3
1964-12-07,0.5
1964-12-08,1.8
1964-12-09,0.0
1964-12-10,22.1
1964-12-11,0.0
1964-12-12,0.6
1964-12-13,9.5
1964-12-14,5.4
1964-12-15,0.0
1964-12-16,0.0
1964-12-17,0.0
1964-12-18,3.4
1964-12-19,4.0
1964-12-20,0.0
1964-12-21,0.1
1964-12-22,0.0
1964-12-23,15.2
1964-12-24,53.3
1964-12-25,0.0
1964-12-26,0.0
1964-12-27,3.8
1964-12-28,10.0
1964-12-29,9.2
1964-12-30,3.0
1964-12-31,0.0
1965-01-01,0.0
1965-01-02,0.3
1965-01-03,0.0
1965-01-04,13.4
1965-01-05,0.0
1965-01-06,0.0
1965-01-07,0.0
1965-01-08,0.0
1965-01-09,45.0
1965-01-10,0.0
1965-01-11,0.0
1965-01-12,0.0
1965-01-13,8.0
1965-01-14,3.1
1965-01-15,2.2
1965-01-16,12.2
1965-01-17,9.4
1965-01-18,20.3
1965-01-19,7.1
1965-01-20,6.1
1965-01-21,0.0
1965-01-22,0.0
1965-01-23,0.0
1965-01-24,0.0
1965-01-25,0.0
1965-01-26,0.0
1965-01-27,69.0
1965-01-28,58.3
1965-01-29,19.2
1965-01-30,0.0
1965-01-31,18.1
1965-02-01,53.3
1965-02-02,0.0
1965-02-03,73.3
1965-02-04,23.1
1965-02-05,21.3
1965-02-06,0.0
1965-02-07,0.0
1965-02-08,0.0
1965-02-09,0.1
1965-02-10,0.0
1965-02-11,0.0
1965-02-12,0.0
1965-02-13,4.1
1965-02-14,4.0
1965-02-15,0.0
1965-02-16,0.0
1965-02-17,54.3
1965-02-18,4.3
1965-02-19,0.0
1965-02-20,0.1
1965-02-21,0.0
1965-02-22,0.0
1965-02-23,0.0
1965-02-24,14.1
1965-02-25,19.3
1965-02-26,12.1
1965-02-27,32.3
1965-02-28,3.4
1965-03-01,1.4
1965-03-02,29.0
1965-03-03,22.2
1965-03-04,15.3
1965-03-05,2.2
1965-03-06,0.0
1965-03-07,10.0
1965-03-08,0.3
1965-03-09,20.2
1965-03-10,47.4
1965-03-11,0.0
1965-03-12,0.0
1965-03-13,0.0
1965-03-14,0.0
1965-03-15,0.0
1965-03-16,0.0
1965-03-17,10.0
1965-03-18,3.4
1965-03-19,4.3
1965-03-20,0.0
1965-03-21,0.1
1965-03-22,2.3
1965-03-23,30.3
1965-03-24,0.0
1965-03-25,3.2
1965-03-26,0.0
1965-03-27,0.0
1965-03-28,0.0
1965-03-29,0.1
1965-03-30,5.4
1965-03-31,0.0
1965-04-01,3.3
1965-04-02,0.0
1965-04-03,1.4
1965-04-04,1.0
1965-04-05,0.0
1965-04-06,0.7
1965-04-07,13.0
1965-04-08,0.0
1965-04-09,7.2
1965-04-10,2.3
1965-04-11,10.2
1965-04-12,0.0
1965-04-13,0.0
1965-04-14,12.2
1965-04-15,8.2
1965-04-16,0.0
1965-04-17,0.0
1965-04-18,0.0
1965-04-19,1.6
1965-04-20,1.6
1965-04-21,0.0
1965-04-22,0.0
1965-04-23,0.3
1965-04-24,0.1
1965-04-25,0.0
1965-04-26,10.1
1965-04-27,6.1
1965-04-28,31.0
1965-04-29,66.2
1965-04-30,16.3
1965-05-01,89.1
1965-05-02,4.1
1965-05-03,0.1
1965-05-04,0.0
1965-05-05,0.1
1965-05-06,0.1
1965-05-07,0.0
1965-05-08,0.1
1965-05-09,9.6
1965-05-10,40.2
1965-05-11,21.4
1965-05-12,0.0
1965-05-13,2.0
1965-05-14,86.0
1965-05-15,0.0
1965-05-16,2.0
1965-05-17,2.2
1965-05-18,0.2
1965-05-19,0.0
1965-05-20,0.0
1965-05-21,6.2
1965-05-22,0.1
1965-05-23,0.1
1965-05-24,0.1
1965-05-25,0.1
1965-05-26,0.1
1965-05-27,0.1
1965-05-28,0.0
1965-05-29,0.0
1965-05-30,0.1
1965-05-31,0.1
1965-06-01,0.0
1965-06-02,0.0
1965-06-03,1.3
1965-06-04,16.2
1965-06-05,2.0
1965-06-06,3.0
1965-06-07,4.3
1965-06-08,1.3
1965-06-09,5.5
1965-06-10,5.0
1965-06-11,0.0
1965-06-12,2.0
1965-06-13,2.1
1965-06-14,8.0
1965-06-15,4.2
1965-06-16,0.0
1965-06-17,0.0
1965-06-18,0.3
1965-06-19,0.0
1965-06-20,0.0
1965-06-21,0.0
1965-06-22,0.0
1965-06-23,0.0
1965-06-24,0.0
1965-06-25,0.0
1965-06-26,0.0
1965-06-27,0.0
1965-06-28,0.0
1965-06-29,0.0
1965-06-30,3.0
1965-07-01,0.2
1965-07-02,5.2
1965-07-03,39.2
1965-07-04,26.0
1965-07-05,53.2
1965-07-06,14.0
1965-07-07,0.0
1965-07-08,0.0
1965-07-09,0.1
1965-07-10,25.0
1965-07-11,0.0
1965-07-12,0.0
1965-07-13,0.0
1965-07-14,0.0
1965-07-15,3.0
1965-07-16,0.0
1965-07-17,5.3
1965-07-18,0.0
1965-07-19,0.0
1965-07-20,2.4
1965-07-21,0.0
1965-07-22,0.0
1965-07-23,0.0
1965-07-24,0.0
1965-07-25,0.0
1965-07-26,0.0
1965-07-27,1.0
1965-07-28,0.1
1965-07-29,0.0
1965-07-30,0.2
1965-07-31,72.0
1965-08-01,0.0
1965-08-02,0.1
1965-08-03,0.1
1965-08-04,0.0
1965-08-05,0.0
1965-08-06,0.2
1965-08-07,0.0
1965-08-08,0.0
1965-08-09,0.0
1965-08-10,0.0
1965-08-11,0.0
1965-08-12,0.2
1965-08-13,0.1
1965-08-14,0.0
1965-08-15,0.1
1965-08-16,0.0
1965-08-17,0.0
1965-08-18,0.0
1965-08-19,53.3
1965-08-20,46.1
1965-08-21,4.2
1965-08-22,0.0
1965-08-23,0.0
1965-08-24,0.1
1965-08-25,0.1
1965-08-26,0.1
1965-08-27,0.0
1965-08-28,0.0
1965-08-29,0.2
1965-08-30,0.0
1965-08-31,3.0
1965-09-01,8.3
1965-09-02,0.0
1965-09-03,5.0
1965-09-04,0.0
1965-09-05,0.0
1965-09-06,20.1
1965-09-07,10.2
1965-09-08,26.1
1965-09-09,4.3
1965-09-10,1.0
1965-09-11,5.0
1965-09-12,0.0
1965-09-13,0.0
1965-09-14,0.3
1965-09-15,7.0
1965-09-16,3.0
1965-09-17,0.0
1965-09-18,0.1
1965-09-19,12.2
1965-09-20,2.0
1965-09-21,0.0
1965-09-22,0.0
1965-09-23,0.0
1965-09-24,0.0
1965-09-25,0.0
1965-09-26,9.3
1965-09-27,38.0
1965-09-28,30.0
1965-09-29,0.2
1965-09-30,0.4
1965-10-01,73.3
1965-10-02,0.0
1965-10-03,0.0
1965-10-04,0.0
1965-10-05,1.2
1965-10-06,0.0
1965-10-07,0.0
1965-10-08,0.0
1965-10-09,0.0
1965-10-10,5.0
1965-10-11,31.2
1965-10-12,0.0
1965-10-13,7.4
1965-10-14,0.0
1965-10-15,0.0
1965-10-16,0.0
1965-10-17,0.0
1965-10-18,0.2
1965-10-19,0.2
1965-10-20,3.4
1965-10-21,3.5
1965-10-22,0.0
1965-10-23,6.3
1965-10-24,0.2
1965-10-25,25.3
1965-10-26,0.0
1965-10-27,0.0
1965-10-28,0.0
1965-10-29,1.0
1965-10-30,0.0
1965-10-31,0.0
1965-11-01,0.0
1965-11-02,0.1
1965-11-03,0.0
1965-11-04,0.0
1965-11-05,5.4
1965-11-06,44.3
1965-11-07,0.2
1965-11-08,52.3
1965-11-09,6.3
1965-11-10,2.8
1965-11-11,0.0
1965-11-12,10.2
1965-11-13,60.0
1965-11-14,3.0
1965-11-15,24.0
1965-11-16,6.0
1965-11-17,0.0
1965-11-18,0.0
1965-11-19,0.0
1965-11-20,0.1
1965-11-21,0.3
1965-11-22,0.0
1965-11-23,35.0
1965-11-24,0.1
1965-11-25,0.0
1965-11-26,5.6
1965-11-27,15.2
1965-11-28,12.0
1965-11-29,4.1
1965-11-30,0.0
1965-12-01,18.3
1965-12-02,14.0
1965-12-03,16.0
1965-12-04,2.0
1965-12-05,4.0
1965-12-06,16.2
1965-12-07,3.2
1965-12-08,1.0
1965-12-09,0.0
1965-12-10,3.0
1965-12-11,8.3
1965-12-12,6.3
1965-12-13,2.2
1965-12-14,0.2
1965-12-15,19.2
1965-12-16,15.0
1965-12-17,1.0
1965-12-18,0.0
1965-12-19,0.0
1965-12-20,18.1
1965-12-21,16.2
1965-12-22,51.0
1965-12-23,0.0
1965-12-24,5.3
1965-12-25,14.4
1965-12-26,0.3
1965-12-27,12.2
1965-12-28,13.0
1965-12-29,7.3
1965-12-30,11.1
1965-12-31,4.4
1966-01-01,0.6
1966-01-02,16.3
1966-01-03,0.0
1966-01-04,0.2
1966-01-05,61.1
1966-01-06,10.1
1966-01-07,0.0
1966-01-08,0.0
1966-01-09,6.3
1966-01-10,25.0
1966-01-11,1.3
1966-01-12,4.4
1966-01-13,4.1
1966-01-14,0.3
1966-01-15,4.4
1966-01-16,6.3
1966-01-17,8.3
1966-01-18,3.0
1966-01-19,15.0
1966-01-20,1.2
1966-01-21,4.2
1966-01-22,6.2
1966-01-23,1.2
1966-01-24,7.3
1966-01-25,0.0
1966-01-26,12.4
1966-01-27,13.1
1966-01-28,0.3
1966-01-29,28.0
1966-01-30,0.3
1966-01-31,10.3
1966-02-01,3.4
1966-02-02,0.0
1966-02-03,0.0
1966-02-04,0.0
1966-02-05,0.2
1966-02-06,0.0
1966-02-07,6.2
1966-02-08,62.2
1966-02-09,18.0
1966-02-10,14.0
1966-02-11,0.2
1966-02-12,13.2
1966-02-13,99.2
1966-02-14,34.3
1966-02-15,5.0
1966-02-16,21.2
1966-02-17,5.3
1966-02-18,13.1
1966-02-19,33.0
1966-02-20,0.0
1966-02-21,2.0
1966-02-22,37.2
1966-02-23,2.0
1966-02-24,1.3
1966-02-25,27.2
1966-02-26,7.2
1966-02-27,10.4
1966-02-28,0.0
1966-03-01,17.4
1966-03-02,0.0
1966-03-03,11.3
1966-03-04,66.2
1966-03-05,29.4
1966-03-06,0.3
1966-03-07,0.0
1966-03-08,0.2
1966-03-09,0.0
1966-03-10,0.0
1966-03-11,0.0
1966-03-12,0.0
1966-03-13,0.0
1966-03-14,1.5
1966-03-15,0.0
1966-03-16,0.0
1966-03-17,0.0
1966-03-18,0.0
1966-03-19,3.0
1966-03-20,0.0
1966-03-21,0.0
1966-03-22,0.9
1966-03-23,42.2
1966-03-24,17.4
1966-03-25,74.3
1966-03-26,8.2
1966-03-27,0.0
1966-03-28,2.3
1966-03-29,27.3
1966-03-30,21.2
1966-03-31,0.0
1966-04-01,0.3
1966-04-02,0.2
1966-04-03,12.3
1966-04-04,18.1
1966-04-05,5.3
1966-04-06,46.1
1966-04-07,131.2
1966-04-08,28.3
1966-04-09,18.4
1966-04-10,15.1
1966-04-11,7.0
1966-04-12,7.3
1966-04-13,3.0
1966-04-14,0.1
1966-04-15,0.0
1966-04-16,0.0
1966-04-17,0.0
1966-04-18,0.0
1966-04-19,0.0
1966-04-20,1.2
1966-04-21,11.4
1966-04-22,1.0
1966-04-23,0.0
1966-04-24,0.0
1966-04-25,49.2
1966-04-26,0.1
1966-04-27,0.0
1966-04-28,0.0
1966-04-29,0.0
1966-04-30,0.0
1966-05-01,0.0
1966-05-02,9.2
1966-05-03,0.0
1966-05-04,21.3
1966-05-05,6.3
1966-05-06,18.2
1966-05-07,18.2
1966-05-08,0.0
1966-05-09,0.0
1966-05-10,0.0
1966-05-11,40.2
1966-05-12,5.0
1966-05-13,0.0
1966-05-14,0.0
1966-05-15,0.1
1966-05-16,0.2
1966-05-17,0.1
1966-05-18,0.3
1966-05-19,0.2
1966-05-20,0.0
1966-05-21,0.0
1966-05-22,0.0
1966-05-23,8.1
1966-05-24,0.0
1966-05-25,0.0
1966-05-26,0.0
1966-05-27,10.1
1966-05-28,0.3
1966-05-29,0.1
1966-05-30,0.0
1966-05-31,0.2
1966-06-01,0.1
1966-06-02,0.0
1966-06-03,0.0
1966-06-04,0.2
1966-06-05,0.0
1966-06-06,0.0
1966-06-07,0.1
1966-06-08,0.1
1966-06-09,0.2
1966-06-10,0.1
1966-06-11,0.0
1966-06-12,0.0
1966-06-13,6.8
1966-06-14,1.4
1966-06-15,0.0
1966-06-16,0.1
1966-06-17,16.2
1966-06-18,17.2
1966-06-19,0.0
1966-06-20,0.1
1966-06-21,0.0
1966-06-22,0.0
1966-06-23,3.6
1966-06-24,46.3
1966-06-25,0.2
1966-06-26,0.0
1966-06-27,0.2
1966-06-28,1.0
1966-06-29,5.1
1966-06-30,11.0
1966-07-01,3.4
1966-07-02,0.0
1966-07-03,0.0
1966-07-04,0.5
1966-07-05,0.0
1966-07-06,1.0
1966-07-07,1.3
1966-07-08,6.3
1966-07-09,0.0
1966-07-10,0.0
1966-07-11,0.0
1966-07-12,0.0
1966-07-13,0.1
1966-07-14,0.0
1966-07-15,0.0
1966-07-16,0.0
1966-07-17,0.0
1966-07-18,0.0
1966-07-19,0.0
1966-07-20,0.0
1966-07-21,0.0
1966-07-22,0.0
1966-07-23,18.1
1966-07-24,0.4
1966-07-25,0.0
1966-07-26,0.0
1966-07-27,1.2
1966-07-28,2.4
1966-07-29,0.0
1966-07-30,0.0
1966-07-31,0.0
1966-08-01,0.0
1966-08-02,0.1
1966-08-03,0.0
1966-08-04,0.8
1966-08-05,0.2
1966-08-06,5.9
1966-08-07,0.2
1966-08-08,0.2
1966-08-09,4.8
1966-08-10,3.9
1966-08-11,0.0
1966-08-12,0.0
1966-08-13,0.0
1966-08-14,0.1
1966-08-15,42.3
1966-08-16,2.1
1966-08-17,0.0
1966-08-18,0.0
1966-08-19,0.0
1966-08-20,0.0
1966-08-21,0.0
1966-08-22,6.0
1966-08-23,2.3
1966-08-24,24.1
1966-08-25,9.1
1966-08-26,0.2
1966-08-27,0.0
1966-08-28,0.0
1966-08-29,0.0
1966-08-30,5.3
1966-08-31,2.4
1966-09-01,4.0
1966-09-02,17.4
1966-09-03,11.0
1966-09-04,29.4
1966-09-05,19.0
1966-09-06,11.0
1966-09-07,0.0
1966-09-08,0.3
1966-09-09,0.0
1966-09-10,5.4
1966-09-11,0.1
1966-09-12,0.2
1966-09-13,2.4
1966-09-14,0.0
1966-09-15,0.1
1966-09-16,15.0
1966-09-17,1.0
1966-09-18,0.0
1966-09-19,0.0
1966-09-20,0.0
1966-09-21,0.0
1966-09-22,0.0
1966-09-23,0.0
1966-09-24,0.1
1966-09-25,0.0
1966-09-26,0.1
1966-09-27,0.1
1966-09-28,11.3
1966-09-29,4.9
1966-09-30,4.1
1966-10-01,0.0
1966-10-02,0.0
1966-10-03,3.1
1966-10-04,39.1
1966-10-05,2.1
1966-10-06,5.1
1966-10-07,15.2
1966-10-08,47.2
1966-10-09,0.0
1966-10-10,0.0
1966-10-11,0.0
1966-10-12,7.4
1966-10-13,7.2
1966-10-14,2.3
1966-10-15,0.1
1966-10-16,42.0
1966-10-17,9.2
1966-10-18,17.2
1966-10-19,0.0
1966-10-20,0.0
1966-10-21,0.1
1966-10-22,0.0
1966-10-23,47.2
1966-10-24,0.0
1966-10-25,0.0
1966-10-26,0.0
1966-10-27,17.1
1966-10-28,22.2
1966-10-29,19.2
1966-10-30,20.0
1966-10-31,15.1
1966-11-01,41.4
1966-11-02,2.2
1966-11-03,3.1
1966-11-04,0.0
1966-11-05,0.3
1966-11-06,0.2
1966-11-07,0.0
1966-11-08,0.0
1966-11-09,0.0
1966-11-10,2.2
1966-11-11,1.3
1966-11-12,10.2
1966-11-13,5.2
1966-11-14,29.2
1966-11-15,6.0
1966-11-16,10.1
1966-11-17,38.0
1966-11-18,0.0
1966-11-19,0.0
1966-11-20,7.2
1966-11-21,0.0
1966-11-22,19.1
1966-11-23,2.2
1966-11-24,0.1
1966-11-25,0.0
1966-11-26,0.0
1966-11-27,0.0
1966-11-28,0.0
1966-11-29,0.0
1966-11-30,0.0
1966-12-01,1.4
1966-12-02,3.4
1966-12-03,37.3
1966-12-04,3.4
1966-12-05,5.3
1966-12-06,0.2
1966-12-07,0.0
1966-12-08,35.2
1966-12-09,0.0
1966-12-10,0.0
1966-12-11,4.4
1966-12-12,4.2
1966-12-13,2.3
1966-12-14,8.3
1966-12-15,0.0
1966-12-16,6.0
1966-12-17,8.3
1966-12-18,6.0
1966-12-19,13.0
1966-12-20,45.0
1966-12-21,0.5
1966-12-22,0.0
1966-12-23,0.0
1966-12-24,9.2
1966-12-25,0.1
1966-12-26,2.0
1966-12-27,3.1
1966-12-28,16.0
1966-12-29,2.0
1966-12-30,0.0
1966-12-31,1.6
1967-01-01,41.3
1967-01-02,11.4
1967-01-03,12.1
1967-01-04,18.3
1967-01-05,18.0
1967-01-06,0.0
1967-01-07,1.3
1967-01-08,0.0
1967-01-09,20.2
1967-01-10,21.1
1967-01-11,0.0
1967-01-12,0.0
1967-01-13,0.0
1967-01-14,0.0
1967-01-15,9.0
1967-01-16,38.0
1967-01-17,0.0
1967-01-18,0.1
1967-01-19,0.0
1967-01-20,5.3
1967-01-21,1.3
1967-01-22,20.0
1967-01-23,0.5
1967-01-24,9.2
1967-01-25,38.2
1967-01-26,26.0
1967-01-27,11.0
1967-01-28,5.3
1967-01-29,0.1
1967-01-30,63.2
1967-01-31,26.3
1967-02-01,29.1
1967-02-02,57.2
1967-02-03,19.1
1967-02-04,48.0
1967-02-05,1.0
1967-02-06,0.0
1967-02-07,0.0
1967-02-08,0.0
1967-02-09,8.0
1967-02-10,0.0
1967-02-11,30.0
1967-02-12,160.1
1967-02-13,54.4
1967-02-14,1.6
1967-02-15,0.0
1967-02-16,0.6
1967-02-17,46.1
1967-02-18,55.0
1967-02-19,28.1
1967-02-20,1.1
1967-02-21,1.4
1967-02-22,1.3
1967-02-23,0.0
1967-02-24,0.0
1967-02-25,0.0
1967-02-26,56.0
1967-02-27,0.2
1967-02-28,0.0
1967-03-01,0.1
1967-03-02,18.4
1967-03-03,5.3
1967-03-04,7.3
1967-03-05,23.2
1967-03-06,10.2
1967-03-07,6.2
1967-03-08,0.0
1967-03-09,0.2
1967-03-10,0.1
1967-03-11,1.0
1967-03-12,0.0
1967-03-13,31.0
1967-03-14,4.2
1967-03-15,0.2
1967-03-16,4.1
1967-03-17,0.0
1967-03-18,1.6
1967-03-19,24.1
1967-03-20,7.1
1967-03-21,0.2
1967-03-22,0.0
1967-03-23,0.0
1967-03-24,0.0
1967-03-25,20.3
1967-03-26,0.3
1967-03-27,3.0
1967-03-28,30.4
1967-03-29,33.1
1967-03-30,0.3
1967-03-31,0.2
1967-04-01,0.0
1967-04-02,19.1
1967-04-03,0.0
1967-04-04,0.0
1967-04-05,0.0
1967-04-06,2.2
1967-04-07,1.1
1967-04-08,0.2
1967-04-09,0.0
1967-04-10,0.0
1967-04-11,0.0
1967-04-12,0.0
1967-04-13,0.0
1967-04-14,0.0
1967-04-15,18.3
1967-04-16,0.0
1967-04-17,0.2
1967-04-18,1.0
1967-04-19,0.0
1967-04-20,1.5
1967-04-21,0.0
1967-04-22,0.2
1967-04-23,0.6
1967-04-24,0.7
1967-04-25,0.0
1967-04-26,0.0
1967-04-27,0.0
1967-04-28,30.2
1967-04-29,10.2
1967-04-30,0.0
1967-05-01,0.0
1967-05-02,0.0
1967-05-03,0.2
1967-05-04,0.1
1967-05-05,0.1
1967-05-06,0.0
1967-05-07,0.0
1967-05-08,0.0
1967-05-09,0.0
1967-05-10,0.1
1967-05-11,0.1
1967-05-12,0.0
1967-05-13,0.0
1967-05-14,0.1
1967-05-15,0.1
1967-05-16,0.0
1967-05-17,2.6
1967-05-18,0.0
1967-05-19,0.0
1967-05-20,8.3
1967-05-21,0.0
1967-05-22,2.2
1967-05-23,31.0
1967-05-24,0.1
1967-05-25,0.0
1967-05-26,0.0
1967-05-27,0.2
1967-05-28,0.0
1967-05-29,0.1
1967-05-30,0.0
1967-05-31,12.2
1967-06-01,0.4
1967-06-02,0.0
1967-06-03,2.1
1967-06-04,6.3
1967-06-05,13.0
1967-06-06,41.3
1967-06-07,0.0
1967-06-08,0.0
1967-06-09,0.0
1967-06-10,0.3
1967-06-11,0.2
1967-06-12,0.2
1967-06-13,18.2
1967-06-14,13.2
1967-06-15,27.2
1967-06-16,5.0
1967-06-17,0.0
1967-06-18,0.6
1967-06-19,0.2
1967-06-20,0.0
1967-06-21,0.2
1967-06-22,0.2
1967-06-23,0.0
1967-06-24,0.1
1967-06-25,1.0
1967-06-26,1.1
1967-06-27,0.0
1967-06-28,0.0
1967-06-29,0.8
1967-06-30,11.2
1967-07-01,0.0
1967-07-02,0.2
1967-07-03,0.0
1967-07-04,0.2
1967-07-05,0.0
1967-07-06,0.1
1967-07-07,0.0
1967-07-08,0.0
1967-07-09,0.0
1967-07-10,3.0
1967-07-11,15.0
1967-07-12,16.1
1967-07-13,25.0
1967-07-14,10.3
1967-07-15,10.2
1967-07-16,1.1
1967-07-17,57.3
1967-07-18,18.3
1967-07-19,2.0
1967-07-20,0.0
1967-07-21,0.0
1967-07-22,0.3
1967-07-23,0.0
1967-07-24,0.2
1967-07-25,0.0
1967-07-26,0.0
1967-07-27,0.2
1967-07-28,0.0
1967-07-29,0.1
1967-07-30,0.2
1967-07-31,0.3
1967-08-01,0.0
1967-08-02,0.0
1967-08-03,0.0
1967-08-04,0.0
1967-08-05,0.0
1967-08-06,5.4
1967-08-07,7.0
1967-08-08,0.1
1967-08-09,0.0
1967-08-10,0.0
1967-08-11,0.0
1967-08-12,0.0
1967-08-13,3.1
1967-08-14,7.1
1967-08-15,2.0
1967-08-16,0.0
1967-08-17,0.1
1967-08-18,0.0
1967-08-19,0.0
1967-08-20,0.0
1967-08-21,0.0
1967-08-22,2.3
1967-08-23,2.3
1967-08-24,0.7
1967-08-25,0.0
1967-08-26,0.0
1967-08-27,0.0
1967-08-28,0.0
1967-08-29,0.3
1967-08-30,2.8
1967-08-31,0.1
1967-09-01,0.0
1967-09-02,0.1
1967-09-03,0.1
1967-09-04,0.2
1967-09-05,0.0
1967-09-06,15.4
1967-09-07,0.2
1967-09-08,4.3
1967-09-09,0.2
1967-09-10,0.5
1967-09-11,0.0
1967-09-12,8.2
1967-09-13,27.2
1967-09-14,0.0
1967-09-15,0.2
1967-09-16,0.0
1967-09-17,0.0
1967-09-18,0.5
1967-09-19,2.3
1967-09-20,5.1
1967-09-21,8.4
1967-09-22,10.2
1967-09-23,15.1
1967-09-24,23.0
1967-09-25,8.3
1967-09-26,1.3
1967-09-27,13.1
1967-09-28,5.1
1967-09-29,9.2
1967-09-30,7.0
1967-10-01,0.0
1967-10-02,0.0
1967-10-03,7.4
1967-10-04,0.2
1967-10-05,0.2
1967-10-06,0.4
1967-10-07,1.4
1967-10-08,0.2
1967-10-09,0.0
1967-10-10,0.0
1967-10-11,0.0
1967-10-12,0.0
1967-10-13,57.0
1967-10-14,0.2
1967-10-15,0.2
1967-10-16,2.2
1967-10-17,10.1
1967-10-18,8.3
1967-10-19,11.4
1967-10-20,14.4
1967-10-21,15.1
1967-10-22,10.4
1967-10-23,4.0
1967-10-24,1.1
1967-10-25,0.0
1967-10-26,3.5
1967-10-27,0.0
1967-10-28,0.1
1967-10-29,25.1
1967-10-30,4.1
1967-10-31,5.0
1967-11-01,1.1
1967-11-02,1.3
1967-11-03,0.0
1967-11-04,0.0
1967-11-05,2.0
1967-11-06,4.1
1967-11-07,0.2
1967-11-08,0.0
1967-11-09,0.0
1967-11-10,0.0
1967-11-11,0.0
1967-11-12,0.0
1967-11-13,21.0
1967-11-14,0.1
1967-11-15,1.0
1967-11-16,52.3
1967-11-17,27.2
1967-11-18,117.3
1967-11-19,2.1
1967-11-20,0.0
1967-11-21,0.0
1967-11-22,0.0
1967-11-23,0.8
1967-11-24,11.2
1967-11-25,0.4
1967-11-26,26.2
1967-11-27,16.4
1967-11-28,32.0
1967-11-29,62.0
1967-11-30,23.3
1967-12-01,0.0
1967-12-02,0.0
1967-12-03,62.0
1967-12-04,3.4
1967-12-05,0.0
1967-12-06,0.1
1967-12-07,0.0
1967-12-08,0.0
1967-12-09,30.2
1967-12-10,1.3
1967-12-11,4.2
1967-12-12,13.0
1967-12-13,5.4
1967-12-14,0.0
1967-12-15,0.0
1967-12-16,3.1
1967-12-17,37.3
1967-12-18,0.9
1967-12-19,15.0
1967-12-20,0.0
1967-12-21,3.0
1967-12-22,0.0
1967-12-23,12.3
1967-12-24,0.1
1967-12-25,0.0
1967-12-26,0.0
1967-12-27,0.1
1967-12-28,0.1
1967-12-29,1.0
1967-12-30,19.3
1967-12-31,30.1
1968-01-01,2.0
1968-01-02,4.1
1968-01-03,28.3
1968-01-04,0.0
1968-01-05,1.5
1968-01-06,0.3
1968-01-07,0.0
1968-01-08,0.1
1968-01-09,0.0
1968-01-10,0.0
1968-01-11,41.1
1968-01-12,0.0
1968-01-13,0.0
1968-01-14,16.0
1968-01-15,5.1
1968-01-16,13.2
1968-01-17,61.0
1968-01-18,1.4
1968-01-19,16.2
1968-01-20,0.0
1968-01-21,0.0
1968-01-22,29.0
1968-01-23,41.3
1968-01-24,0.1
1968-01-25,0.6
1968-01-26,0.0
1968-01-27,0.0
1968-01-28,0.0
1968-01-29,0.0
1968-01-30,0.0
1968-01-31,25.3
1968-02-01,13.0
1968-02-02,6.0
1968-02-03,13.0
1968-02-04,14.2
1968-02-05,0.0
1968-02-06,0.2
1968-02-07,0.0
1968-02-08,0.1
1968-02-09,0.0
1968-02-10,0.0
1968-02-11,0.0
1968-02-12,12.0
1968-02-13,0.0
1968-02-14,12.3
1968-02-15,0.0
1968-02-16,10.2
1968-02-17,8.1
1968-02-18,10.1
1968-02-19,0.0
1968-02-20,0.0
1968-02-21,8.1
1968-02-22,14.3
1968-02-23,0.0
1968-02-24,0.0
1968-02-25,0.0
1968-02-26,0.2
1968-02-27,0.0
1968-02-28,0.1
1968-02-29,0.0
1968-03-01,0.0
1968-03-02,0.2
1968-03-03,0.0
1968-03-04,0.1
1968-03-05,0.0
1968-03-06,1.2
1968-03-07,4.4
1968-03-08,14.4
1968-03-09,0.0
1968-03-10,0.0
1968-03-11,0.0
1968-03-12,16.2
1968-03-13,17.1
1968-03-14,14.2
1968-03-15,0.0
1968-03-16,21.0
1968-03-17,9.3
1968-03-18,1.0
1968-03-19,0.0
1968-03-20,0.0
1968-03-21,0.0
1968-03-22,32.2
1968-03-23,4.3
1968-03-24,24.3
1968-03-25,0.0
1968-03-26,0.0
1968-03-27,0.0
1968-03-28,20.2
1968-03-29,0.3
1968-03-30,0.0
1968-03-31,0.0
1968-04-01,0.4
1968-04-02,30.3
1968-04-03,20.2
1968-04-04,0.0
1968-04-05,2.2
1968-04-06,3.0
1968-04-07,0.0
1968-04-08,0.2
1968-04-09,0.0
1968-04-10,0.1
1968-04-11,0.0
1968-04-12,0.0
1968-04-13,0.0
1968-04-14,0.0
1968-04-15,0.0
1968-04-16,0.0
1968-04-17,0.0
1968-04-18,0.0
1968-04-19,0.0
1968-04-20,13.2
1968-04-21,21.2
1968-04-22,0.2
1968-04-23,0.0
1968-04-24,0.0
1968-04-25,0.0
1968-04-26,0.0
1968-04-27,0.0
1968-04-28,0.1
1968-04-29,0.0
1968-04-30,0.0
1968-05-01,0.0
1968-05-02,0.0
1968-05-03,0.0
1968-05-04,0.3
1968-05-05,0.0
1968-05-06,0.0
1968-05-07,0.0
1968-05-08,0.0
1968-05-09,0.0
1968-05-10,0.0
1968-05-11,0.0
1968-05-12,0.0
1968-05-13,0.0
1968-05-14,0.0
1968-05-15,11.0
1968-05-16,34.0
1968-05-17,0.0
1968-05-18,0.1
1968-05-19,0.1
1968-05-20,0.0
1968-05-21,0.0
1968-05-22,4.3
1968-05-23,0.4
1968-05-24,4.0
1968-05-25,4.3
1968-05-26,0.0
1968-05-27,0.0
1968-05-28,0.0
1968-05-29,3.5
1968-05-30,0.0
1968-05-31,0.3
1968-06-01,0.2
1968-06-02,0.0
1968-06-03,0.0
1968-06-04,0.4
1968-06-05,0.4
1968-06-06,0.2
1968-06-07,15.3
1968-06-08,3.4
1968-06-09,3.1
1968-06-10,0.3
1968-06-11,0.0
1968-06-12,0.0
1968-06-13,0.0
1968-06-14,0.0
1968-06-15,0.2
1968-06-16,11.0
1968-06-17,0.0
1968-06-18,0.0
1968-06-19,4.4
1968-06-20,5.2
1968-06-21,0.2
1968-06-22,0.2
1968-06-23,0.0
1968-06-24,0.0
1968-06-25,0.0
1968-06-26,0.0
1968-06-27,0.0
1968-06-28,0.0
1968-06-29,0.3
1968-06-30,0.0
1968-07-01,2.7
1968-07-02,2.2
1968-07-03,0.0
1968-07-04,0.0
1968-07-05,0.4
1968-07-06,0.0
1968-07-07,0.3
1968-07-08,1.4
1968-07-09,1.1
1968-07-10,45.0
1968-07-11,0.0
1968-07-12,0.0
1968-07-13,0.0
1968-07-14,0.0
1968-07-15,0.3
1968-07-16,0.3
1968-07-17,0.2
1968-07-18,0.2
1968-07-19,0.0
1968-07-20,0.0
1968-07-21,1.2
1968-07-22,0.4
1968-07-23,0.5
1968-07-24,0.3
1968-07-25,0.0
1968-07-26,0.0
1968-07-27,9.0
1968-07-28,0.1
1968-07-29,1.2
1968-07-30,0.2
1968-07-31,0.0
1968-08-01,0.0
1968-08-02,0.0
1968-08-03,0.1
1968-08-04,0.0
1968-08-05,0.1
1968-08-06,0.0
1968-08-07,0.0
1968-08-08,5.6
1968-08-09,19.3
1968-08-10,0.0
1968-08-11,0.0
1968-08-12,0.1
1968-08-13,0.0
1968-08-14,0.0
1968-08-15,0.0
1968-08-16,0.1
1968-08-17,0.0
1968-08-18,0.0
1968-08-19,0.0
1968-08-20,0.0
1968-08-21,0.0
1968-08-22,0.0
1968-08-23,0.0
1968-08-24,0.1
1968-08-25,0.0
1968-08-26,0.0
1968-08-27,4.2
1968-08-28,0.0
1968-08-29,0.0
1968-08-30,0.0
1968-08-31,31.4
1968-09-01,0.0
1968-09-02,0.0
1968-09-03,0.0
1968-09-04,0.0
1968-09-05,0.1
1968-09-06,0.2
1968-09-07,0.1
1968-09-08,0.0
1968-09-09,0.0
1968-09-10,0.3
1968-09-11,0.0
1968-09-12,4.3
1968-09-13,2.0
1968-09-14,52.0
1968-09-15,15.3
1968-09-16,1.3
1968-09-17,0.0
1968-09-18,0.0
1968-09-19,0.0
1968-09-20,6.3
1968-09-21,72.3
1968-09-22,0.4
1968-09-23,0.2
1968-09-24,0.0
1968-09-25,0.0
1968-09-26,1.1
1968-09-27,1.1
1968-09-28,0.0
1968-09-29,16.0
1968-09-30,0.0
1968-10-01,0.0
1968-10-02,0.0
1968-10-03,0.0
1968-10-04,0.0
1968-10-05,0.3
1968-10-06,0.2
1968-10-07,0.0
1968-10-08,0.0
1968-10-09,27.0
1968-10-10,2.0
1968-10-11,29.2
1968-10-12,47.2
1968-10-13,29.1
1968-10-14,3.0
1968-10-15,8.4
1968-10-16,0.0
1968-10-17,3.0
1968-10-18,14.3
1968-10-19,22.2
1968-10-20,0.0
1968-10-21,0.0
1968-10-22,0.0
1968-10-23,2.8
1968-10-24,3.1
1968-10-25,0.0
1968-10-26,0.0
1968-10-27,34.0
1968-10-28,2.0
1968-10-29,20.2
1968-10-30,28.0
1968-10-31,14.3
1968-11-01,1.3
1968-11-02,2.0
1968-11-03,0.3
1968-11-04,14.1
1968-11-05,1.1
1968-11-06,3.1
1968-11-07,21.3
1968-11-08,7.4
1968-11-09,6.1
1968-11-10,4.2
1968-11-11,18.1
1968-11-12,0.2
1968-11-13,0.0
1968-11-14,0.0
1968-11-15,0.0
1968-11-16,0.0
1968-11-17,0.0
1968-11-18,1.3
1968-11-19,0.0
1968-11-20,0.0
1968-11-21,12.2
1968-11-22,0.0
1968-11-23,0.1
1968-11-24,0.0
1968-11-25,0.0
1968-11-26,14.0
1968-11-27,0.0
1968-11-28,0.0
1968-11-29,20.2
1968-11-30,0.0
1968-12-01,14.1
1968-12-02,0.0
1968-12-03,1.3
1968-12-04,1.4
1968-12-05,0.0
1968-12-06,1.4
1968-12-07,1.1
1968-12-08,16.4
1968-12-09,8.1
1968-12-10,0.0
1968-12-11,0.1
1968-12-12,0.0
1968-12-13,0.0
1968-12-14,0.0
1968-12-15,0.0
1968-12-16,0.9
1968-12-17,0.0
1968-12-18,17.3
1968-12-19,5.0
1968-12-20,0.0
1968-12-21,3.0
1968-12-22,8.3
1968-12-23,8.0
1968-12-24,5.0
1968-12-25,43.1
1968-12-26,2.2
1968-12-27,0.0
1968-12-28,5.2
1968-12-29,0.4
1968-12-30,1.3
1968-12-31,3.1
